0,1,2,3,4,5,6,7,8,9,10,11,12,13,14,15,16,17,18,19,20,21,22
0,0,0,0,28672,51200,34816,34816,35840,35840,35840,22528,28672,516096,523776,8192,8192,8192,24576,24576,24576,8192,0
0,0,0,0,12288,63488,51200,51200,52224,52224,19456,18432,30720,130816,102400,4096,4096,4096,4096,12288,12288,12288,12288
0,0,0,0,7168,13824,16896,16896,16896,17408,31744,131008,4096,4096,4096,4096,4096,4096,4096,4096,4096,4096,0
0,0,0,0,0,15872,8704,25088,16896,16896,27648,14336,131008,12352,8192,8192,8192,8192,8192,8192,8192,8192,0
0,0,0,0,31744,17408,17408,17408,17408,17408,17408,19456,30208,523264,4096,4096,4096,4096,4096,4096,4096,12288,8192
0,0,0,15360,31744,50176,33792,33792,50176,50176,19456,19456,10240,131008,4096,4096,4096,4096,4096,4096,4096,12288,12288
0,0,0,0,61440,100352,66560,66560,99328,33792,33792,17408,27648,524032,7136,12288,8192,8192,8192,8192,8192,8192,8192
0,0,0,0,14336,52224,99328,99328,33792,33792,52224,30720,14336,524256,4096,4096,4096,4096,4096,4096,4096,4096,12288
0,0,0,0,12288,11264,17408,17408,17408,19456,30720,261120,524032,8192,8192,8192,8192,8192,8192,8192,8192,8192,8192
0,0,0,4096,30720,52224,33792,33792,33792,52224,30720,12288,262016,4224,4096,4096,12288,12288,12288,12288,12288,12288,12288
0,0,0,0,15360,25600,50176,50176,50176,19456,18432,65504,65504,4096,4096,4096,4096,4096,4096,4096,4096,12288,4096
0,0,0,0,2048,5120,9728,9728,9216,11264,10240,14336,130816,4096,4096,4096,4096,4096,4096,4096,4096,4096,0
0,0,32640,229472,393264,786456,524296,1572876,3145732,2097156,2104324,2112516,3160076,1048584,1048584,1572888,786480,262240,131264,65920,50944,31744,0
0,0,32704,245856,131120,262168,524296,524296,524300,524300,530444,530444,524300,786440,262152,262152,393232,131120,196704,98496,57728,16128,0
0,0,0,0,122880,474112,790272,1048768,1048640,1048640,1056832,1073216,1073216,1048640,1572928,524480,786560,393344,196992,66304,52736,30720,12288
0,0,0,0,131008,196704,262176,786464,1572896,1048608,3145776,2121776,2121776,2097200,2097184,2097184,2097248,3145792,1048768,786560,459520,126464,14336
0,0,3968,32752,98328,196616,131080,262152,786440,524300,531468,531468,530440,524296,786440,262160,262192,131104,196672,65920,130816,15360,0
0,0,16352,57360,98320,196632,393240,786456,524296,1048584,1060872,1060872,1060872,1576984,524304,524336,524320,786528,262208,393408,196992,106240,64512
0,0,0,16256,123104,458800,786448,1572888,1048584,3145736,3145736,3158024,1060872,1048584,1572872,524312,786480,262240,196800,115072,32512,2048,0
0,0,16128,258240,393312,524320,1572912,1048592,3145752,2097160,2097160,2109448,2109448,2097168,2097168,3145776,1048608,524384,262336,393600,197376,34304,31744
0,0,2016,32752,98328,393220,786438,1048578,1048578,1048578,1054726,1054726,1054724,1048580,1048588,1048584,1572880,524320,786528,393408,229760,64000,3584
0,0,0,0,131008,458848,786464,524320,1048624,1048592,3153936,2121744,2121744,6291472,6291488,2097248,2097344,1048704,1573120,787200,396800,261120,114688
0,0,0,1048320,1049024,1048672,2097200,2097168,2097168,2101264,2109456,2125840,2109456,1048624,1048608,1572960,524352,524480,786816,262912,394752,134144,210944
0,0,0,0,0,0,261120,394752,787200,524672,524480,540736,548928,532544,786496,262336,131456,196864,99840,35840,63488,24576,0
0,0,0,0,12288,261120,409344,1046720,3145824,2105328,8384528,4194320,4194416,8388560,4194336,6291488,2097600,4194272,1048960,525056,297984,440320,253952
0,0,0,0,0,31744,99072,524160,884800,1572976,1049584,2096688,2064416,1048608,1048800,2097120,2096192,1048704,1573120,527872,1047552,792576,421888
0,0,1984,32760,98332,524278,786434,1572867,2097151,3145729,2097153,4190239,4194303,2097154,3145730,4186118,1081340,1572872,786480,262112,122880,0,0
0,2016,15408,57356,131071,196609,393217,1048321,525311,786433,1015809,588801,526323,524319,1015814,654892,526328,1040432,556992,526080,522240,196608,0
0,0,0,0,0,65024,99072,262016,393408,262624,1048544,524320,524336,524304,1048560,720928,786880,263936,244736,122880,0,0,0
0,3968,32704,131056,491544,786440,1589240,2096140,3932164,3145788,3149812,3274756,2031620,1048588,1572920,532472,782352,458800,393248,164288,130816,61440,0
0,0,0,0,0,65472,229472,393248,1048560,524304,1572872,1044488,557048,524296,1048536,1048568,524320,786496,262336,524160,205568,60928,14336
0,0,0,8160,29688,130840,196616,196620,458744,262152,262156,524284,262156,262152,262168,524272,262192,262240,524224,261504,100096,64512,4096
0,0,8064,63584,131064,245772,393244,270334,1046530,524290,1048591,2097151,2096129,1572867,524290,786436,524280,131120,229568,65280,7168,0,0
0,0,0,32512,114880,524256,786456,1572876,2097148,1081348,1048582,1048578,4194302,1048582,1048580,1048588,2097144,1048624,1573056,1048448,1047552,516096,0
0,0,0,0,65528,98312,262136,393224,262152,1048572,526344,524296,524296,1048572,524304,524336,524384,524352,1048448,393984,198144,113664,28672
0,0,0,15872,58240,229568,918000,4194192,2097176,6291480,6291480,8388592,6291472,2097168,2097184,4194288,2097248,3145792,1048768,2089344,1048448,790016,407552
131040,221432,401676,791299,528897,1051649,1051649,1050625,1966081,1277959,1097757,1075185,1296323,1966202,1573918,531972,537352,811312,950624,459648,204288,126976,0
0,0,6144,130560,222080,402016,276016,791568,529424,793624,919608,1688040,1951624,2031864,1572888,1585160,536600,544816,839776,432320,237312,64512,0
0,0,65280,123872,222000,401928,270860,267292,793620,788580,1040580,549636,639996,983064,524296,524312,536592,538656,814272,313216,493312,216064,63488
0,3072,16256,25472,107456,204320,396304,262168,262168,458792,319688,274824,319992,229432,197128,198424,68912,105440,54784,30720,0,0,0
0,0,0,0,14336,126464,231296,429184,575680,553024,1057216,1966912,1281600,1609536,721088,786624,792768,407680,182528,231168,121856,61440,0
0,0,0,1024,65024,510912,809056,552992,1581280,1049520,1576464,1543960,1098184,1097784,1277976,1843208,1601584,1626208,563584,854784,396288,210944,122880
0,0,3840,31680,57952,107568,142384,268392,530824,525064,1017356,783236,573668,1019964,399372,269320,267288,275504,403040,156608,261632,0,0
0,0,3072,48896,115584,213696,419360,271408,797712,800792,790568,917704,1015944,286856,319740,492040,263944,265496,268656,397760,146944,258048,0
0,0,65408,255168,795680,531504,1574968,1048648,1573000,1966348,1245700,1278980,1447940,1581028,3145854,7356440,1105968,1679552,599936,457728,245760,65536,0
0,0,0,0,0,65280,231808,428224,841792,1593440,1077344,1597664,2032032,1147680,624608,721120,924768,406720,222592,116480,65024,14336,0
0,0,0,65408,122816,418144,794912,537104,1579536,1838128,1248760,1622808,554952,902136,458776,399384,145456,207968,83904,61184,63488,0,0
0,0,0,0,3840,14784,57712,246552,943624,538628,536606,786548,1032582,573692,1015820,917508,265228,398872,139824,156480,115072,65024,0
0,0,0,0,0,0,0,0,524224,1884272,3457048,2408456,3457036,1359876,1884164,819212,360456,393232,122912,32448,896,0,0
0,0,0,0,0,0,8176,32408,245768,409612,679940,1728516,1187852,1187864,1777712,516320,65408,0,0,0,0,0,0
0,0,0,0,0,0,0,65520,491548,2015238,1458179,2899969,2637825,6832129,7880707,3686406,3686412,1048568,131040,16384,0,0,0
0,0,0,0,0,0,8144,65528,499716,991236,1187846,2236418,6561794,4464646,6561796,3563528,1982520,508384,65280,0,0,0,0
0,0,0,0,0,0,0,0,65520,246168,2048008,1196040,1458184,1851400,802936,524224,180224,0,0,0,0,0,0
0,0,0,0,0,0,0,32704,115136,409696,278552,802828,802824,1327112,1359896,1343600,1016256,524032,0,0,0,0,0
0,0,0,0,0,0,2044,130876,204803,794627,1843203,3678210,4726786,4726790,4988932,3432460,2089080,458688,0,0,0,0,0
0,0,0,0,0,0,0,0,130816,467392,925808,1712156,1454086,1454082,1323010,1454108,1716472,995200,260096,0,0,0,0
0,0,0,0,0,0,0,0,262112,934012,1982478,3948546,3686402,3686406,1589276,803312,524160,0,0,0,0,0,0
0,0,0,0,0,0,0,32640,524272,1032216,1196060,3555334,2383874,2383874,3424268,1982712,524224,0,0,0,0,0,0
0,0,0,0,0,0,0,32736,516152,929804,1445894,2363394,2363394,1314818,1970178,405532,262128,16128,0,0,0,0,0
0,0,0,0,0,1952,32764,122892,475138,1720323,1458179,1327107,1327107,1327106,1982466,671758,442488,262112,0,0,0,0,0
0,57344,110592,71680,2048,2048,3072,3072,9728,13824,5632,7168,3072,3072,2304,19200,27136,14848,7680,3072,3072,0,0
6144,31744,50176,33792,1152,1408,5888,7680,3072,1056,1120,1216,1920,14080,7936,3840,512,512,512,0,0,0,0
0,0,0,0,0,0,24576,122880,73728,77824,12288,13824,48128,63488,28672,28672,12800,13824,46080,64512,30720,28672,12288
0,0,0,0,12288,30720,18432,51200,35328,18944,27648,14336,6144,2048,2176,10624,11008,11776,15360,6144,6144,0,0
0,0,0,15360,27648,50176,1024,1024,1408,5888,7680,3072,1024,1024,25664,13376,5312,7552,3584,1024,0,0,0
0,0,0,0,0,15360,13312,1024,1024,13440,5504,3840,3072,9408,13696,5888,3584,3072,1024,1024,0,0,0
0,0,0,0,0,30720,18432,2048,2432,11008,11776,11264,6144,2048,2048,2048,34816,18688,27392,11776,7168,2048,6144
0,0,0,0,0,12288,55296,2048,2048,2048,2048,2048,2048,3456,12032,7680,7360,27776,11520,7680,3072,0,0
0,0,0,0,32256,16896,49664,512,768,768,3008,3968,1856,832,832,5056,3008,3968,1920,768,0,0,0
0,0,0,0,0,0,24576,28672,36864,38912,2048,2048,2304,11008,11776,7168,2048,2048,26752,10624,11008,15872,4096
0,0,0,24576,20480,4096,4096,4096,4608,22016,29696,14336,4096,4480,4864,37376,54272,23552,30720,12288,4096,0,0
0,0,0,28672,20480,20480,4096,4352,4864,22016,31744,14336,14336,6336,6528,56064,24064,15360,14336,6144,2048,0,0
0,0,0,0,0,0,196608,98304,49920,16896,25600,11264,14336,12288,20480,38912,100352,67584,71680,110592,57344,0,0
0,0,0,0,24672,4288,2432,1792,1536,3584,6656,12800,8704,25088,16896,16896,25088,14848,3584,0,0,0,0
0,0,0,0,98688,33024,17920,25600,14336,4096,14336,26624,52224,33792,33792,33792,33792,33792,39936,28672,0,0,0
0,0,0,229376,49248,28864,6528,3584,3072,3072,5632,9728,26112,49664,33280,98816,98816,99840,35840,63488,28672,0,0
0,0,0,0,32768,16512,8448,5632,7168,14336,26624,51200,35840,35840,35840,35840,35840,55296,28672,0,0,0,0
0,0,0,0,65536,49536,25344,15360,6144,14336,27648,50176,99328,66560,67072,98816,33280,17920,15360,0,0,0,0
0,49152,28720,3168,1216,896,768,1792,3328,6400,4352,8576,8320,24704,24704,24704,24704,16256,3584,0,0,0,0
0,0,0,0,0,0,32,229472,57536,15104,3584,3584,4864,8448,16640,32896,32896,98432,32896,49536,30464,7168,0
0,0,98432,49280,25344,13824,7168,6144,15360,26112,16896,17152,16640,16640,16640,16640,17152,32256,12288,0,0,0,0
0,0,229408,57568,12672,7680,3072,7168,25088,49920,65792,196864,131200,131200,196736,98688,50944,31744,0,0,0,0,0
0,0,131072,98304,49152,8384,4480,6912,3584,7168,13824,25088,33280,99072,65792,66304,66304,34304,64512,12288,0,0,0
0,0,0,32784,57392,4192,2176,1280,1536,3584,12800,25088,16896,33280,33280,33280,34304,33792,63488,0,0,0,0
0,0,1024,7168,13312,17408,50176,17408,25600,13312,7168,1024,1024,512,512,512,512,512,512,512,512,1536,512
0,0,0,0,0,0,63488,67584,198656,133120,198656,100352,64512,7168,3072,3072,3072,3072,1024,1024,3072,3072,0
0,0,0,0,0,0,63488,67584,198656,198656,100352,63488,14336,2048,2048,2048,2048,2048,2048,2048,2048,2048,0
0,31744,50176,33792,33792,50176,25600,15360,3072,1024,1024,1024,1024,1024,1024,1024,1024,1024,1024,0,0,0,0
0,0,0,0,3072,7168,9216,9216,25600,25600,9728,7680,512,512,512,512,512,512,512,512,768,768,768
0,0,0,0,6144,10240,26624,26624,26624,26624,14336,6144,3072,3072,3072,1024,1024,1024,1024,1024,1024,1024,0
0,0,0,0,0,2048,14336,26624,18432,51200,51200,26624,14336,2048,2048,2048,2048,3072,3072,3072,3072,3072,3072
0,0,0,6144,14336,10240,11264,11264,11264,13312,7168,1024,1024,1024,1024,1024,1024,1024,1024,1024,1024,0,0
0,14336,30720,18432,18432,18432,18432,26624,15360,3072,3072,1024,1024,1024,1024,1024,1024,1024,1024,1024,0,0,0
0,0,0,0,14336,27648,19456,19456,17408,17408,13312,7168,1024,1024,1024,1024,1024,1024,1024,1024,1536,512,0
0,0,0,0,0,61440,104448,69632,69632,102400,61440,14336,6144,6144,2048,2048,2048,2048,2048,2048,2048,2048,2048
0,0,0,0,0,0,15360,58368,33792,33792,50176,25600,15360,3072,3072,3072,2048,2048,2048,2048,2048,2048,0
0,0,0,0,0,0,0,0,4128768,2359294,3145732,3145732,1048580,786460,491760,32512,0,0,0,0,0,0,0
0,0,0,0,0,0,0,0,0,4080,524280,1572960,1573056,525056,493056,130048,0,0,0,0,0,0,0
0,0,0,0,0,0,0,0,0,4161550,3211262,1048582,524300,508024,32704,0,0,0,0,0,0,0,0
0,0,0,0,0,0,0,0,1,16383,2096131,1572894,524400,983488,261632,0,0,0,0,0,0,0,0
0,0,0,0,0,0,0,0,0,4186142,3178494,3145740,1048624,1573824,1048064,0,0,0,0,0,0,0,0
0,0,0,0,0,0,0,0,0,4194302,1048580,3145740,3145736,1048624,1572960,917888,261888,61440,0,0,0,0,0
0,0,0,0,0,0,0,0,2,4194174,2101244,2097156,3145740,3145840,1839040,261120,0,0,0,0,0,0,0
0,0,0,0,0,0,0,0,0,2097151,1114106,1048590,1048600,1574880,1048320,0,0,0,0,0,0,0,0
0,0,0,0,0,0,0,0,0,4193406,4194302,1048584,1572888,786480,197600,130560,0,0,0,0,0,0,0
0,0,0,0,0,0,0,0,2,126,4194300,3145736,3145784,1048800,1573760,1048064,0,0,0,0,0,0,0
0,0,0,0,0,0,0,2,3,2097151,1572867,524291,524290,786446,491768,131008,0,0,0,0,0,0,0
0,0,0,0,0,0,0,0,0,2031624,1310716,1048584,1048600,1572896,787392,261632,0,0,0,0,0,0,0
0,0,0,0,0,0,0,524280,983052,524296,524296,524296,524296,524296,917512,1015816,248,0,0,0,0,0,0
0,0,0,0,0,0,0,1048560,524304,524304,1048592,1048592,1048592,1048592,1048592,1048592,1048592,2065392,0,0,0,0,0
0,0,0,0,0,0,2097136,1048638,1048578,1048578,1048578,1048578,1048578,1048578,1048578,1048582,1048580,2081020,0,0,0,0,0
0,0,0,0,0,0,1046528,540670,524350,524294,524292,524292,524292,524292,524292,524292,524292,524300,1032200,56,0,0,0
0,0,0,0,0,2097144,4194296,3145736,3145736,3145736,3145736,2097160,2097160,2097160,2097160,2064888,56,0,0,0,0,0,0
0,0,0,0,0,0,4194176,2098172,2097156,2097156,2097156,2097156,2097156,3145732,4132740,786684,28,0,0,0,0,0,0
0,0,0,0,0,0,2096896,4194300,3145732,3145732,3145732,2097156,2097156,2097156,2097156,2327548,4129276,0,0,0,0,0,0
0,0,0,0,0,30720,2088956,1048580,1048580,1048588,1048584,1048584,1048584,3145736,2097160,2097160,4063992,197376,0,0,0,0,0
0,0,0,0,0,0,1046528,1576958,1572868,524292,524300,524296,524300,524300,524300,1032204,786668,248,0,0,0,0,0
0,0,0,0,0,0,0,2096640,2101244,2097158,2097156,2097156,2097164,2097164,2097160,4064248,231360,0,0,0,0,0,0
0,0,0,0,0,0,4194296,6291468,6291468,6291460,6291460,6291460,6291460,6291460,6291460,6291460,2097404,2490496,4063232,0,0,0,0
0,0,0,0,0,2097024,2097151,1048579,1048579,1048578,1048578,1048578,1048578,1048578,1048578,1048578,2031814,491646,0,0,0,0,0
0,0,0,0,12288,293984,294112,289856,411328,254848,58624,40192,39168,514544,235744,34944,34944,116864,247936,158144,16192,11328,64
0,0,0,0,6144,15360,27648,293936,320048,181216,249728,63744,45312,844032,504800,45312,37632,38400,46080,261888,457088,262272,384
0,0,0,0,16264,287368,286664,422360,185328,235104,40000,104516,1022076,104512,102464,39104,231552,248000,190912,409440,262176,262144,0
7680,8960,26000,24336,815504,516576,41600,111744,72834,71934,465088,460992,67712,68032,101216,232480,187440,454672,393232,393232,131120,0,0
0,0,14336,2108928,3162880,1638176,836400,444384,255360,108800,80128,70136,2036096,70016,72064,203136,494528,821824,1629248,3176544,32,32,0
0,0,0,16384,63488,64576,2215104,2196672,2297024,3350400,964096,287232,287488,1860592,942848,287488,287488,402176,403328,926912,601152,579648,553024
0,0,0,0,0,24704,28800,149888,97664,124160,30208,24320,22832,84416,2083200,18560,18560,18560,59776,125824,208448,146496,139360
0,0,0,3840,6272,143552,146624,130888,58584,18416,246592,246336,33388,50232,17952,49696,107040,79456,204000,135072,48,0,0
0,14336,27648,50176,1179160,1279920,1967072,1033600,158848,137344,200832,2035952,102528,36992,53440,512496,291088,278296,2056,0,0,0,0
0,0,0,7712,12832,212752,78608,124320,64704,47232,1034480,35068,34944,59520,59616,112816,202896,135056,16,16,0,0,0
0,0,0,0,126976,203776,146432,457824,2295616,3280832,2038528,831744,286976,811264,540928,3686908,803072,286976,418048,139520,205536,371744,849952
0,0,0,0,0,7168,32280,33552,1703696,639920,1041632,470208,79960,78072,1044544,77888,69696,69696,69824,497984,843360,556064,1572896
0,0,0,0,32,394848,656992,659168,1772208,1251984,1118864,1160088,1090440,3203336,2113536,2097152,2097152,0,0,0,0,0,0
0,0,0,0,0,200704,471168,373184,913728,577856,580416,1104480,1104416,1100320,1100320,3198496,3165216,3148832,2080,32,0,0,0
0,0,0,0,0,0,393216,405760,684416,744320,1788544,1133248,1150528,3247200,3244064,32,48,0,0,0,0,0,0
0,0,0,0,0,0,0,102400,233856,440704,306048,830400,584256,1624640,1101408,3181616,33824,32768,0,0,0,0,0
0,0,0,0,0,256,384,267136,791232,932416,670272,1722912,1199648,1199632,3329552,3376664,3376648,98316,98308,65536,0,0,0
0,0,0,0,0,0,131072,196608,463040,473280,862528,600384,616768,1657184,1134432,1164832,1148464,3180048,2130432,2130432,2097152,0,0
0,0,0,0,131104,393312,921696,733408,751776,1657008,1132976,1165584,3247376,2196752,2131720,2131464,6293004,1540,516,0,0,0,0
0,0,0,0,0,0,0,397504,407744,403680,682400,674080,675120,1197328,1197328,3376904,2195976,2195980,65540,0,0,0,0
0,0,0,0,1836032,1444992,1182912,1187264,3348320,2167584,2175776,2171680,2204464,2138896,2155280,2146328,16384,0,0,0,0,0,0
0,0,0,0,0,1024,199808,462208,859520,628160,1611584,1095488,1091136,3204640,3171872,3170352,24592,0,0,0,0,0,0
0,0,0,0,0,0,200704,211008,206944,354528,347296,871584,607408,1672592,1148176,3245840,2196240,776,512,0,0,0,0
0,0,0,0,0,0,131072,329920,334144,859488,606048,632352,1680928,1107488,3196464,2147344,6291456,4194304,0,0,0,0,0
