0,1,2,3,4,5,6,7,8,9,10,11,12,13,14,15,16,17,18,19,20,21,22,23,24,25,26,27,28,29,30,31,32,33,34,35,36,37,38,39,40,41,42,43,44,45,46,47,48,49,50,51,52,53,54,55,56
0,0,0,0,0,0,0,0,0,0,16106127360,137170518016,1099243192320,1092934959104,963012198400,963012198400,963012198400,962542436352,962542436352,962542436352,962542436352,962542436352,962542436352,962542436352,962542436352,1031261913088,481506099200,482042970112,248973885440,274609471488,136902082560,66571993088,32212254720,140735340871680,140737484161024,140737486258176,17177772032,15032385536,15032385536,15032385536,15032385536,30064771072,30064771072,30064771072,30064771072,30064771072,133143986176,133143986176,133143986176,133143986176,64424509440,64424509440,64424509440,30064771072,25769803776,0,0
0,0,0,0,0,0,0,0,0,0,0,68182605824,274609471488,549621596160,481975861248,481975861248,481506099200,481506099200,481506099200,481506099200,481506099200,481506099200,481506099200,481506099200,515865837568,240987930624,240987930624,241524801536,241457692672,244678918144,137170518016,136903655424,68182081536,4398045986816,8796091973632,4397509640192,7516192768,7516192768,7516192768,7516192768,7516192768,7516192768,7516192768,7516192768,7516192768,7516192768,33285996544,33285996544,33285996544,33285996544,33285996544,33285996544,33285996544,32212254720,15032385536,15032385536,15032385536
0,0,0,0,0,0,0,0,0,0,4160749568,8556380160,17163091968,67905781760,64487424000,128878379008,257727397888,240547528704,240547528704,240547528704,240581083136,240576888832,120317804544,120376524800,131248160768,68685922304,68652367872,34225651712,8796092956672,8796092956672,4398046380032,7516192768,7516192768,7516192768,7516192768,7516192768,7516192768,7516192768,7516192768,7516192768,7516192768,7516192768,7516192768,7516192768,7516192768,7516192768,7516192768,8053063680,3758096384,3758096384,3758096384,3758096384,3758096384,3221225472,0,0,0
0,0,0,0,0,0,0,0,0,0,0,0,4278190080,17171480576,34351349760,32275169280,64453869568,60158902272,60158902272,128878379008,120288444416,120288444416,120288444416,120321998848,120384913408,120519131136,60649635840,66538438656,34225520640,1666178875392,2199023190016,2199023222784,1099511595008,16106192896,15032385536,15032385536,15032385536,15032385536,15032385536,15032385536,15032385536,15032385536,15032385536,15032385536,15032385536,15032385536,15032385536,15032385536,15032385536,32212254720,66571993088,32212254720,32212254720,32212254720,15032385536,0,0
0,0,0,0,0,0,0,0,0,0,34292629504,68685922304,137422176256,120376524800,120376524800,240635609088,240635609088,240635609088,240635609088,240635609088,240635609088,240635609088,240635609088,240769826816,240753049600,240753049600,240753049600,241021485056,259778412544,137304735744,137195683840,68715282432,70368739983360,70368710623232,70367670435840,7516192768,7516192768,7516192768,7516192768,7516192768,7516192768,7516192768,7516192768,7516192768,7516192768,7516192768,7516192768,7516192768,7516192768,7516192768,7516192768,33285996544,66571993088,32212254720,32212254720,32212254720,15032385536
0,0,0,0,0,0,0,0,17112760320,68685922304,137405399040,257932918784,240753049600,515513516032,481153777664,481153777664,481153777664,481153777664,481153777664,481153777664,481271218176,481271218176,481271218176,515630956544,240753049600,241021485056,258167799808,120728846336,120728846336,129318780928,65431142400,34225520640,8796090925056,8796092956672,8796092989440,8057192448,7516192768,7516192768,7516192768,7516192768,7516192768,7516192768,7516192768,7516192768,7516192768,7516192768,7516192768,7516192768,7516192768,7516192768,7516192768,16106127360,15032385536,15032385536,15032385536,32212254720,32212254720
0,0,0,0,0,0,0,0,0,135291469824,549218942976,1099243192320,2134464528384,4124108128256,3849297330176,3848794013696,3848525578240,3848542355456,3848408137728,3848408137728,4123286044672,1924262789120,1924262789120,2061701742592,962190114816,1030909591552,481153777664,515647733760,257932918784,120493965312,60364423168,67041755136,34292629504,70368743653376,140737488338944,70368744169472,8054104064,16106127360,16106127360,32212254720,30064771072,30064771072,30064771072,30064771072,30064771072,30064771072,30064771072,30064771072,30064771072,30064771072,30064771072,30064771072,30064771072,30064771072,30064771072,30064771072,30064771072
0,0,0,0,0,0,0,0,0,0,0,137304735744,549688705024,2198956146688,2130807095296,1924380229632,1924380229632,1924380229632,1924380229632,1924380229632,1924380229632,2061819183104,962307555328,962307555328,1031027032064,481539653632,515865837568,258704670720,130862284800,68451041280,33822867456,140737488093184,281474976702464,281474976702464,7516708864,7516192768,7516192768,7516192768,7516192768,7516192768,7516192768,7516192768,7516192768,7516192768,7516192768,7516192768,7516192768,7516192768,7516192768,7516192768,7516192768,7516192768,7516192768,7516192768,16106127360,16106127360,16106127360
0,0,0,0,0,0,0,0,0,0,7516192768,16911433728,34292629504,66504884224,129352335360,129083899904,120493965312,120493965312,120493965312,120493965312,120493965312,120493965312,120762400768,121265717248,122339459072,133009768448,68451041280,68182605824,70368677068800,70368743129088,140737487831040,35216650403840,30064771072,30064771072,30064771072,30064771072,30064771072,30064771072,30064771072,30064771072,30064771072,32212254720,15032385536,15032385536,15032385536,15032385536,15032385536,15032385536,15032385536,15032385536,15032385536,15032385536,15032385536,15032385536,32212254720,32212254720,32212254720
0,0,0,0,0,0,0,0,1610612736,16911433728,137304735744,274810798080,533045706752,1031295467520,2061819183104,1924380229632,1924380229632,1924380229632,1924380229632,1924380229632,962307555328,962307555328,481539653632,516402708480,258637561856,130862284800,135023034368,68451041280,33822867456,8796059467776,17592185782272,17592185978880,7549681664,7517110272,7516192768,7516192768,7516192768,7516192768,7516192768,16106127360,15032385536,15032385536,15032385536,15032385536,15032385536,15032385536,15032385536,15032385536,15032385536,15032385536,15032385536,15032385536,15032385536,15032385536,15032385536,15032385536,15032385536
0,0,0,0,0,0,0,0,0,0,17045651456,68652367872,137405399040,266539630592,257815478272,240635609088,515513516032,481153777664,481153777664,481153777664,481153777664,481271218176,481539653632,240987930624,240987930624,258637561856,130862284800,137170518016,2199023251456,2199023253504,2199023251456,3758096384,3758096384,3758096384,3758096384,3758096384,3758096384,3758096384,3758096384,3758096384,3758096384,8053063680,7516192768,7516192768,7516192768,7516192768,7516192768,7516192768,7516192768,7516192768,7516192768,7516192768,16106127360,16106127360,16106127360,7516192768,7516192768
0,0,0,0,0,0,0,0,0,0,402653184,2080374784,4261412864,8573157376,16231956480,32270974976,30123491328,30123491328,30190600192,30182211584,30182211584,30299652096,30568087552,30534533120,31071404032,32078036992,34091302912,16911433728,16911433728,4398045986816,4398045986816,2199022731264,3758096384,3758096384,3758096384,3758096384,3758096384,3758096384,3758096384,3758096384,3758096384,3758096384,3758096384,3758096384,3758096384,3758096384,3758096384,3758096384,3758096384,3758096384,3758096384,8053063680,8053063680,8053063680,3221225472,0,0
0,0,0,0,17177772032,137438691328,549755781120,2190435409920,8658654588928,34634616338432,68169720937472,131941395348480,123145302318592,263882790670080,527765581334272,1055531162666880,985162418488192,2111062325330368,4222124650660320,8444249301319904,7881299347898608,16888498602639472,15762598695796848,15762598830014576,15762599702429808,15762600776171632,15762602923655280,15762607218622688,15762615808557280,15762615808557536,15762615808557504,15762615741448640,7881313843413440,7881299347898816,7881299347899328,8444249301320576,3940649673951104,4222124650661632,2111062325333760,985162418490880,1055531162672128,527765581347840,246290604652544,123145302437888,131941395587072,65970698174464,32985349849088,16492676448256,8246341140480,4123184857088,2130369839104,1082598096896,549747425280,137405399040,34091302912,0,0
0,0,0,0,534773760,34359672832,1099511611392,8795560337408,17557826433024,16492674447360,32985348847616,65970697681920,131941395340288,263882790669824,527765581336320,492581209245440,1055531162666880,985162418488192,985162418488256,1970324836975040,1970324836975040,1970324836975040,1970324836975040,1970324836975040,1970325642281408,1970326850240960,1970328997724608,2111070781047232,985170874204608,985166579237312,1055533041713600,492581209244096,492581209244096,492581209244096,527765581333376,246290604622720,246290604622720,263882790667136,123145302312832,123145302312704,131941395336960,61572651163136,65970697673728,30786325593088,32985348864000,15393162850304,16492674539520,8521215361024,4260608049152,2164665548800,541169942528,274810535936,68718428160,17177772032,1040187392,0,0
0,0,0,0,0,0,0,0,0,0,1090921693184,8793945538560,35183298347008,140204845301760,554158151172096,1108308793491456,2181431203594240,4222124658982912,3940649676013568,8444249301549056,7881299348127744,7881299348127744,7881299348127744,7881299348127744,7881299348127744,7881299348127744,7881325117931520,7881363772637184,7881432492113920,7881432492113920,7881432492113920,8444382445535232,3940675443982336,3940649674178560,4222124650889216,1970324837203968,2111062325559296,985162418978816,1055531163123712,492581209702400,527765582315520,263882791583744,123145303228416,131941397299200,65970699501568,32985352765440,16492678086656,8246353461248,4123234664448,2061850640384,2130832261120,533616132096,274743689216,137170518016,68182605824,16106127360,0
0,0,0,0,0,0,0,0,0,17179803648,1099511595008,4398046494720,8778913267712,34634616389632,68169721044992,272678883745792,263882790723584,527765581393920,1055531162693632,985162418515968,2111062325358592,4222124650674176,3940649673963520,8444249301334016,7881299347912704,16888498602653696,15762602990778368,15762665267804160,15762733987280896,33777132496762880,31525330535593984,31525261816117248,31525197391607808,31525197391607808,31525197391607808,31525197391607808,31525197391622144,31525197391622144,31525197391622144,31525197391654912,33776997205336064,15762598695919616,15762598695911424,15762598696042496,7881299348127744,8444249301778432,4222124651642880,2111062326247424,1090715536719872,554153864331264,279275986747392,70246470778880,17590302801920,2197395865600,274810798080,34225520640,16911433728
0,0,0,0,0,0,8589803520,68719468544,274877904896,545461108224,2164663533312,4260607561472,8246337210112,16492674418560,32985348834176,32985348834176,65970697667520,131941395333568,123145302311360,263882790666688,246290604622272,527765581332928,492581209244096,492581209244096,985162418487744,985166646346176,985170974867904,985170974867904,985170974867904,985170941313472,985170941313472,985166579237312,985164297536384,492581209244544,492581209244544,492581209245440,527765581334272,246290604625664,263882790669824,123145302318592,123145302318080,131941395348480,61572651186176,65970697728000,30786325700608,32985349079040,15393163280384,7696583426048,8246341271552,4123185119232,2181909446656,1099509530624,274869518336,17112760320,0,0,0
0,0,0,0,469762048,8589926400,34359736320,137304734720,545460861952,2181843394048,4329327037952,8521215118848,16492674420224,32985348836864,65970697670144,131941395336960,123145302312704,263882790668032,527765581334272,1055531162666752,985162418489088,1970324836976384,1970324836976384,1970324836976384,3940653968918272,3940682959947520,3940683496818432,3940683496818432,3940683496818432,3940683496818432,4222141293659904,1970341479974656,1970332890042112,1970328058203648,1970324836978176,1970324836981760,1970324836989952,985162418501632,985162418501632,1055531162695680,492581209272320,492581209305088,492581209300992,527765581455360,246290604736512,246290604867584,263882790895616,131941395824640,61572652138496,65970699632640,32985352765440,16494825570304,17049954287616,4337915920384,2199021158400,1099503239168,135291469824
0,0,0,0,0,0,0,4293918720,34359476224,549755748352,2196877852672,8778913406976,34909494308864,69269232580608,277076930214912,545357767384576,1090715534757376,2111062325333504,4222124650661632,3940649673950976,3940649673950976,7881299347900160,7881299347900288,16888498602640256,15762598695797632,15762598695797632,15762598695797632,15762606211990400,16888515245638528,7881333170766720,7881332633895808,7881314380284800,8444255743771520,3940649673950080,3940649673951104,4222124650661632,1970324836976384,1970324836978432,2111062325333504,985162418494976,1055531162680320,527765581363200,246290604683264,263882790789120,131941395578880,68169721413632,34634617257984,17523470630912,4380870574080,1096835137536,137437904896,34357641216,8585740288,1879048192,0,0,0
0,0,0,0,0,1072693248,137438691328,4398046380032,17591650189312,70231305732096,136339442089984,272678883811328,527765581393920,1055531162693632,2111062325360640,1970324836989952,4222124650667008,3940649673956352,8444249301327360,7881299347901952,7881299347900160,15762598695798528,15762598695798656,15762598695797632,15762598695797632,15762598695797632,15762598695797632,33777003647730560,31525230677590912,31525265037329280,31525265574201216,31525230677591808,31525197391597312,33776997205282304,15762598695804416,15762598695803904,15762598695803904,15762598695812096,7881299347912704,8444249301350400,3940649673977856,4222124650721280,2111062325452800,1055531162787840,1055531163172864,527765582348288,263882791649280,131941397299200,65970701598720,34084868325376,17042445959168,8521246572544,4260737581056,1033199681536,549739036672,274810798080,68585259008
0,0,0,0,0,0,536866816,68719474688,274877905920,1098974764800,4363686776704,17454747092928,69269232550848,138538465100256,554153860399344,1090715534753912,2181431069507644,4222124650659868,8444249301319708,7881299347898396,7881299347898396,7881299347898396,7881299347898396,7881299347898424,7881299347898424,7881299347898424,7881303374430264,7881307669397560,8444257622818936,7881307669397616,7881307669397616,7881303374430320,7881300153204960,7881299347898592,8444249301320160,3940649673949632,3940649673950144,3940649673950080,3940649673951104,3940649673953024,1970324836978176,1970324836989952,1970324837006336,2111062325360640,985162418548736,1055531162787840,527765581578240,263882791157760,136339442827264,69269234515968,34909498114048,8761741148160,2197965242368,274842255360,68715282432,2139095040,1040187392
0,0,0,0,0,0,0,0,0,68718952448,2199023222784,17592186028032,35150013390848,69269232607232,131941395394560,263882790694912,527765581361152,1055531162695680,985162418501632,1970324836988928,1970324836988928,3940649673963520,3940649673964544,8444249301326848,7881299347905536,16888498602646528,15762611580705792,33777027270056960,31525263963593728,31525332683070464,67554127554550784,63050527927180800,63050394783194112,63050394783194112,63050394783202304,63050394783217664,63050394783248384,67553994410684416,31525197391716352,31525197391839232,15762598696288256,15762598696255488,7881299348881408,7881299349864448,3940649677881344,4222124654329856,2111062333194240,1055531178393600,527765612789760,263882855677952,131941525356544,136356613324800,68513284751360,35184304979968,17575006175232,4363686772736,962072674304
0,0,0,0,0,0,70368710623232,281474968322048,1125899905794048,2216615508180992,4222124658982912,8444249303400448,7881299348938752,7881299348021248,16888498602700800,15762598695827456,15762598695811072,15762598695803904,15762598695803904,31525197391600640,31525197391600640,31525197391600640,31525197391600640,31525198465342464,31525205444664320,31525231214468096,31525265574206464,31525265574206464,33777065387891712,15762666341538816,15762666341538816,15762631981800448,16888498602654720,7881299347912704,7881299347912704,8444249301348352,3940649673977856,4222124650721280,1970324837031936,1970324837097472,985162418601984,985162418733056,1055531163156480,492581210226688,492581210226688,492581213306880,246290612748288,246290612486144,263882823172096,123145367322624,131941525356544,61572911202304,65971217760256,30787332210688,15395176054784,16509585850368,8262980206592
0,0,0,0,0,0,0,0,0,0,0,0,0,0,257698037760,4397778075648,17592169267200,70111037751296,138538729340928,272678915145728,246290620350464,527765589196800,492581213175808,1055531166728192,985162420453376,985162419470336,1970324837433344,1970324837466112,1970376376811520,1970457981206528,1970457981075456,1970457981075456,2111195469430784,985226843111424,985162418601984,492581209358336,527765581578240,246290605113344,263882791124992,131941396316160,65970699632640,30786329509888,32985352503296,16492690669568,8246369714176,3848355708928,4123298627584,2061844348928,1031295467520,1069379747840,549621596160,549487378432,272730423296,128849018880,0,0,0
0,0,0,0,0,0,0,0,0,0,0,136365211648,4397912293376,17592169267200,70232374771712,138538732486656,281474976579584,1125899906777088,2251799681531904,4362862139260928,8725724278153216,16888498602700800,33776997222053888,67554003000489984,72057594037926912,144115188059085824,135107984526154752,126100789566381056,126100789566381056,126100789566381056,126100789566438912,144106391991221760,144115188075854848,144115188075830272,126118381748238336,126100789566388224,126100789566404608,135107988821143552,63050394783248384,63050394783244288,67553994410680320,33776997205270528,18014398509473792,18014398509473792,7881299349864448,8444249305251840,4222124658524160,2111062357835776,1055531227676672,492581473484800,529690246774784,265809049944064,133869701431296,67911754448896,35183298347008,17590038560768,8778913153024
0,0,0,0,0,0,0,0,0,0,0,0,68585259008,274861129728,1099509530624,2164930904064,8658687098880,34635689754624,140737488224256,281474976645120,554153324019712,1056080918724608,985162418610176,1970324837039616,1970324837498368,4222124659047936,3940649808164864,3940666853570560,4503599623190528,4503599560275968,4503582447515648,3940649673979904,3940649673977856,3940649673977856,3940649673977856,3940649674465280,3940649676038144,3940649690718208,4503599627165696,4503599625396224,4503599610839040,3940649674440704,3940649674407936,1970324837957632,1970324841037824,1970324845101056,1970324852703232,1970324901986304,2111063394877440,1125899898454016,1125899890065408,1125899873288192,1055533243039744,527774037049344,246410326835200,264156594831360,140733193388032
0,0,0,0,0,0,536866816,34359737856,274877906880,2198486392800,4380866642400,17454747095024,35184372088696,140737488354872,281474976708668,527765581332508,1055531162664990,2111062325329934,4222124650659855,4503599627370495,9007199254740991,9007199254740991,7881299347898375,15762598695796743,15762598695796743,15762598695796743,15762598695796743,15762598695796743,18014397435748350,36028797018963966,18014398509481982,15762600843276302,15762598695796750,15762598695796764,15762598695796764,15762598695796796,15762598695796792,18013298997854264,18014394214514800,9007199252644336,8446448324575200,3940658263883712,4222124654854080,2111062325331840,1055531162668800,545357767392768,272678883752960,138607184574464,35184372080640,8796092989440,4389456576512,541165879296,128849018880,0,0,0,0
0,0,16646144,134201344,1073737728,8581676032,34292645632,136365219776,270582941664,1099509531128,2199023251580,8796093022206,17042432327679,34084860465151,65970697666567,131941395333127,280375465082887,562948879679495,510173394239495,493680720870919,1055532236406783,985162420584447,985162418488319,1090715534753799,1121501860331527,1125350151028743,1055496802926599,993957437767687,986261913337863,985196777963527,985164565968910,985162452041710,985162418749438,985162418491390,985162418487324,1123700883587128,1125865547104376,1125899772625136,989560460812768,985231137963968,985162686922624,985162422681344,1121501860363776,1125891316972544,1125899840253952,989560464982016,985171008356352,985162552573952,1055531430051840,536563813449728,281474909601792,140737219919872,140735340871680,17042430230528,1099511627776,0,0
0,0,0,0,0,0,0,0,0,0,0,0,68685922304,549747425280,1099509530624,2164729577472,4123184857088,8796092760064,17592185913344,17592185913344,32985349816320,65970698158080,131941395562496,263882794852352,527782761193472,562949953413120,562949950332928,562932773613568,492581209272320,492581209274368,492581209257984,492581209259008,492581209250816,492581209283584,492585504201728,528865092959232,562949953402880,562945658482688,526666069766144,492581209497600,492581211324416,246290612977664,263882823958528,131941931155456,65971767214080,33277373054976,17523198132224,8795019280384,4389456576512,1065151889408,68719476736,0,0,0,0,0,0
0,0,0,267911168,17179803648,137438920704,549622112256,2192580803584,4398046510080,17592186043904,35183298354944,139363098824448,272678883690368,527765581333376,1055531162668928,2111063264853888,4223224162287552,3949445766970816,9007199187632576,9006649498927552,8998403161719008,7881299347898592,7881299347899360,7881299347914720,7881299352092640,7881299616333536,7881307937824992,7881574221611232,7890095306703072,8022032541286624,9007061815787744,8998403161719264,8866461766386112,3940649673949632,3940649673951680,4222124650667904,1970324837498752,1970324904083328,985171008419584,985299857182464,1056630607187456,562945658461696,562881233951744,280925220912128,123145302341632,131941395394560,61984968142848,66451734257664,33466393542656,16973979123712,8731668250624,4363682578432,2198754820096,1097364144128,120259084288,0,0
0,0,0,0,0,0,0,0,0,0,0,0,34359476224,549755748352,4398046478336,8778913660928,34634616397824,68169720983552,136339441905664,281474708305920,281474976708608,501377302264832,492581746105344,985162418490880,985162418490880,2111062325331712,2111062325331712,2249600790431616,1125898833101696,1125899906842496,987361441742720,985163492228992,985162418488192,985162418488192,985162418489216,985162418491136,1125899906842112,1125899906842368,1125899906842112,1055531162695680,492581209305088,492581209305088,492581209366528,492581209489408,527765581824000,246290605604864,140737488224256,140737488224256,70368743915520,33015421468672,16522754916352,8551344898048,4396029050880,2197404254208,549722259456,17112760320,16642998272
0,0,0,0,0,0,1966080,268402688,4294950912,17179078656,137304800768,548145200640,1099511627264,4398046506752,8658385635072,7696581396224,16492674418432,32985348835200,34634616275936,70368744177632,65970697666528,62122406969216,131941395334080,123145302311360,123145302311360,123145302311360,263882790666688,281474976710592,281474976710592,281474976710592,246290604622272,246290604622272,246290604622784,246290604622720,246290604623744,246290604623616,246290604650240,281474976710144,281474976710144,281474976709632,246290604637184,246290604652544,263882790727680,123145302433792,134140418834432,69269266071552,70368744112128,35184371957760,16492648988672,16492707446784,8246470377472,4123701280768,2183974092800,1099444518912,549487378432,16106127360,0
0,0,0,0,0,536608768,4294901760,68719460352,274609725440,1097364273152,4367981739520,8796093021952,17592186032000,35180077122496,69269232550368,61572651155936,123145302376432,123145310699504,246292752105336,528315337113656,562949945032760,1125898833100828,1055256284758044,2111062325329948,1970324836974606,3940649673949198,3940649673981951,3940649678143487,4503599627370495,4503599627345927,4503599625273351,1970324836974607,1970324836974606,1970324836974606,2111062325329950,985162418487324,1055531162665020,492581209243768,527765581332720,246290873057248,281474976710592,140737488355200,140737219935744,65970697731072,16492674543616,17042431270912,8675842293760,2196909195264,1099511103488,274873712640,8556380160,0,0,0,0,0,0
0,0,0,0,0,0,0,17178820608,274877382656,1099511365632,4380868673536,17454748123136,34634616528896,140737488353280,277076930198528,549755813887488,1055531162672896,2111062325331840,1970324836975552,3940649673949632,4503187310510048,9007199254740960,9007199254740976,7881711664758896,7881299347898480,7881299347898488,7881299347898424,7881299347898424,7881299347898424,9007199254740988,18014398509481980,18014398509481976,7881299347898424,7881299347898480,7881299347898480,7881299347898608,7881299347898592,7881299347898848,3940649673949632,9007199254739904,4503599627370368,4503599627370240,3940649673965056,1970324837006336,1970324837103616,1970324837490688,1970324841152512,2111062342041600,1125899906580480,1125899904745472,562949945032704,527834267254784,278175904956416,140733193388032,70300024700928,17042430230528,0
0,0,0,0,0,0,0,0,0,34359737856,549755813632,2199023255424,4363686773632,8521215116160,17042430231424,35184372088704,70368744177536,70368744177536,131941395334016,123145302311808,263882790667136,272678883689344,560750930166656,527765581332416,510173395288032,494780232499136,1055531162665408,985162418487744,985162418487744,985162418487744,985162418488192,1970324836975488,2250700302059392,2251799813685216,2251799813685216,1972523860230112,1970324836981760,1970324836981760,1970324836988928,1970324837005312,1970324837036032,2111062325452800,985162418733056,985162418995200,1125899906809856,562949953355776,562949953159168,263882798530560,136339457572864,68169785933824,34084990484480,8246597255168,4262721486848,2147416539136,549487378432,273804165120,64424509440
0,0,0,0,0,0,0,1056964608,17175674880,137437904896,273837195264,1090929950720,4329329065984,17454748123136,69269232803840,558551907040768,1108582598704640,4503599627369984,18014398509420032,36028659580014080,33776997205280512,67553994410559232,63050394783188736,63050394783188736,63050394783188736,63050394783188736,67553994410561024,72057594037927424,72057594037927424,72057594037927424,63050394783194112,63050394783194112,63050394783194112,63050394783201280,67553994410571776,31525197391607808,31525197391625216,36028797018963456,36028797018963456,36028797018961920,15762598695854080,15762598695919616,15762598695911424,15762598696042496,7881299348127744,7881299348389888,7881299348881408,8444249302237184,4503591039401984,4503599627108352,2251799813160960,985171008159744,492581477154816,527766646685696,263887052079104,131958440984576,68306086133760
549755748352,4398046502912,17587893173248,34763467259648,68234147282880,61604867344352,131956435583480,263898912522364,527773112205374,1055539247185934,985166205943815,2111066414776327,1970328922226695,3940651678826499,3940650730913795,8444250341507075,7881300388085763,7881299817660417,8444249703972865,8866461766385665,8972014882652161,9002801208229895,8161674812981263,7916208842080319,7890026721444095,7883464011416575,8444790467264487,3940782826323847,3940782885043207,3941745159012367,3945030808961038,3975765594992654,4503049938664462,2249600790495004,2216615441604508,2111062442778620,1970325097029624,1970325369652208,2111064435065072,985170888884704,985179077215168,985195711825792,1055595594522368,492847505096192,493113788922880,542024876683264,279138518687744,281200102965248,140187749187584,139638110683136,68170792566784,70093857882112,35184304979968,4396972769280,962072674304,0,0
0,0,0,0,0,0,68585259008,1099478073344,4398042316800,17558093692928,34754942205952,33114264895488,66035182977024,131971519340544,123177573412864,123160393447424,263890432703488,246298238262272,527773751843840,492585219001856,492585202224640,1055535155645952,1055535390526976,1090717615130368,1108309801174784,2247403847565056,2039595009179392,2005234734333696,1979052214707968,2042858311714560,2218780171962112,2251662441809664,2251524969326336,2250700302581504,2216615441661696,1970324836982528,1970337721878272,1970357049231104,1970358122972928,1970358122972928,1970393019584256,985226306129408,985295025618432,1055792618814464,492829780506624,528289030533120,247329718525952,264853185347584,134011303165952,70102196027392,34638441218048,8796091973632,4398042316800,549722259456,0,0,0
0,0,0,0,0,4293918720,1099511365632,4398046478336,8791814823936,8306483001344,16552818670592,33045493071616,30850764771072,66000793896832,131971489465280,123177577480688,123160393417200,123161534268400,246298238257088,246298909347776,246294866042816,246292718566848,492583289649632,492582014611680,562400197861600,562932774060256,562945662616032,493678590034368,492645666783680,493122441183680,1057713039602112,1002685893443520,1125625031032768,1123700883595200,1117103813821376,1055531162665856,1055531162665856,985162418489216,985162418491136,985168860941824,985169934687744,985179061500928,985179329951744,985194496585728,985193490149376,492641842610176,492710310936576,246548436746240,264398253588480,132972220514304,68101032902656,35047065255936,17437827268608,17438087315456,8791730946048,2198889037824,549487378432
0,0,0,0,4288413696,17179607040,68719214592,133177016320,266304487424,541174202368,1095233404928,2093828530176,8537921155072,17050877622272,34089138665472,68171834866688,131942435528192,123145772076544,123145302314880,123145302312832,123145302314880,131941395341184,138538465116032,140187732605824,140668769006528,127526169207232,124236224496064,123280595812800,123177518629312,123280601907648,123415893624256,133023735480256,63702955982784,65833258745792,34909494182784,34634645635968,32985413846912,15393227802368,16492807587584,7696840396544,7697088388608,8246810917888,3849301522432,4125198643200,2065677926400,1034817634304,519682654208,274844352512,137371844608,34091302912,0,0,0,0,0,0,0
0,0,0,0,0,0,0,0,0,0,0,68585259008,549722259456,2199019061248,8727640932352,17317576310784,34909737189376,138263824039936,274740938735616,546389029748736,493063185563648,985679828320256,2111324050128896,1970461739286528,1970392482938880,1970358123986944,1970324841136128,2216615458340864,2243003753922560,2249600922779648,2005235396739072,1987781698224128,1972457280077824,1972387494723584,1974448542416896,2128104763916288,1054431652052992,1123700883816448,545357767868416,1090717145825280,1090719561744384,263891112624128,123162214662144,132008908816384,61844177551360,31328501760000,34050978349056,17455266136064,8521481453568,3917274415104,4367964962816,2181776277504,1099243192320,272730423296,51539607552,0,0
0,0,0,0,0,0,0,0,67108864,234881024,68702699520,2199021158400,35184371957760,140669809000448,139055878602752,264125188128768,528027037589504,492705226481664,985298783760384,985230064349184,1970391409489920,1970389263579136,1970350610921472,4222124667189248,3940649740016640,4362862403264000,8972015402749440,9002802273586688,8162499982526208,7916415268816640,7885663043028736,7881831924885376,7881557046197120,7882364499820416,7885628674948992,7916346281041792,8021487080440704,8158376278098816,8989637133469568,8936897082560256,4362998504242944,4222252425969152,3940914888308736,4222647563182080,1971359388254208,2113127669760000,989427060834304,1064054407299072,536012991234048,280376536727552,138538993582080,136341555773440,68178243747840,34101771894784,17453673349120,4393751543808,2194728288256
0,0,0,0,0,132120576,1073217536,107373920256,137388556288,136934555648,547671498752,1090980540416,4393877403648,8551397342208,17072746675200,33018064436736,65986199879168,131958508220160,263891246630656,527769608881920,1055535191230336,985164305793920,985162434741120,985162450994112,985162481402304,1117103939649984,1125865677128128,1055529081242048,1090713420562880,492853947990464,493122376155584,494745873019328,496841816866240,509902275493824,280379491622848,279280114205632,272683044438464,263887018525568,246294832481152,246294866036608,123153053386496,123153053388288,123161525886464,123160452152320,123177640425472,61602841882624,61637202010112,61632845692928,66580616511488,35167728828416,17592184995840,8796076244992,4397778075648,0,0,0,0
0,0,0,0,0,0,2130706432,8585740288,996430315520,1097397174272,1090938208256,4363703418880,8761765756928,17300158136320,33105637400576,66091015532544,66030953068544,132001642330112,263947466849280,246320904281088,527798263356416,492597248269824,492597181156864,492598254903040,492589530775296,492589530775296,527773634525056,545360988857216,558551907419008,561850442253184,527490704409472,501342943445888,529947425637248,246556894561152,246355031228384,246836067565552,250684357214192,281440616973184,140462623032192,136339473302400,123145367323520,123145569698688,123145829745536,123145812971392,123146312630016,123147319311872,123149332639744,61580708405248,61588774027264,61587750518784,66003982614528,33019700183040,35184338534400,17591649173504,8787503087616,0,0
0,0,0,0,4278190080,137437904896,1099511365632,8794012581888,35107181150208,140252274745344,277107112534016,527798045306880,1055547772139520,985170941328384,2111066553204224,1970326850272768,4222124650725120,3940649674073984,3940649674195840,8444249301812096,8444249302303616,8866461768352192,8989607072629184,9002801216094656,8160575317082560,7915384239816928,7889545748021472,7885422642331872,7889820814672096,7951393717485792,8021488087072992,8153982392336608,8972019177357536,8936834805526752,8725725351772128,8444249301581808,16888498602647544,34902931471863792,70931951829131008,71495185250401792,21956139105156096,3942771387920384,3942771388047360,1974478071382016,2119338744020992,1063260090400768,1107225387991040,560819641253888,279825642160128,70367670435840,17523466567680,17557826306048,8727373545472,3298534883328,0,0,0
0,0,0,0,0,0,0,0,0,0,0,0,68652367872,1099510579200,4398046248960,8762806894592,35116594102272,68651697700864,136821418164224,264365840760832,528248496947200,1056048438034432,2111306601709568,1970573408329728,4222372685078528,3940786039218176,3940784965541888,3940784965939200,4433295308746752,4494833601179648,4501400608075776,4080837414369280,3957966997829632,4226385290737664,1972455205779456,1972455274723328,1974585578731520,1002204915824640,1019247279468544,1123701286498304,554155940896768,263887052324864,131949952221184,65987592814592,33018753253376,16559365816320,8375311794176,8779046846464,4380932702208,1065216901120,1091185934336,549751619584,68694310912,17045651456,0,0,0
0,0,0,0,0,0,0,0,549755551744,2199023190016,4398046478336,8486857441280,34342562545664,68298573733888,136403874279424,263912862806016,527795661846528,1055546209744896,2111078462929920,1970332919405568,4222128471677952,4362866224274944,2216617580699136,2234208684637696,2249601847655936,2039595078254080,1987642623250176,1974654583179008,1972506711820032,985710089733888,1055666517051136,493128884676352,494771709673216,250619965210368,281200098819840,280375465084672,279275953456896,123146912925440,131945421868800,61580972662272,65987743333376,33001387882496,15425844867072,16557602365440,7825682317312,8366724186112,4380933718016,2164797603840,2156609404928,1099503239168,1099377410048,549218942976,32212254720,0,0,0,0
0,0,0,0,0,0,0,0,0,0,66060288,2147221504,17179738112,34294693888,136369397760,541169807360,2181847120896,4380874522112,17437582958336,69329427105664,277137189766016,545418425402304,1090777778225600,985231070855648,985196509790432,985196241355248,985178524622832,985162418552816,1108307721059952,1124800397308016,1125625033097328,1020329614899312,987344266067568,986244751294448,1059894849441776,510035956336624,527215825518832,560750930165984,272678883688672,246290839503072,263883847631296,123147433017792,123149588890560,61580762947456,61588816019200,61587742293504,66002939344896,30850779570176,33049788268544,16621540179968,8778921476096,4365330808832,2199022206976,549753716736,34342961152,0,0
0,0,0,0,0,0,0,0,0,0,0,0,0,0,0,0,0,0,0,8795019280384,70368744046592,562949953404928,1121985044148224,4486488477924352,8849350616710656,17135270243606272,16009370336757632,16009370336756608,16009370336756160,16009370336756160,17135270243598784,8128070988857792,8691020942278880,4187421314908384,4468896291619040,2217096477933792,2217096477933792,1091196571091424,1091746326905280,528727654007680,248352188925824,265806936016640,276802052296448,280375465090560,140462610463744,17540646467584,4397711028224,549751873536,68717363200,1073709056,134086656,32505856,0,0,0,0,0
0,0,0,0,0,0,0,0,0,0,0,0,0,0,1032192,1073737728,8589933568,34359639552,137430834944,1091727003392,8761733285760,17557826307008,69939247448512,279396212539840,558672165994976,1086377617785056,2141908780450016,2001171292094688,4252971105779936,3971496129069280,3971496129069536,3971496129070016,3971496129070976,3971496129072896,4252971105787392,2126515617676288,2233168245618688,560811059834880,281328948862976,70367678791680,17592185913344,274877382656,1069547520,0,0,0,0,0,0,0,0,0,0,0,0,0,0
0,0,0,0,0,0,0,0,0,0,0,0,0,0,0,0,0,68451041280,549755812864,4398046510976,70334652874688,562812514468848,1125831187366136,2197305268633720,4394129500930172,8510735395061820,8013481261400094,16026722004631567,34305003304779783,32018019119005703,32580969072427011,68539397347213315,64035797719842819,65161697626685443,65020977318199303,65020839879245839,65020839879245855,69524439506616444,33495642487652600,35888179789693424,17944150024389568,8936950769649536,2234327886733056,562949953420800,140737488354304,17592186040320,120259084288,120259084288,103079215104,0,0,0,0,0,0,0,0
0,0,0,0,0,0,0,0,0,0,0,0,0,0,0,0,34359737856,549755813760,2199023255488,8787503091648,34973918691808,140492675219680,562430262378720,1124830459986160,4378285366575216,8741147505590392,7912115738247224,16919314992988220,33838599921205276,67615597126483996,63182366243291164,63173570150268956,135231164188196924,126223964933455992,126223964933455992,135231164188197104,63173604510007776,69937795749118912,35034898636997504,17794625032949632,4494923793448704,2243123980008960,560871191345152,140720325246976,35184371957760,4398045462528,137422176256,0,0,0,0,0,0,0,0,0,0
0,0,0,0,0,0,0,0,0,0,0,0,0,0,0,0,0,0,0,1073737728,274877904896,2199023255040,8795564490496,70334392569600,281457798940416,2251370316957440,4485028188784384,8758829885949696,7912205932562176,7947390304651008,7942992258139904,8505942211561216,4002342584190720,4283817560901376,2243123979749120,1108427979915008,545615469608448,562949953419264,140737488338944,70368739983360,31301721653248,30992484007936,0,0,0,0,0,0,0,0,0,0,0,0,0,0,0
0,0,0,0,0,0,0,0,0,0,0,0,0,0,0,0,0,8589918208,68719460352,1099511611392,4393759866880,8778921508864,69939255828480,68289980133376,66090956815360,132061654433536,264003049758592,545478026463168,545478026461632,1090835793838528,1090835793838528,2216735700681664,4468535514366848,8690797603980160,8690780424110976,8128105348599680,8128070988865280,8128620744703488,8691501978745856,4501125726466048,2249325913554944,1125625037258752,281474976579584,140737487831040,17592181850112,0,0,0,0,0,0,0,0,0,0,0,0
0,0,0,0,0,0,0,0,0,0,0,0,0,0,0,1048544,2147483616,137438953440,2199022796784,8795019280636,35141422415932,139668041498654,277106994970638,545387832147982,2216645506367502,4433260947963918,8936860575334414,17381109876654094,70298405498257438,140104199722500124,135600600095129628,126593400840388668,108579002330906680,108579002330906680,108579002330906736,126593400840388720,135600634454868208,70052144958406880,35712266519183840,17997072611411904,4503170130771904,1125899906842368,140737488354304,62122406903808,0,0,0,0,0,0,0,0,0,0,0,0,0
0,0,0,0,0,0,0,0,0,0,0,0,0,0,0,0,0,0,0,549739036672,4398042316800,17592185520128,69849069780992,139668049854464,280407678377984,560765962811392,1086332520692736,2141863683309440,4288110380720096,4283712334204920,4002237357490428,7942887031439422,7942887031439374,7942887031439374,7942887031439374,7942887031439390,7942887031439484,7942887031439864,7942887031441392,8505836984876992,8510235031895808,4393663501171712,2247434113630208,562947805675520,281474972516352,70368677068800,66571993088,0,0,0,0,0,0,0,0,0,0
0,0,0,0,0,0,0,0,0,0,0,0,0,0,0,0,0,0,0,2199023124480,17592186028032,70368744173568,280615983513344,1123958581755888,2247522026266608,8928154676626424,8567514862715132,8145302397648924,8127710211604508,17381200070967324,16255300164124700,16255300164124728,16255300164124728,16255300164124728,8374000816226544,8936950769648624,8936950769655744,4433488581295872,2234448150002688,562949953417216,281474976645120,35184369991680,0,0,0,0,0,0,0,0,0,0,0,0,0,0,0
0,0,0,0,0,0,0,0,0,0,0,0,0,0,0,0,0,0,137438822400,2199023239168,17592186040320,281457796971520,562932773568000,1125745288027904,2128225014652800,4255230258585568,3971556258613232,8510340258070776,7942992258138168,15824231476494392,15824231476494392,33838629985976376,31586830172291128,31586830172291128,15824231476494456,16950191512879600,7942992258140144,8787417188335552,4494923794480896,2251782650591232,562949953388544,70368743653376,34351349760,0,0,0,0,0,0,0,0,0,0,0,0,0,0
0,0,0,0,0,0,0,0,0,0,0,0,0,0,0,0,0,0,137438945280,35184372088576,70368744177536,281421289635776,560765962553328,1086332520628720,2177048055382256,4283713407942776,17513028723408952,34964477279469596,33900150023782428,31648350210097180,31648350210097180,33900150023782428,17011651421143068,8004452166402076,4354073562185756,4499209097052188,2247409283366972,554169966526712,279290985842672,70126078656480,17587893174016,4398046509056,274877841408,8587837440,0,0,0,0,0,0,0,0,0,0,0,0,0
0,0,0,0,0,0,0,0,0,0,0,0,0,268197888,4294965248,17179869168,137305260016,1097364176880,8787503089632,35150012350968,139878494896252,562090959962142,1121742378500110,2247659465211918,4283817560899598,4002342584188942,4072711328366606,8004564909293582,8004564909293582,8004564909293582,8004564909293582,8004564909293582,8567514862714894,4063915235344398,4072711328366606,4283817560899614,2032155186167836,2172875494654076,1117344331989496,558792425080816,559067303002048,277557967060736,140668802432000,35184372072448,8796092760064,68685922304,0,0,0,0,0,0,0,0,0,0,0
0,0,0,541165879296,2196875771904,4396972769280,8537858113536,7704634458112,7700607926272,7698594660352,939524096,939524096,469762048,469762048,469762048,469762048,469762048,469762048,503316480,234881024,239075328,15281946624,15298723840,16372465664,7776239616,7776239616,4018143232,4278190080,4278190080,2113929216,2113929216,1006632960,469762048,471334912,471597056,473694208,477626368,477102080,103564705792,120760303616,129348141056,64923631616,32711376896,16638803968,8044675072,8581545984,4286578688,2130706432,1040187392,1006632960,1006632960,1006632960,1006632960,0,0,0,0
0,8455716864,34225520640,274810798080,545964163072,1065386770432,2061819183104,1924380229632,824868601856,252116992,118423552,119472128,119406592,121372672,125304832,3891265536,3890216960,4158652416,2143289344,1065353216,1065353216,520097792,251672576,117471232,117501952,117563392,117686272,117932032,118423552,119406592,127664128,64487161856,66634383360,67712319488,16709058560,4092592128,2079326208,1071644672,534773760,266338304,125829120,58720256,58720256,58720256,58720256,58720256,58720256,0,0,0,0,0,0,0,0,0,0
0,0,0,0,0,0,0,0,0,0,0,0,0,0,0,64424509440,270582939648,1097364144128,4344359419904,4275639943168,3863323082752,3863323082752,3863323082752,3863323082752,15032385536,15032385536,15032385536,15091105792,564914028544,1939437780992,2077136781312,978111692800,1047837802496,498081988608,532039073792,256624295936,272730423296,135291469824,135291469824,32212254720,15032385536,15061745664,15095300096,564914028544,1939295174656,2076868345856,977339940864,1046327853056,530898223104,256490078208,274743689216,137170518016,136902082560,67645734912,66571993088,32212254720,32212254720
0,0,0,0,0,0,0,0,0,0,16642998272,33822867456,34091302912,66303557632,130728067072,122138132480,259577085952,517275123712,482915385344,482915385344,414195908608,1891631104,1908408320,105021177856,122263961600,130979725312,66538438656,34292629504,34225520640,16911433728,8321499136,4026531840,1879048192,1879048192,1879048192,1879834624,1880883200,1880883200,27652784128,62016454656,62024318976,66335014912,31975276544,32006733824,34217132032,17163091968,17146314752,8522825728,8522825728,8455716864,4026531840,4026531840,805306368,0,0,0,0
0,0,0,0,0,0,0,2013265920,17112760320,68652367872,136834973696,266791288832,532810825728,481271218176,481271218176,137673834496,234881024,234881024,234881024,235798528,236912640,238944256,3463970816,4008706048,4024434688,4290772992,2139095040,1056964608,1056964608,503316480,234881024,234881024,234881024,234881024,234913792,60364537856,64659505152,66807119872,16341254144,16341499904,8288403456,3993960448,3997040640,2122055680,2146959360,1071644672,532676608,520093696,0,0,0,0,0,0,0,0,0
0,0,0,0,0,0,0,0,0,0,0,0,0,8522825728,17146314752,17146314752,251658240,117440512,117440512,117440512,117440512,117833728,13002801152,15150809088,16224485376,8174567424,4160487424,2012217344,1071644672,1056964608,520093696,117440512,25887473664,64542441472,32330678272,15151792128,16227500032,7637565440,3891789824,4159700992,2143289344,2130706432,1056964608,520093696,251658240,117440512,251658240,251658240,251658240,251658240,0,0,0,0,0,0,0
0,0,0,0,0,0,0,0,0,0,0,16106127360,68182605824,137170518016,268167020544,242397216768,208037478400,2013265920,939524096,939524096,941359104,947650560,956039168,26741833728,61134077952,65422753792,31130124288,33269219328,16039018496,17112760320,8455716864,8455716864,4160749568,939524096,939524096,939524096,939524096,939524096,939524096,939524096,138378477568,481975861248,516339269632,258645426176,121206472704,129804271616,61100523520,31134318592,33277607936,17163091968,17146314752,8455716864,2013265920,939524096,939524096,2013265920,2013265920
0,0,0,0,0,0,0,0,0,0,0,0,15032385536,33285996544,136902082560,270046068736,534454992896,208037478400,1879048192,2013265920,939524096,939524096,939524096,939524096,939524096,939524096,1006632960,469762048,469762048,469762048,469762048,471597056,473825280,473694208,477888512,4772593664,15534653440,15567159296,8048869376,8581545984,4278648832,21408186368,60600287232,64896237568,30538465280,32689881088,15518400512,17178820608,8587837440,4286578688,2113929216,134217728,0,0,0,0,0
0,0,0,0,0,0,0,0,0,17146314752,68702699520,137430564864,266346692608,257760952320,515425435648,481065697280,481065697280,14680064,14680064,14680064,14680064,14680064,14680064,14680064,15073280,15663104,955187200,1022230528,519962624,268173312,133988352,66174976,14794752,14794752,14794752,14794752,3236134912,8067973120,8068235264,4041670656,2028404736,955187200,955121664,1023279104,478019584,268173312,268173312,133169152,3145728,0,0,0,0,0,0,0,0
0,0,0,0,0,0,0,0,0,0,0,0,0,0,0,0,128849018880,135291469824,272730423296,531502202880,489089400832,484794433536,485062868992,414195908608,1879048192,2013265920,939524096,939524096,939524096,942669824,943194112,1014497280,485490688,9091153920,30597447680,32740737024,15552479232,16609443840,8556380160,4227858432,2080374784,1006632960,939524096,939524096,52479131648,129789329408,61070901248,31006130176,31008227328,31007965184,15988162560,16105078784,16104030208,17163091968,8522825728,8321499136,0
0,0,0,0,0,0,0,30064771072,135291469824,273804165120,265214230528,248034361344,248571232256,72477573120,3758096384,3758096384,3758096384,3758096384,3758096384,3758096384,3787456512,209979441152,519217086464,261581963264,132724555776,132841996288,68685922304,34292629504,34225520640,17045651456,16642998272,3758882816,3760062464,3762159616,3766222848,3773825024,553545367552,2065373855744,1034613161984,1034676076544,519271612416,244527923200,244511145984,261959450624,124486942720,133009768448,68451041280,34091302912,16642998272,16642998272,3758096384,0,0,0,0,0,0
0,0,0,0,0,0,0,33285996544,67645734912,136902082560,261456134144,519154171904,519154171904,519154171904,244276264960,3758096384,3758096384,3758096384,3761766400,3765960704,3774349312,209949032448,244339179520,244402094080,261707792384,133110431744,64357400576,68585259008,34091302912,33822867456,16911433728,8321499136,8321695744,1879539712,1880031232,1881079808,1883111424,414204035072,482931113984,517340135424,259707109376,130988113920,66538438656,32178700288,34292629504,17045651456,16911433728,8321499136,8321499136,4026531840,805306368,0,0,0,0,0,0
0,0,0,0,0,0,0,0,0,0,0,0,0,0,13194139533312,34084860461056,17042430230528,8521215115264,2061584302080,1030798442496,481043677184,240533897216,257729495040,120290541568,120321998848,60255371264,60381200384,60632858624,31071404032,32078036992,34091302912,16642998272,16106127360,67645734912,136365211648,274341036032,519154171904,1034818682880,963951722496,1926024396800,1926024396800,4125181870080,3849230221312,3850169745408,3850169745408,3850169745408,3852048793600,3856343760896,1940251475968,2196875771904,2194728288256,1090921693184,0,0,0,0,0
0,0,0,0,0,0,0,0,0,120259141632,133144043520,135291592704,33286242304,8053555200,4027514880,2017329152,1014759424,519569408,267386880,132120576,130023424,264241152,532676608,1035993088,2042626048,4055891968,8082423808,7545552896,16120807424,32226934784,30079451136,64439189504,60144222208,128863698944,120273764352,120273764352,120273764352,120273764352,120273764352,120290541568,128878379008,64453869568,32241614848,17175674880,8585740288,2139095040,0,0,0,0,0,0,0,0,0,0,0
0,0,0,0,0,0,0,0,0,1099511627776,3848291483648,4123172667392,2061588234240,1030800015360,515411804160,240549625856,257828061184,129109065728,60381200384,64927825920,33218887680,17045651456,16911433728,8053063680,16642998272,34091302912,68451041280,135157252096,129788542976,258704670720,515865837568,481506099200,481271218176,481271218176,962190114816,962190114816,962190114816,2061701742592,1924262789120,1924262789120,1924262789120,1924262789120,1924262789120,1924397006848,962575990784,964186603520,1073607606272,549487378432,273804165120,64424509440,0,0,0,0,0,0,0
0,0,0,0,0,0,4398046511104,16492674416640,17042430230528,8658654068736,2130303836160,532576071680,270583193600,135291977728,16645062656,8061321216,4177264640,2045771776,1069547520,528482304,251658240,503316480,1056964608,2130706432,4143972352,4143972352,8178892800,16164847616,32270974976,64483229696,128907739136,120317804544,257756758016,515454795776,481095057408,962131394560,962131394560,1924204068864,1924204068864,1924204068864,1924204068864,1924204068864,1924204068864,1924271177728,1924397006848,2062087618560,962575990784,1032872525824,549621596160,549487378432,136365211648,0,0,0,0,0,0
0,0,0,0,0,0,0,0,0,0,412316860416,1030792151040,515396468736,532576862208,128850984960,64432635904,32228507648,16172187648,8317304832,4286578688,2113929216,4227858432,8455716864,17045651456,34225520640,134083510272,266757734400,240987930624,515865837568,1031261913088,962542436352,962542436352,962542436352,962542436352,962542436352,962542436352,962542436352,962542436352,962542436352,962542436352,962542436352,962542436352,1031798784000,549621596160,549621596160,274341036032,0,0,0,0,0,0,0,0,0,0,0
0,0,0,0,0,0,0,0,0,0,7696581394432,8521215115264,8727374069760,2164665352192,541174005760,128882049024,64489521152,32476495872,16626221056,8556380160,4227858432,4026531840,17045651456,34225520640,33218887680,133613748224,266522853376,532810825728,1031027032064,2061701742592,4123286044672,3848408137728,3848408137728,3848408137728,3848349417472,3848349417472,4123227324416,1924204068864,1924204068864,1924204068864,962131394560,1030850871296,515454795776,266413801472,137430564864,68702699520,17112760320,0,0,0,0,0,0,0,0,0,0
0,824633720832,2130303778816,1065151889408,541165886464,136365218816,68451056640,8455780352,2114056192,520347648,252149760,126812160,60686336,62652416,33030144,32505856,31457280,65011712,132120576,266338304,267386880,1047527424,2087714816,4034396160,3761766400,8056733696,16109797376,15036317696,15034220544,30066606080,30066606080,64425426944,60130459648,60130459648,60130459648,60130459648,60130525184,60130000896,60130000896,60130000896,60130525184,64425426944,32216317952,34359476224,17179344896,4292870144,0,0,0,0,0,0,0,0,0,0,0
0,0,0,0,0,0,0,0,0,0,0,0,0,0,0,4096,30786325608448,34084860524544,35046933262336,4363687026688,1090922708992,272732454912,67653992448,16927686656,4193255424,1069547520,528482304,528482304,2143289344,2044723200,8336179200,16658726912,33293336576,66579857408,133147656192,266291642368,240522100736,515397910528,481038172160,962074509312,962074640384,2061585219584,1924146266112,1924146266112,1924146266112,1924146266112,2061586137088,1030793986048,1065155821568,541182132224,135323975680,68717379584,17171480576,4278190080,0,0,0
0,0,0,0,0,1649267441664,1924145807360,2130304237568,1065152872448,532580007936,128857145344,64440762368,32278315008,16236150784,8304721920,4261412864,4227858432,2013265920,4160749568,8522825728,16609443840,32447135744,64676167680,60255371264,128907739136,120321998848,240547528704,240549625856,240532848640,240532848640,240533897216,240525508608,240525508608,240526032896,240521838592,240521838592,120262754304,120262754304,120262754304,120262754304,120275337216,120325144576,129115357184,68711088128,68685922304,34091302912,0,0,0,0,0,0,0,0,0,0,0
0,0,0,0,15393162788864,17042430230528,17454747103232,4363686836224,1090922213376,270583980032,66576154624,33839382528,8354004992,4292870144,2139095040,1056964608,1040187392,4278190080,8438939648,33948696576,66630713344,270645854208,1082363215872,1030806831104,2061600030720,4123175944192,8246345072640,7696585064448,16492678086656,15393164623872,32985350668288,30786327412736,30786327543808,30786326495232,32985349750784,15393163706368,16492675334144,8246339043328,4123172536320,2061592166400,2164696023040,549753716736,274873712640,68702699520,0,0,0,0,0,0,0,0,0,0,0,0,0
0,0,0,0,0,13194139533312,32985348833280,17042430230528,8521215115264,4260607557632,1065151889408,532575944704,266288201728,64424738816,32213270528,16108158976,8057126912,3766222848,4059037696,2078277632,1069547520,520093696,1040187392,4261412864,8573157376,33940307968,67771564032,133202706432,266346692608,515425435648,1030821511168,962104131584,2061598982144,4123183284224,3848298037248,7696588734464,7696588734464,7696588734464,7696597123072,3848305377280,3848305377280,3848322154496,1924208263168,2061714325504,1031052197888,533632909312,274844352512,137304735744,33822867456,0,0,0,0,0,0,0,0
0,0,0,0,0,0,0,0,412316863488,1065151896576,541165894656,272730454016,33286123520,16643252224,4027039744,2014281728,1008599040,507248640,259522560,133169152,65011712,130023424,532676608,1069547520,4257218560,8350859264,33852227584,66601353216,64453869568,128878379008,257727397888,515425435648,481065697280,1030821511168,962102034432,2061613662208,1924174708736,1924174708736,1924174708736,1924208263168,1924204068864,2061710131200,962190114816,962324332544,1031295467520,549688705024,274743689216,136902082560,0,0,0,0,0,0,0,0,0
0,0,0,0,0,0,503316480,1056964608,8556380160,17146314752,34057748480,64659390464,129083899904,257932918784,515630956544,481271218176,481271218176,240769826816,240635609088,120376524800,128966459392,64541949952,32329695232,16760438784,17163091968,8573157376,1056964608,117440512,117440512,117440512,117440512,125829120,58720256,58720256,58720256,58720256,58720256,58720256,58720256,58720256,58720256,58720256,58720256,58720256,58720256,58720256,58720256,58720256,58720256,58720256,58720256,58720256,58720256,130023424,62914560,62914560,25165824
0,0,0,0,0,0,0,0,0,0,0,0,0,0,549688705024,1099444518912,2198956146688,4123638366208,8246806970368,7697051156480,16493144178688,32985818595328,30786795339776,30786795339776,32985818595328,32985818595328,16493144178688,8246806970368,4123638366208,2062054064128,1095686422528,549722259456,274861129728,8556380160,469762048,469762048,469762048,469762048,469762048,469762048,469762048,469762048,469762048,503316480,234881024,234881024,234881024,234881024,234881024,503316480,503316480,503316480,503316480,503316480,201326592,0,0
0,0,0,0,0,0,0,0,0,0,0,0,0,0,549218942976,1099243192320,2198754820096,4125047652352,8248216256512,7698594660352,16493613940736,15394102312960,15394102312960,16493613940736,8247276732416,8247276732416,4261547081728,2165603041280,1099377410048,274743689216,68585259008,939524096,939524096,939524096,939524096,939524096,939524096,939524096,939524096,939524096,939524096,939524096,939524096,939524096,939524096,939524096,939524096,939524096,939524096,939524096,939524096,939524096,939524096,402653184,0,0,0
0,67108864,68685922304,137405399040,274844352512,515630956544,1031027032064,962307555328,962307555328,962307555328,962324332544,1031027032064,481271218176,515630956544,240753049600,266522853376,135526350848,67880615936,17163091968,8573157376,2130706432,520093696,117440512,117440512,117440512,117440512,117440512,117440512,117440512,117440512,117440512,117440512,117440512,117440512,117440512,117440512,117440512,117440512,117440512,117440512,117440512,117440512,117440512,117440512,117440512,117440512,50331648,0,0,0,0,0,0,0,0,0,0
0,0,0,0,0,0,0,0,0,0,100663296,1056964608,4278190080,8573157376,16760438784,32329695232,30182211584,30182211584,64541949952,60246982656,60246982656,60246982656,60246982656,60246982656,60246982656,64483229696,33344716800,17104371712,8581545984,2139095040,461373440,58720256,58720256,58720256,58720256,58720256,58720256,58720256,62914560,29360128,29360128,29360128,29360128,29360128,29360128,29360128,29360128,14680064,14680064,14680064,14680064,14680064,14680064,14680064,15728640,15728640,15728640
0,0,0,0,0,0,0,0,0,0,4026531840,17045651456,34225520640,33151778816,65364033536,61069066240,61069066240,129788542976,61069066240,61069066240,61069066240,61069066240,61069066240,61069066240,65364033536,33151778816,17045651456,8522825728,2080374784,469762048,469762048,469762048,469762048,469762048,469762048,469762048,234881024,234881024,234881024,234881024,234881024,234881024,234881024,234881024,234881024,234881024,251658240,117440512,117440512,117440512,117440512,251658240,251658240,234881024,0,0,0
0,0,0,0,0,0,0,0,0,0,0,0,0,939524096,939524096,17045651456,34225520640,68585259008,61069066240,129788542976,121198608384,258637561856,241457692672,516335599616,481975861248,516335599616,241457692672,258637561856,134083510272,67511517184,34225520640,17045651456,4160749568,1006632960,469762048,469762048,469762048,469762048,469762048,469762048,469762048,469762048,469762048,469762048,469762048,469762048,469762048,469762048,469762048,469762048,469762048,469762048,1006632960,1006632960,1006632960,1006632960,469762048
0,0,0,0,0,0,0,0,4026531840,17045651456,17045651456,33218887680,30534533120,30534533120,30534533120,30534533120,30534533120,64894271488,30534533120,30568087552,30534533120,30568087552,32447135744,16341008384,17146314752,8556380160,1040187392,234881024,234881024,234881024,234881024,234881024,234881024,234881024,234881024,234881024,234881024,234881024,234881024,234881024,234881024,234881024,117440512,117440512,117440512,117440512,117440512,117440512,117440512,117440512,117440512,117440512,33554432,0,0,0,0
0,0,805306368,17045651456,34225520640,68585259008,61069066240,61069066240,121198608384,121198608384,258637561856,241457692672,241457692672,240987930624,241457692672,241457692672,258167799808,129318780928,64894271488,33755758592,17112760320,8522825728,2080374784,469762048,469762048,469762048,503316480,234881024,234881024,234881024,234881024,234881024,234881024,234881024,234881024,234881024,234881024,234881024,234881024,117440512,117440512,117440512,117440512,117440512,117440512,117440512,251658240,117440512,100663296,0,0,0,0,0,0,0,0
0,0,0,0,0,0,0,0,0,402653184,8522825728,17112760320,34292629504,64894271488,129318780928,258167799808,240987930624,240987930624,241021485056,240753049600,240753049600,120493965312,120493965312,120493965312,64659390464,66806874112,16877879296,8573157376,4278190080,520093696,117440512,117440512,117440512,117440512,117440512,117440512,117440512,117440512,117440512,117440512,117440512,117440512,117440512,117440512,117440512,117440512,117440512,117440512,117440512,125829120,58720256,58720256,58720256,58720256,16777216,0,0
0,0,0,0,0,0,0,0,0,0,0,0,136902082560,549218942976,1098974756864,2134330310656,4126926700544,8250095304704,7700339490816,7700339490816,7700339490816,7700339490816,3852048793600,4126926700544,1927903444992,2168421613568,1098974756864,274341036032,68451041280,1879048192,1879048192,1879048192,1879048192,1879048192,1879048192,1879048192,1879048192,1879048192,1879048192,1879048192,939524096,939524096,939524096,939524096,939524096,939524096,939524096,939524096,939524096,939524096,939524096,1006632960,939524096,939524096,939524096,939524096,2013265920
0,0,0,0,0,0,0,0,0,0,0,0,0,0,8573157376,17163091968,34342961152,133261426688,541283319808,1082449199104,1030909591552,962190114816,962190114816,962190114816,1031043809280,481271218176,515630956544,257932918784,270817820672,137136963584,34326183936,8556380160,234881024,503316480,469762048,469762048,469762048,469762048,469762048,469762048,469762048,469762048,469762048,469762048,469762048,469762048,469762048,469762048,469762048,469762048,469762048,469762048,469762048,469762048,469762048,0,0
0,0,0,0,0,0,0,0,0,0,0,0,0,0,0,0,0,0,0,15762598695796736,17979214137393152,18014329790005248,18014398509481968,15797783067885552,15762736134750192,15762598695796848,15762598695796848,16888498602639472,7881299347898608,7881299347898592,8444249301319904,3940649673949408,2111062325330912,2181431069515744,1117103813885888,281200099327488,70360158433280,8796092956672,274877382656,17177772032,0,0,0,0,0,0,0,0,0,0,0,0,0,0,0,0,0
0,0,0,0,0,0,0,0,0,0,0,0,0,0,0,0,0,0,0,0,0,0,7168,536869888,1099511627264,140737488355072,562949685051136,4503049871613952,4433230883438592,4222124650905600,4222124651675648,1970324839006208,2111062329262080,1055531178917888,1108307753304064,280375530094592,140737484161024,35184363700224,2198989701120,134217728,0,0,0,0,0,0,0,0,0,0,0,0,0,0,0,0,0
0,0,0,0,0,0,0,0,0,0,0,0,0,0,0,0,0,0,0,0,0,48,18012199486226488,18014329790005752,18014398509481976,15764797719052280,7881436786851384,8444249301319736,4222124650660088,1970324836975088,2111062325330912,1090715534755776,561850441809664,281457797103104,70368681262080,1099511619584,34359476224,130023424,0,0,0,0,0,0,0,0,0,0,0,0,0,0,0,0,0,0,0
0,0,0,0,0,0,0,0,0,0,0,0,0,0,0,0,0,0,0,3,3,3,65535,17179869183,140737488355327,4503599627304975,4503582447501375,4433230883193084,1970324836978680,1970324836990944,2111062325395200,985162418747392,1090715535794176,561850450149376,281440885276672,70368743129088,2199014866944,137304735744,0,0,0,0,0,0,0,0,0,0,0,0,0,0,0,0,0,0,0
0,0,0,0,0,0,0,0,0,0,0,0,0,0,0,0,0,0,0,0,0,12,3377699720529916,18014396362000380,18014398509481980,16888498602639356,15762602990763640,15762598695797232,15762598695798752,15762598695804864,16888498602671872,8444249301449728,4222124651704320,2111062342090752,2181435364343808,562949952372736,281474968322048,140735340871680,0,0,0,0,0,0,0,0,0,0,0,0,0,0,0,0,0,0,0
0,0,0,0,0,0,0,0,0,0,0,0,0,0,0,0,0,0,0,0,0,0,2251799813685248,9007199254740984,18014398509481976,9007199254740976,7881299347898592,7881299347898592,7881299347898848,7881299347899328,7881299347900352,7881299347902336,7881299347906304,7881299347914240,3940649674012672,4222124650917888,2111062325846016,1090715536818176,554153864462336,279275986747392,70096012705792,17592183947264,4398012956672,548682072064,0,0,0,0,0,0,0,0,0,0,0,0,0
0,0,0,0,0,0,0,0,0,0,0,0,0,0,0,0,0,0,0,0,24,28,18014364149743672,18014398507515900,18014398509481980,15762667415273464,15762598697828576,15762598695796960,15762598695796960,15762598695797216,15762598695797728,15762598695800768,16888498602655488,7881299348028928,8444249302366208,8972014949752832,4503599627304960,1125899906318336,70368677068800,0,0,0,0,0,0,0,0,0,0,0,0,0,0,0,0,0,0
0,0,0,0,0,0,0,0,0,0,0,0,0,0,0,0,0,0,0,0,0,0,3940649673949184,9007199254740990,9007199254740990,8444249301319678,7881299347898424,7881299347898488,7881299347898872,7881299347900384,7881299347902336,8444249301335808,3940649674210304,4362862206121984,2243004257525760,1125899906711552,140737421246464,17591917608960,0,0,0,0,0,0,0,0,0,0,0,0,0,0,0,0,0,0,0
0,0,0,0,0,0,0,0,0,0,0,0,0,0,0,0,0,0,0,0,0,0,13510798882111496,36028796985475068,36028797018963966,18014398509481980,16888498636128496,7881299347898848,8444249301321664,4222124650661760,2111062325333760,2181431069515264,1090715534769152,545357767391232,277076930328576,69269240934400,35150549213184,8796092891136,2199019061248,34091302912,0,0,0,0,0,0,0,0,0,0,0,0,0,0,0,0,0
0,0,0,0,0,0,0,0,0,0,0,0,0,0,0,0,0,0,0,0,12,30,28,6755399441186812,18014398509481976,18014398509481976,18014398509416944,15762598695797696,15762598695797696,15762598695800704,15762598695804672,15762598695828992,7881299348027392,8444249301839872,8444249305497600,4222124667371520,2181431203463168,1125358738866176,562949945032704,140737354137600,1095216660480,0,0,0,0,0,0,0,0,0,0,0,0,0,0,0,0
0,0,0,0,0,0,0,0,0,0,0,0,0,0,0,0,0,12,14,14,14,14,2251799813554302,2251799813685246,2251799813685246,1970324837105646,1970324836974606,1970324836974606,2111062325329934,985162418487310,985162418487326,985162418487356,492581209243900,527765581334520,554153860407264,280375465148288,70351572696064,8796093018112,2199023222784,34351349760,0,0,0,0,0,0,0,0,0,0,0,0,0,0,0,0,0
0,0,0,0,0,0,0,0,0,0,0,0,0,0,0,0,0,0,0,0,0,0,0,9005000231487424,9007199254740960,9007199254740960,7883498371153344,7881299347899328,7881299347899264,7881299347900160,7881299347902208,7881299347914240,3940649673980928,4222124650723328,4433230883315712,2216615449968640,558552041111552,140670916296704,70368735789056,8795958804480,135291469824,0,0,0,0,0,0,0,0,0,0,0,0,0,0,0,0
0,0,0,0,0,0,0,0,0,0,0,0,0,0,0,0,0,3489659904,281474976710400,1125899906842560,2251799679471552,2111062325330368,1970324836975040,1970324836975040,1970324836975040,1970324836975552,1970324836975488,1970324836975488,1970324836975488,1970324836975488,1970324836975488,1970324836975488,1970324836976384,1970324836976384,1970324836976384,2111062325331712,1125762467890944,1125831187367680,281337537758976,2096896,2096896,1048064,0,0,0,0,0,0,0,0,0,0,0,0,0,0,0
0,0,0,0,0,0,0,0,0,0,0,0,0,0,0,0,272678883688448,562949953404928,562949953419264,510173395287040,492581209275392,1055531162672128,2111062325337088,1970324836981760,1970324836981760,4222124650667008,3940649673956352,3940649673956352,3940649673952768,3940649673952768,3940649673952768,3940649673952768,3940649673952768,3940649673952768,3940649673952768,3940649673952768,3940649673952768,3940649673952768,3940649673952768,3940649673952768,3940649673952768,3940649680244224,4503324764159488,4503324766240256,4503324757851136,8384512,0,0,0,0,0,0,0,0,0,0,0
0,0,0,0,0,0,0,0,0,0,0,0,0,0,0,4503599627354112,9007199254740988,9007199254740990,7881299347931134,7881299347898382,7881299347898382,7881299347898382,7881299347898382,7881299347898382,7881299347898382,7881299347898382,7881299347898382,7881299347898382,7881299347898382,7881299347898396,7881299347898396,7881299347898396,7881299347898396,7881299347898396,7881299347898396,7881299347898396,7881299347898396,7881299347898428,7881299347898424,7881299347898488,7881299347898480,7881299347898608,7881299347906528,9007130536312800,9007164896050944,1125831187886080,0,0,0,0,0,0,0,0,0,0,0
0,0,0,0,0,0,0,0,0,0,0,0,0,0,0,562941363486720,562949936644096,562949953290240,492598389112824,492581242798076,492581209505788,1055531162665016,985162418487352,985162418487416,985162418487408,985162418487408,985162418487408,985162418487408,985162418487408,985162418487536,985162418487520,985162418487520,985162418487520,985162418487520,985162418487520,2111062325330144,985162418487520,985162418487520,985162418487520,985162418487520,1970324836974816,985162418487520,985162418487520,985162418487776,1055531162665408,1125865547105152,1125865547133824,140668768944000,65408,7936,0,0,0,0,0,0,0
0,0,0,0,0,0,0,0,0,0,0,0,0,2147483392,9007199254740864,18014398509481856,18014397435741056,15762598695797632,15762598695797632,15762598695797632,15762598695797632,15762598695797632,15762598695797632,15762598695797632,15762598695797632,15762598695797632,15762598695797632,15762598695797696,15762598695797184,15762598695797184,15762598695797184,15762598695797184,15762598695797184,31525197391593920,31525197391593920,31525197391593920,36028522141057472,18014123631575488,9006924381027776,4194240,4194240,3968,0,0,0,0,0,0,0,0,0,0,0,0,0,0,0
0,0,0,0,0,0,0,0,0,0,0,0,0,0,0,18014398501093376,18014398509481920,18014398509481952,15762598712573920,15762598695796960,15762598695796960,15762598695796960,15762598695796960,15762598695796960,15762598695796960,15762598695796960,15762598695796960,15762598695796960,15762598695796960,15762598695796960,15762598695796960,15762598695796960,15762598695796960,15762598695796960,15762598695796960,17467941498388704,9006650035732704,4502500384170208,1117103815917536,65504,8160,0,0,0,0,0,0,0,0,0,0,0,0,0,0,0,0
0,0,0,0,0,0,0,0,0,0,0,0,0,0,0,140840567570432,9007199254675456,18014398509481952,18014329790005232,15762598695862256,15762598695796848,15762598695796848,15762598695796848,15762598695796848,15762598695796848,15762598695796848,15762598695796848,15762598695796848,15762598695796848,15762598695796976,15762598695796960,15762598695796960,15762598695796960,15762598695796960,15762598695796960,15762598695796960,15762598695796960,15762598699991264,15780053459664864,18014261087305696,18014123639963616,18005602416459776,0,0,0,0,0,0,0,0,0,0,0,0,0,0,0
0,0,0,0,0,0,0,0,0,0,0,0,0,274341036032,35184367894528,4503599627370432,9007062889529312,8989607072890864,7881299347898592,7881299347898592,7881299347898848,7881299347898816,7881299347898816,7881299347898816,7881299347898816,7881299347898816,7881299347898816,7881299347899264,7881299347899264,7881299347899264,7881299347899264,7881299347899264,7881299347899264,15762598695797632,15762598695797632,33776997205279616,31525197391594368,31525197391594368,31525197391594432,33776997205279680,36024399032221632,18012199553335168,4502500182850560,7696647979008,25165824,0,0,0,0,0,0,0,0,0,0,0,0
0,0,0,0,0,0,0,0,0,0,0,0,0,0,0,1125899369971712,2251799780130816,2251799813685232,1970325910716408,1970324870529008,1970324836974704,1970324836974816,2111062325330144,985162418487776,985162418487744,985162418487744,985162418487744,985162418487744,985162418487744,985162418487744,985162418487744,985162418487744,985162418487744,985162418487744,985162418487744,985162418487744,985162418487744,985299857441216,1125831187366336,1125831187366336,1125831188283840,1055531163713472,524224,262080,0,0,0,0,0,0,0,0,0,0,0,0,0
0,0,0,0,0,0,0,0,0,0,0,0,0,0,0,0,1090715534753792,4503591037435904,9007199252643840,17768107904859904,34902914291990400,67553994548969440,63050394783187448,63050394783187196,63050394783187000,63050394783187064,63050394783187056,63050394783187056,31525197391593696,31525197391593696,31525197391593952,31525197391593920,31525197391593920,31525197391593920,31525197391593920,31525197391593920,34902897112122240,35993612646877056,18005602450014080,2251525204213632,70231573658624,8658905726976,0,0,0,0,0,0,0,0,0,0,0,0,0,0,0
0,0,0,0,0,0,0,0,0,0,0,0,0,0,17944029765304320,36028797018963840,36028797018963840,67694731898912704,63050394783187392,63050394783187392,63050394783187392,63050394783187424,63050394783187168,63050394783187168,63050394783187168,63050394783187168,63050394783187168,63050394783187056,63050394783187056,63050394783187056,63050394783187056,63050394783187056,63050394783187056,63050394783187056,63050394783187056,63050394783187056,63050394783187056,63050394783187056,63050394783187056,63050394783187056,63050394783449072,31525197392117744,31525197392117728,32646699252318208,36026597995708416,36026597995708416,17451448556060672,0,0,0,0,0,0,0,0,0,0
0,0,0,0,0,0,0,0,0,0,0,0,0,9007199254216704,9007199254740988,9007199254740991,7881299348946943,7881299347898375,7881299347898382,7881299347898382,7881299347898382,7881299347898382,7881299347898382,7881299347898396,7881299347898396,7881299347898396,7881299347898396,7881299347898396,7881299347898396,7881299347898396,7881299347898396,7881299347898396,7881299347898396,7881299347898396,7881299347898396,7881299347898396,7881299347898396,7881299347898396,7881299347898396,8866461766385724,4502500116660280,2251524936826872,281200099327992,1649267703800,0,0,0,0,0,0,0,0,0,0,0,0,0
0,0,0,0,0,0,0,0,0,0,6442450944,33822867456,68585381888,105690488365056,123275158478848,264019928145920,246565449228288,246565465866240,264150135717888,132207809380352,132199152582656,68427484954624,34342591922176,17583662956544,4393885237248,2197008941056,1080443273216,978421022720,970100047872,970062299136,970532061184,970532061184,18558287085568,70304053329408,70336265584128,35117533756416,963953557504,963953557504,963013115904,963013115904,963013115904,963013115904,1031732592640,4330267475968,17558766747648,35150952792064,33243988426752,30907526217728,30916122476544,26449364615168,68617994240,34357870592,34351579136,15015837696,229376,98304,0
0,0,0,0,0,0,0,0,0,0,268435456,4227858432,17112760320,34326183936,64659390464,129100677120,122389790720,266271195136,123402983603200,123694110244352,124240577707520,133032346418688,62088076721152,66486159269888,34016409403392,17558363111424,8779986370560,4391477182464,1094951895040,2129770577920,2094873968640,1956361273344,142728209367040,547348488388608,562844742975488,281352586911744,35061982294016,1939185590272,1940258816000,1931677270016,1931676221440,1931692998656,1931724455936,1931720261632,1931787370496,995476111360,995618717696,17488567861248,35132831432704,70351445819392,62122146398208,132215740301312,123418034569216,123145304145920,246290606456832,70368746012672,3932160
0,0,0,0,0,0,0,0,0,0,4294443264,211174951748480,246428043445120,246425897075584,246548436813696,264124382447360,123394410383104,132491085055744,132215744728832,66107071208960,31052093406208,33504534952960,35119474145280,17458631270400,4264617558016,1928138440704,1928406876160,1928373321728,2065745166432,2251735255076848,2251735120871408,1125629055598528,1928172009472,1928172126208,1927903674368,1927903674368,1927903674368,1927903674368,2065611325440,966099664896,963952181248,17525346598912,35116593119232,35116593119232,31268303470592,31319910219776,62120733409280,61847134519296,131975754280960,123149595310080,246291674200064,246290604621824,246290604621824,70368744177664,0,0,0
4261412864,17175674880,17178820608,32244760576,64432373760,60133212160,129113005056,122406312960,124553534464,422349652106240,527833235201024,545493062794240,279546540391424,70364457594880,35175798923264,4393784016896,2091712905216,1957558091776,1940504051712,4131742744576,3852519014400,3852519014648,3852451971068,3852451971064,3852451970944,3850170204160,140464489955328,140464489955328,69820867870720,3850304421888,3849230680064,3849231204352,3849232187392,3849234350080,4124116500480,4124124372992,8522219773952,17318377746432,34017197977600,67002546810880,67003603777536,62611966146560,62122272766976,62121333234688,61838939134976,61572651162624,61572651162624,61572651162624,61572651162624,61572651187200,61572651187200,26388279098368,15360,0,0,0,0
0,0,0,0,0,8321499136,17045651456,34326183936,6755464385658880,15762659089580032,15762727609827328,7881557194833920,8444498357022720,4222674387628032,2111612080125952,1056076756695040,528281009944576,264363859638272,133006613803008,69252186882048,35167452200960,17584107552768,2195205914624,4156394831872,3865344212992,3865205800960,3856615866368,3856347430912,3855815278336,280932745477888,9006657023507968,9006653260693504,8729576330756096,3852050628608,3852050628608,3852319064064,3850171580416,8248220188672,17044313341952,34911381553152,140464505683968,274604923256832,547283823460352,1056495143976960,2112095055495168,4222642185945088,8444799040471040,16888773413552128,15762736000655360,13510850421776384,57344,61440,28672,8192,0,0,0
0,0,0,0,0,0,0,0,0,136365211648,274743689216,549688705024,1065118334976,1030758793216,2195768705024,4505781974564864,15766962886344704,33781327002533888,31533718842048512,31533444232577024,31532895013634048,31541692180922368,33792392483962880,17486087332954112,8971885630455808,4499140510744576,1118150770819072,132471882514432,123415943970816,123278475657216,123278477754368,123205448368128,123205448605184,4486067587644928,8998463306464768,4494932398110720,132074553999360,123278460977152,123278460977152,123278460977152,123278460977152,123175381762048,131971489464320,131971492610048,131971526950912,277137193828352,277137179213824,279336335114240,543219109003264,509134517010432,500892440952832,989346723495936,989545298624512,987357012787200,986261661908992,1055805503930368,492645633867776
0,0,0,0,0,0,0,0,0,0,0,0,0,133145821184,135293304832,274342871040,26637120569344,31031006330880,31045032083456,16617196748800,17179854241792,8383761219584,4394812440576,2194987810816,1097497313280,272996761600,256890634240,248552357888,248518803456,244753367040,244686289920,242539035648,242535627776,6839605379072,1125866490691584,2251766397403136,2245169325539328,1970566296502272,241459527680,258639396864,121200443392,121200443392,121267552256,120730681344,120730681344,129320615936,1091395387392,2190911340544,4390479921152,8307506380800,7762075680768,16525151141888,15427514368000,33019641708544,30820551213056,30816390406144,57344
0,0,0,0,0,0,58720256,132120576,536346624,2130444288,4231921664,8322416640,16107110400,13227425988608,33019641921536,66005024309248,33019700641792,16527033336064,8796092728192,4396410701696,2194982014720,257816509952,240578984960,240581081088,240585007104,240584458240,35150077476864,35115717738496,17523529596928,481099366496,481095115248,481095122912,481095122880,481153842944,481162194944,240576917504,240576917504,532634693632,1082390507520,1090980474880,1988628635648,4153292152832,3880561729536,7712813473792,16500845166592,15397290500096,32987496312832,30787399249920,30786862217216,30786325592064,8796093036544,14336,6144,0,0,0,0
0,0,1610612736,8321499136,68585259008,137371844608,266791288832,515630956544,1031043809280,2061710131968,2061580109696,1693247902584576,4230920743427584,3949308462005248,3957142415472640,4255110065549312,2247401834266624,2251662508752896,562915715055616,70360409833472,66241784840192,61640230699008,30803372146688,30794782212096,30794647994368,32993402814464,15401216770048,9006107260230656,9006107260354048,4503057388797440,8528732352512,1931662458880,2069101412352,969589784576,1038846132224,484795351040,2168423706624,17578766367744,140724070776320,280508075875840,272742779194880,246359071395584,123179426121472,123162480084736,105561697814272,4278191872,1792,512,0,0,0,0,0,0,0,0,0
0,0,0,0,0,0,0,251666432,4286607360,17175703552,34120693760,6629548374016,15424299219968,16524885629952,7730822650880,7730436774912,8314049018880,3981501298688,2194849724416,2197129392128,548919042048,549724340224,549690736640,1041463377920,423176551923712,1125832127807488,562916534255360,140669709451200,963013246912,963013116352,963013115904,481976778752,481976778752,546401288192,271523381248,134084542464,2197816336384,4396839596032,4276580415488,8263383809024,7705038035968,16496702921728,32987496061952,30787398802432,535829504,7168,7680,7168,7168,0,0,0,0,0,0,0,0
0,0,0,0,0,0,0,0,0,0,2196875771904,4397778075648,17592051826688,16494788345856,32986405797888,65970949324800,61641353854976,62122390249472,63771640979456,65936597041152,31595291391148032,33846266504134656,15777992125415424,16919285463973888,7914286827307008,8514072467079168,4362595590471680,2238476295602176,1110385418567680,1109353553199104,246836069138432,246561191231488,528036167942144,492851795853312,492710061932544,492701471997952,492701471997952,35958548538064832,35958548538064832,35958548537802688,492701471997952,492701471997952,527825714544640,246350737833984,123205435523072,132001528545280,61632784367616,66030835073024,33045486501888,15453309042688,34145023541248,69879181336576,140523000094720,266009856471040,529962423578624,528315202957312,528039922397184
0,0,0,0,0,0,0,0,0,0,0,0,0,4227858432,68702699520,137434760704,272862545664,515461091072,1030807883264,563946384788992,1972455136038400,1972523859713024,987344294910976,987327148882944,494711647238144,529947554738176,281466640515072,281466890551296,140218804436992,7728659660800,7728525443072,7730672959232,7730404785920,7730404785920,70333310926848,1125881653460992,1125846219980800,1098427148763136,7711614009344,7712687751168,7704097816576,7704097816576,7704097816576,7704098078720,3856344776704,3852049776640,3852050857984,70097628528640,140464497606656,281408168902656,528832744513536,528300300623872,1055806023852032,2111130977755136,4222193235980288,4362862139076608,4362862139076608
0,0,0,0,0,0,0,0,0,0,0,52776608522240,131941454114816,272679009644544,558552032866304,1086317614329856,1018148027625472,2126455748671488,1985718528718848,1985718528718848,1985719065589760,4237518783265792,3956044746071040,3957144257698816,3948350043724800,3948354338692608,7889553232498176,7885163761241856,7885437565404928,7883255722018688,7883391013487488,7882325853209536,16889520812720576,15763689625354688,15763131275411456,15762856394883072,15762839213965312,33777065924755456,31525197391593472,31525197391593472,27021597764222976,0,0,0,0,0,0,0,0,0,0,0,0,0,0,0,0
0,0,0,0,0,0,0,0,0,0,0,4398046511104,16492674416640,16494285029376,34092913524736,69835632279552,65437586817024,135823510929408,125137634426880,265870827552768,248278641508352,529753621889024,494637969276928,1057579332648960,986248523137024,986248523137024,1971409062576128,1971391882715136,4223191713112064,3941716734304256,3941716734304256,3941716734304256,3941166978490368,7881816652439552,7881816681799680,7881816681799680,7881816816017408,7881815742279680,15763115157254144,15762840270958592,15762840270958592,15762840270958592,15762599736012800,15762599736012800,15762599702458368,469790720,14336,14336,12288,0,0,0,0,0,0,0,0
0,0,0,0,0,0,0,0,0,0,0,0,0,0,0,61572651155456,136354474229760,277091962585088,277110217768960,558619556577280,525630449647616,1070988221218816,1000619477172224,2126579790381056,1985840153493504,1985840153559040,1978263979622400,3948587742855168,3948587776442368,3948828290154496,3948828357263360,7889478022840320,7885561012535296,7885560458887168,15766859806728192,15766722334220288,33778921350684672,31525197391622144,28672,30720,14336,6144,0,0,0,0,0,0,0,0,0,0,0,0,0,0,0
0,0,0,0,0,0,0,0,0,0,0,0,0,0,0,0,1924145348608,4123168604160,8522288857088,17321067806720,17325365133312,34917551177728,32727390617600,63513716195328,133882460372992,125103555149824,248246843146240,248245769404416,529755105886208,494566438567936,987147664588800,2113116288811008,1972370210521088,4224169554329600,3942832045932544,8446414493433856,7883464540020736,16890629434963968,15764729519732736,6757530264991744,2061836023808,962307584000,962274029568,274877906944,0,0,0,0,0,0,0,0,0,0,0,0,0
0,0,0,0,0,0,0,0,0,0,0,0,0,1572864,3932160,8257536,8257536,123145310568448,123146392764416,263886563901440,263890858868736,545365852389376,554170532986880,1117120754843648,1046767043067904,1046767076491264,2031963850522624,2031959555497984,4253033173147648,3971558330626048,3971557256884224,8475277143341056,7912327189903360,7896934027115520,7896934094216192,16904373330255360,15778473423408640,15778473423408896,15778473154971392,15779022910785408,15771257475695488,15771257475695488,6764058145457088,8521215115712,8521215115744,4123168604384,3848290697440,3848290697216,3848290697216,0,0,0,0,0,0,0,0
0,0,0,0,0,0,0,0,0,0,0,0,0,0,0,0,15393162788864,15393162788864,32985348833280,68172942147584,68177774182400,139646030282752,130858527719424,271596285558784,254021279383552,254019133997056,500309738356736,500308803043328,1063288820580352,993469832216576,989140505182208,2115031822090240,1974293863972864,1974431302926336,1974414130405376,3944738967314432,3945013610340352,3944979250601984,8446379854688256,7883429901268992,7883429783812096,7883361064335360,7883361064336384,16890560251960320,15764660345112576,15764660345110528,15764660311556096,31527259007352832,31527258990575616,31527121541136384,31526022025314304,31525197391593472,27021597764222976,0,0,0,0
0,0,0,0,0,0,0,0,0,8192,26388279095296,65970697728000,136339441905664,138538465226752,261683767537664,261691283861504,507990478417920,507991015518208,1070958148808704,1000623764893696,992923156887552,2118820916246528,1978152148416512,1978143558350848,1978142618826752,4230062691596288,3944739426285568,3944739426016256,7885664044981248,7885629148371968,7885629152566272,15766928499940864,15764729476681216,15764729241800192,33779127758622464,31527259225458432,31526159713830784,31526159713829760,67554956732793728,63050807232168896,63050394913210816,63050394913210848,130023648,62914784,58720496,58720496,58720352,25165824,0,0,0,0,0,0,0,0,0
0,0,0,0,0,0,0,0,0,0,0,0,0,0,0,0,3221225472,26396332589056,61580704710656,136356354293760,136356354293760,136373534179328,277108875051008,277107936444416,277142296125440,523428605779968,523428605784064,1086378628378624,1016069476610048,1000676313823232,2126576254203904,1985838501083136,1985975940037632,3956283597134848,3956283613912576,8459883107061248,7897208039935488,7897173679146752,16904372866778880,15771326134355840,33785655922262912,31533856108577664,31533856075022784,31533718631875040,31533443728802016,3848290697456,96,0,0,0,0,0,0,0,0,0,0
0,0,0,0,0,0,0,0,0,1090715534753792,2216615676477440,2234207862521856,4354066566086656,4002222845591552,4002223383052288,7947271104593920,7912087806246912,7912087672029184,7914288844881920,7896696398397440,16903895586029568,15779099485790208,15770302855831552,15770302859501568,15770302859505664,15770860131479552,15766462084968448,31529060780765184,31529077960620032,31529075813136384,31527151634233344,31527151633184768,31527185992915968,31526219625274368,31526219625274368,31526219608497152,31526288327970304,31525729982221824,27022130346462976,240518170368,240518169344,0,0,0,0,0,0,0,0,0,0,0,0,0,0,0,0
0,0,0,0,0,0,0,0,0,0,0,0,0,67108864,234881024,16493178257408,69270274572288,140188776792064,276529292378112,267733199421440,531615872647168,496708261183488,987090447171584,987094742171648,2112994111881216,1972256630865920,1972394069819392,3941627985100800,3941626911244288,3941626911244288,8445226536517632,7881810579152896,7881810579087360,7881810579087360,16889044193570816,15762869341679616,15762865042518016,15762865042520064,15762727544829952,15762727544830976,15762658825346048,60129544192,17179869184,0,0,0,0,0,0,0,0,0,0,0,0,0,0
0,0,0,0,0,0,0,0,0,0,0,0,0,0,0,15393162788864,15401215852544,16509585883136,34118951878656,34116938752000,69334596837376,69330301870080,69330302132224,130971672768512,130962613039104,254107915874304,254107915808768,535703151603712,500518813054976,1063468498040832,993649510594560,2115426248833024,1974654400739328,1974654285396992,3944979122101248,3944979122101248,8448510029995008,7885560088632320,7885560021523968,15766859369418240,15764522907209216,6757323652468224,1924177856256,31459072,31458048,14680064,14680064,4194304,0,0,0,0,0,0,0,0,0
0,0,0,0,0,0,0,0,0,0,0,0,0,0,30786325577728,32985348833280,68169989750784,69270173057024,130843966111744,130843966144512,271583604097024,253991417659392,253995712626688,531621865963520,496437493293056,496446083227648,989026260672512,989025991188480,2113016785072128,1972279313461248,1972313671102464,4224109189820416,3942634213109760,8446233836288000,7882381939718144,7882381939718144,16889564014589952,15763114343545856,33777512853020160,31525678662819328,67553994511223808,135107988821114880,126100789566373888,54043195528445952,0,0,0,0,0,0,0,0,0,0,0,0,0
