0,1,2,3,4,5,6,7,8,9,10,11,12,13,14,15,16,17,18,19,20
0,0,0,0,15360,17408,17408,17408,17408,26112,11264,12288,129024,7936,4096,4096,4096,12288,4096,4096,0
0,0,0,0,15360,9216,9216,9216,9216,9216,9216,14464,65408,2048,2048,2048,2048,6144,6144,6144,6144
0,0,0,0,3584,12544,8448,8448,8704,7680,65472,2048,2048,2048,2048,2048,2048,2048,2048,2048,0
0,0,0,0,0,7936,4352,4352,4352,4608,7168,32704,6144,6144,4096,4096,4096,4096,4096,4096,0
0,0,0,0,15872,8704,8704,8704,8704,8704,9216,7936,130048,2048,2048,2048,2048,2048,2048,6144,6144
0,0,0,7680,8704,8704,8704,8704,8704,9728,13312,5120,65472,2048,2048,2048,2048,2048,2048,2048,6144
0,0,0,12288,27648,50688,49664,16896,16896,25088,8704,7680,131008,2144,6144,4096,4096,4096,4096,4096,4096
0,0,0,0,15360,16896,16896,16896,16896,9728,15360,7168,131040,2048,2048,2048,2048,2048,2048,2048,6144
0,0,0,0,7168,12800,8704,8704,13824,7168,130560,130944,4096,4096,4096,4096,4096,4096,4096,4096,4096
0,0,0,7168,13312,16896,16896,16896,9728,13312,6144,65472,2048,2048,2048,2048,6144,2048,2048,2048,2048
0,0,0,0,7680,8704,8704,8704,9728,9216,32736,16368,2048,2048,2048,2048,2048,2048,2048,6144,2048
0,0,0,0,3584,6656,4608,4608,5632,5120,3072,32640,2048,2048,2048,2048,2048,2048,2048,2048,0
0,1536,32736,114736,65560,131080,393220,786436,524292,527876,531972,531460,786444,262152,393240,131088,65632,32960,16768,15872,0
0,0,32736,32816,65552,131080,393224,262148,262148,263172,396292,131076,131084,131080,65544,65560,32816,49248,28864,8064,0
0,0,0,0,63488,200448,262336,786496,786496,786496,798784,274496,262208,393280,131136,196672,98432,49536,26368,15360,6144
0,0,0,8128,63456,98336,131104,393232,262160,524304,530448,528400,524304,524304,524320,524320,786496,393280,229760,65280,7168
0,0,4032,28792,49160,98312,65540,196612,131076,134660,134660,134148,131080,131080,65560,65552,98336,32960,25472,15872,0
0,0,8176,24600,49160,65544,196616,393224,262152,268296,268296,264200,262152,393232,131088,131104,131104,65600,98496,53120,32256
0,0,0,16320,49184,196624,393224,262152,786440,524296,526344,792584,262152,262152,131096,131120,65632,57536,16256,1536,0
0,0,16320,114784,196640,393232,262160,786440,524296,524296,530444,530440,524312,524304,786448,262176,131168,65728,33152,25344,15360
0,0,8176,30744,114700,196614,262146,524290,786434,262146,265218,265220,262148,262156,262152,262160,131104,196704,114880,32000,1536
0,0,0,8064,131040,196656,131088,262160,262160,524304,528400,1585176,1048592,1572912,524384,524352,262272,393600,197376,130560,57344
0,0,130560,393600,262240,524336,524304,524304,524304,530448,530448,530448,786448,262192,262176,131168,131264,131456,66304,99840,35840
0,0,0,0,0,30720,118528,196992,131200,393280,266336,274464,135200,131168,65600,98432,49408,16896,11264,12288,0
0,0,0,0,31744,116480,261824,262176,526320,2096656,1048592,1966200,2097104,1048592,1572896,1048544,262336,393600,148992,84992,61440
0,0,0,0,6144,30592,116672,261184,393248,262640,524048,491536,262192,262368,524192,262208,262336,262912,523776,134144,210944
0,0,4080,30748,131070,196610,393217,524287,524289,524289,1046559,786425,524290,524290,1048068,263164,131080,106480,63360,0,0
0,992,7192,32518,49663,65537,261121,135167,131073,245761,163329,132091,131087,253958,139260,131128,261728,132032,204288,126976,0
0,0,0,0,0,32512,65408,98368,196704,262112,131120,131088,131120,262096,131168,197056,102144,63488,24576,0,0
0,4032,30832,65528,196616,393244,327668,983044,524300,526332,588804,1015812,262148,262264,139208,258064,65552,122976,44992,30720,0
0,0,0,0,3968,65504,98336,262128,131096,393224,260108,139260,131084,262136,131096,131104,131136,131008,37248,29440,7168
0,0,192,8176,32760,63496,32776,98300,65540,65540,262140,131076,131080,131112,262128,196656,98400,131008,50048,32256,2048
0,0,4032,28720,65528,98308,197118,261890,393218,262151,524287,262145,262147,131074,131572,131064,32880,29120,3584,0,0
0,0,0,32704,49248,262128,393228,507908,1048572,524290,524290,1048574,786438,262148,524284,262168,262192,393664,261888,129024,32768
0,0,0,8184,28680,65528,122892,196620,261116,135164,131076,262152,524284,262160,262160,393248,262080,196992,99072,28160,14336
0,0,0,8064,24768,98416,524280,655368,1048584,1048584,2097144,1048592,1572880,524304,1048560,524320,786528,262208,524160,132864,72704
32736,102584,72070,133379,265985,263681,263169,393217,376835,286733,275441,320481,458778,262942,396548,137352,139440,245952,100224,64512,0
0,0,15360,58240,70112,72496,133648,133640,134152,361496,319720,517064,491640,266248,268296,407576,141360,216160,117184,32512,0
0,0,32704,37360,102680,69900,68110,134684,132148,258148,135556,188916,229388,131080,133144,138256,136288,144320,90496,58880,31744
0,3584,6528,12480,56096,99856,66584,65560,98364,90212,71876,78332,114700,33032,33416,50416,20448,15872,6144,0,0
0,0,0,0,15872,50048,83648,156736,277568,268480,459200,312896,280512,229440,131136,199744,78976,51072,26112,30720,0
0,0,0,512,65408,205920,145440,268400,262608,395032,1034120,811240,811032,884744,399368,272432,288832,181632,231168,101376,61440
0,0,1920,14688,29488,37400,68648,134344,131468,229892,194948,155748,183324,199684,200200,68120,70192,70624,65408,24576,0
0,0,3584,31104,57792,110880,70160,136720,134168,133176,229480,188488,143608,192636,98568,66440,66712,67808,105344,65024,0
0,1536,32704,103008,137776,265272,262184,786508,983172,819460,836100,1018884,919540,786462,1323032,282656,430528,237056,57344,57344,0
0,0,0,0,0,65408,107584,205920,403488,272416,397424,491664,278800,443344,230512,200288,105152,62336,25344,7168,0
0,0,0,32704,41120,200880,399632,264464,460312,378088,286984,146408,180248,229384,68632,39984,45664,25536,31744,4096,0
0,0,0,0,4032,12512,61848,234252,138756,137230,196734,254146,159870,245764,197124,69124,68376,102688,61888,32512,0
0,0,0,0,0,0,0,131008,467056,729112,663556,925700,401412,401412,147468,213000,114704,16224,960,0,0
0,0,0,0,0,224,8152,57352,237572,495620,331780,364556,299016,430128,127200,8064,0,0,0,0,0
0,0,0,0,0,0,7168,131068,499718,860163,729089,663553,1843201,1843203,925702,466952,131056,8192,0,0,0
0,0,0,0,0,0,16376,53252,233476,299010,593922,1118210,1118214,1642500,864264,204912,65408,0,0,0,0
0,0,0,0,0,0,0,16368,57816,499720,892936,860168,335880,205304,130944,0,0,0,0,0,0
0,0,0,0,0,0,4064,28864,110688,73752,204804,401412,401416,925720,409712,246208,65024,0,0,0,0
0,0,0,0,0,0,16380,61442,200705,397313,659459,1183746,1183746,1708036,995340,262136,0,0,0,0,0
0,0,0,0,0,0,0,32512,102848,170032,333852,329730,854019,854022,854044,498144,130816,0,0,0,0
0,0,0,0,0,0,0,65504,237628,860166,667650,667650,667654,405532,262128,32512,0,0,0,0,0
0,0,0,0,0,0,0,65520,258072,372764,864258,593922,593922,864268,516592,65280,0,0,0,0,0
0,0,0,0,0,0,1984,131064,231436,329730,591874,591874,329730,460802,120892,32736,0,0,0,0,0
0,0,0,0,0,4080,28702,106502,499715,335873,860161,335873,335875,466946,204812,123120,32640,0,0,0,0
0,28672,51200,33792,1024,1024,1536,512,6912,2816,3584,1536,1152,1152,9472,5376,3840,1536,1536,1536,0
3072,15872,16896,576,704,2944,3840,1792,528,544,576,4736,6784,1792,768,768,768,0,0,0,0
0,0,0,0,0,4096,28672,55296,51200,2048,18944,19968,11264,14336,6144,2304,18944,28160,11264,6144,6144
0,0,0,0,7168,13312,9216,25600,1280,13824,7168,3072,1024,1152,5248,5376,5632,3584,3072,1024,0
0,0,0,7168,8704,8704,512,704,2944,3840,1536,512,512,4640,2624,2752,1920,1536,0,0,0
0,0,0,0,0,7680,512,512,6720,2752,1792,512,4672,2688,3968,1536,512,512,512,0,0
0,0,0,0,6144,9216,1024,1152,1408,5888,7680,3072,1024,1024,1024,25728,13696,5888,7680,1024,1024
0,0,0,0,0,14336,9216,1024,1024,1024,1024,1152,1152,7424,3584,5184,5248,3840,3584,0,0
0,0,0,3584,13056,8448,256,256,256,1344,1984,928,288,2400,3392,1344,1984,896,0,0,0
0,0,0,0,0,0,12288,10240,11264,1024,1024,1152,5376,7680,3584,1024,5120,5248,5504,7936,2048
0,0,0,14336,10240,2048,2048,2304,11008,6656,7168,2048,2240,18688,27392,10752,15360,7168,2048,0,0
0,0,0,14336,10240,10240,2048,2432,11008,15872,7168,3072,3136,3264,11520,7680,7168,3072,1024,0,0
0,0,0,0,0,32768,49152,8576,8448,4608,5632,7168,6144,10240,17408,17408,17408,18432,28672,0,0
0,0,0,12320,6240,3264,1920,768,1792,3328,6400,4352,12544,8448,12544,4352,3840,0,0,0,0
0,0,0,0,16512,8448,4608,5120,3072,7168,13312,9728,25088,16896,16896,16896,17920,15360,0,0,0
0,0,32768,49152,12320,2240,1408,1536,1536,2560,4608,12800,8960,17152,17152,17152,16896,25600,14336,0,0
0,0,0,0,24576,4288,2816,3584,3072,13312,9216,17408,17920,17920,17920,25600,15360,0,0,0,0
0,0,0,0,49152,12672,6912,3072,7168,13824,25088,16896,16896,16896,17152,8448,7680,0,0,0,0
16384,28672,7184,1632,704,384,768,768,3200,2176,4224,4288,4160,4160,4160,4288,3968,0,0,0,0
0,0,0,0,0,0,98352,28768,6528,1792,1792,2304,4224,8320,24768,16576,16576,24704,12672,3584,0
0,0,16448,8384,6528,3584,3072,7680,4608,8448,8448,8576,8320,8320,12416,4864,7168,0,0,0,0
0,32768,57360,12512,2432,1536,3584,6912,24832,16512,32896,98496,98368,32960,16512,16128,0,0,0,0,0
0,0,32768,24576,12288,6208,2432,1792,1536,6656,12544,24832,49408,33152,33024,16640,25088,15360,0,0,0
0,0,0,24592,6192,3168,1664,768,1792,3328,4352,8448,16640,16640,16640,16896,26112,14336,0,0,0
0,0,1536,7680,12800,8704,8704,12800,6656,3584,512,512,768,256,256,256,256,256,768,768,768
0,0,0,0,0,31744,17408,33792,66560,33792,50176,32256,1536,1536,1536,1536,512,512,1536,1536,0
0,0,0,0,0,31744,50176,33792,33792,50176,31744,3072,1024,1024,1024,1024,1024,1024,1024,1024,0
0,15872,25088,16896,25088,8704,6656,1536,512,512,512,512,512,512,512,512,512,0,0,0,0
0,0,0,0,3584,6656,4608,4608,4608,4608,3584,768,256,256,256,256,256,256,256,256,384
0,0,0,0,7168,5120,5120,5120,5120,7168,3072,1024,1536,512,512,512,512,512,512,512,0
0,0,0,0,0,3072,7168,9216,9216,9216,13312,7168,1024,1024,1024,1024,1024,1024,1024,1024,1536
0,0,0,3072,5120,5120,5632,5632,6656,3584,512,512,512,512,512,512,512,512,512,0,0
0,7168,5120,9216,9216,9216,13312,7168,1024,1536,512,512,512,512,512,512,512,512,0,0,0
0,0,0,1024,7168,13824,9728,8704,12800,6656,3584,512,512,512,512,512,512,512,512,256,0
0,0,0,0,14336,26624,51200,34816,51200,30720,7168,3072,3072,1024,1024,1024,1024,1024,1024,1024,1024
0,0,0,0,0,3584,12800,25088,16896,8704,12800,3584,1536,1024,1024,1024,1024,1024,1024,1024,0
0,0,0,0,0,0,0,917504,786430,524294,786436,262148,458780,131040,7936,0,0,0,0,0,0
0,0,0,0,0,0,0,0,16,131064,393248,262336,131456,130816,7168,0,0,0,0,0,0
0,0,0,0,0,0,0,0,1032194,557054,262150,393228,129144,3968,0,0,0,0,0,0,0
0,0,0,0,0,0,0,1,1023,524163,262158,393328,246208,15872,0,0,0,0,0,0,0
0,0,0,0,0,0,0,0,1040398,540670,524300,786480,394208,261632,0,0,0,0,0,0,0
0,0,0,0,0,0,0,0,1048574,786436,524292,524296,262160,393312,229760,65280,0,0,0,0,0
0,0,0,0,0,0,0,2,1046534,528382,524292,524300,786544,524224,0,0,0,0,0,0,0
0,0,0,0,0,0,0,0,491527,917502,786438,262168,394224,130048,0,0,0,0,0,0,0
0,0,0,0,0,0,0,0,524290,1048574,262156,393240,196656,65504,7168,0,0,0,0,0,0
0,0,0,0,0,0,0,0,6,1048574,524300,524312,786528,395136,130048,0,0,0,0,0,0
0,0,0,0,0,0,2,3,524287,262145,393219,131074,196620,127472,7936,0,0,0,0,0,0
0,0,0,0,0,0,0,0,458752,524284,262152,262168,262192,230368,64512,0,0,0,0,0,0
0,0,0,0,0,0,4080,523276,262148,262156,262152,262152,262152,253960,248,96,0,0,0,0,0
0,0,0,0,0,0,262112,131184,393232,262160,262168,262152,262152,262152,262152,508184,508400,0,0,0,0
0,0,0,0,0,32256,1048575,786435,786435,786435,786435,786434,786434,786434,786438,786444,516216,0,0,0,0
0,0,0,0,0,196608,196544,131326,131074,131078,131076,131076,393220,393220,393220,131076,253956,122936,0,0,0
0,0,0,0,0,1048568,524300,524300,524300,524300,524292,524292,524292,1032196,252,0,0,0,0,0,0
0,0,0,0,0,0,1048572,524292,524292,524292,524292,524292,524292,1017796,60,0,0,0,0,0,0
0,0,0,0,0,0,1048572,524292,524292,524292,524292,524292,524292,524292,1032700,786432,0,0,0,0,0
0,0,0,0,0,262016,917756,524292,524292,786436,262156,786440,524296,524300,524300,1016824,0,0,0,0,0
0,0,0,0,0,0,524286,262150,393220,131076,131076,131076,131076,131076,253956,131196,0,0,0,0,0
0,0,0,0,0,0,520192,532472,1572870,1572870,524292,524292,524292,786444,508920,16384,0,0,0,0,0
0,0,0,0,0,1048568,1703932,1048580,1048580,1048580,1048580,1048580,1048580,1048580,1572868,524412,1015808,0,0,0,0
0,0,0,0,0,1048575,524289,524289,524290,524290,524290,524290,524290,524290,786434,245886,0,0,0,0,0
0,0,0,0,7200,79456,212512,78688,45440,29568,20096,19584,126200,17536,17600,25664,58432,111808,7616,7776,0
0,0,0,0,3072,4608,11792,95000,74096,59328,31872,22656,249984,51680,18816,18688,23040,57088,81024,77952,128
0,0,0,0,139212,205768,81128,113104,60256,18976,19488,511036,19488,18496,19520,58432,107712,80096,198448,131072,0
3840,4480,14224,146832,241840,61920,23104,20032,52350,117824,115776,50240,17600,50976,124432,97296,77840,65552,65584,16,0
0,0,7168,529152,797952,408464,221488,127936,21632,52352,51448,1034368,51328,19584,115904,214336,419616,802336,32,32,0
0,0,0,14336,15872,30272,583232,558656,822976,486144,78080,70016,463224,78080,78080,69888,70528,168512,169536,156768,145440
0,0,0,0,0,14464,109696,48768,30336,15104,12032,11440,124096,484480,9344,9344,13440,29888,38208,40544,69664
0,0,768,1920,2112,106048,40904,29384,9200,58336,57632,9020,8752,9008,29472,56096,35424,100336,16,16,0
0,7168,13824,25352,327576,295408,516992,79552,68672,34880,493688,18496,26688,26864,243864,204168,3848,8,0,0,0
0,0,0,3856,38672,40336,29584,31456,31936,255072,17532,25664,13376,31840,52304,36304,1552,16,0,0,0
0,0,0,0,64512,99840,81440,639904,624448,380288,219264,143488,143488,139392,930044,135296,69760,102528,37344,87584,146480
0,0,0,0,0,15872,8456,286616,156048,226016,119872,40056,63608,497760,34912,34912,51264,116960,223008,409120,393264
0,0,0,0,66336,230192,427856,296272,296272,297432,809352,545164,553088,532480,524288,0,0,0,0,0,0
0,0,0,0,32768,100352,88256,219328,162208,421152,290080,288032,271648,796448,534064,534064,525328,16,0,0,0
0,0,0,0,0,65536,235520,170112,441792,304448,304448,321056,542240,540704,16,0,0,0,0,0,0
0,0,0,0,0,0,49152,51328,85184,218432,152896,415072,288032,812576,550448,16912,0,0,0,0,0
0,0,0,0,0,128,65984,198976,204128,466208,341792,370192,828944,566792,582152,573964,49156,16384,0,0,0
0,0,0,0,0,0,32768,100416,236640,169120,169120,456096,288032,287520,287536,803600,541440,540928,540672,0,0
0,0,0,0,98336,163888,170064,433232,308432,304272,320656,550040,549640,541448,1590028,772,772,0,0,0,0
0,0,0,0,0,0,67648,72800,234720,234656,177296,303760,304016,828168,582408,573708,573444,0,0,0,0
0,0,0,131072,329216,329408,823008,559776,560032,576432,545680,545040,545040,553240,8200,0,0,0,0,0,0
0,0,0,0,0,34304,116416,151232,150208,281408,281376,291616,537376,537392,536592,4096,0,0,0,0,0
0,0,0,0,0,32768,39968,103520,103520,238704,173648,434832,320144,279184,541592,16776,264,256,0,0,0
0,0,0,0,0,98304,99392,101600,167072,151456,414496,283440,291600,549392,533016,1048576,0,0,0,0,0
