0,1,2,3,4,5,6,7,8,9,10,11,12,13,14,15,16,17,18,19,20,21,22,23,24,25,26,27,28,29,30,31,32,33,34,35
0,0,0,0,0,0,0,16515072,33423360,50724864,50724864,50724864,50462720,50528256,25362432,25362432,25362432,13500416,14548992,7864320,3145728,1073479680,1073733632,3260416,3145728,3145728,3145728,3145728,3145728,7340032,7340032,7340032,7340032,3145728,2097152,0
0,0,0,0,0,0,0,8126464,16646144,25559040,25296896,25296896,25296896,12779520,12779520,12779520,12779520,12976128,13500416,8126464,8122368,134213632,133693440,1572864,1572864,1572864,1572864,1572864,1572864,3670016,3670016,3670016,3670016,3670016,3670016,3145728
0,0,0,0,0,0,917504,2031616,3899392,6340608,12632064,12632064,12632064,12697600,12681216,6520832,8323072,134215680,134216704,1572864,1572864,1572864,1572864,1572864,1572864,1572864,1572864,1572864,1572864,1572864,786432,786432,786432,524288,0,0
0,0,0,0,0,0,0,0,2064384,4177920,7389184,6340608,6340608,6340608,6340608,6406144,6520832,8323072,54263808,67107840,33553920,1572864,1572864,3145728,3145728,3145728,3145728,3145728,3145728,3145728,3145728,3145728,3145728,3145728,1048576,0
0,0,0,0,0,0,4128768,8355840,6389760,12681216,12681216,12681216,12681216,12681216,12681216,12779520,12779520,12779520,16646144,8372224,536854528,536608768,1572864,1572864,1572864,1572864,1572864,1572864,1572864,1572864,1572864,1572864,3670016,3670016,3145728,3145728
0,0,0,0,0,4128768,8323072,14876672,12681216,25264128,25264128,25264128,25264128,25362432,12779520,12779520,12779520,12779520,6488064,7733248,134209536,134216704,1572864,1572864,1572864,1572864,1572864,1572864,1572864,1572864,1572864,1572864,1572864,1572864,3670016,3670016
0,0,0,0,0,0,16252928,66846720,50724864,100859904,100859904,100761600,50429952,50429952,50429952,25264128,25264128,29425664,14876672,7536640,4128768,536868864,536870656,1572864,3670016,3145728,3145728,3145728,3145728,3145728,3145728,3145728,3145728,3145728,3145728,3145728
0,0,0,0,0,0,0,16646144,67043328,50528256,50528256,50528256,50528256,50528256,25362432,25362432,12779520,15073280,8126464,3932160,1073741568,1073741568,1572864,1572864,1572864,1572864,1572864,1572864,1572864,1572864,1572864,1572864,1572864,1572864,1572864,1572864
0,0,0,0,0,0,0,4063232,4128768,6488064,6488064,6488064,6488064,6488064,6488064,6684672,8126464,8126464,536866816,536866816,3145728,3145728,3145728,3145728,3145728,3145728,3145728,3145728,3145728,3145728,3145728,3145728,3145728,3145728,3145728,3145728
0,0,0,0,0,786432,8257536,16121856,29556736,50528256,50528256,50528256,50528256,25362432,29556736,12976128,7208960,3932160,1835008,268434432,1637376,1572864,1572864,1572864,1572864,1572864,1572864,1572864,1572864,1572864,1572864,1572864,1572864,1572864,1572864,1572864
0,0,0,0,0,0,1966080,8323072,14909440,12681216,12681216,12681216,12681216,12779520,12779520,13041664,15073280,8126464,67108736,67108608,786432,786432,786432,524288,524288,524288,1572864,1572864,1572864,1572864,1572864,1572864,1572864,1572864,1572864,1572864
0,0,0,0,0,0,0,983040,2064384,3768320,3244032,3244032,3244032,3375104,3342336,3538944,3538944,3932160,67104768,67104768,786432,786432,786432,786432,786432,786432,786432,786432,786432,786432,786432,786432,1835008,1835008,524288,0
0,0,0,16775168,33095168,260048640,503316864,939524544,805306592,1610612832,3221225520,3221225528,6442450968,12884901912,12884901912,12885360664,12885884952,12886933528,12889030680,12888965168,12885950512,6442450992,6442451056,7516192864,3221225696,1610612928,1879048576,805308160,402656768,201333760,100677632,58781696,31711232,16744448,3932160,0
0,0,0,4193280,67108352,125830912,201326976,402653632,939524288,1879048288,1610612832,3221225520,3221225520,3221225520,3221225520,3221487664,3222143024,3223191600,3223191600,1610612784,1610612784,1610612784,1879048240,805306400,805306464,402653280,402653376,402653568,201327488,100665088,117444096,29367296,16709632,4186112,196608,0
0,0,0,0,0,0,14680064,267911168,524156928,2014306304,3758225408,6442466304,6442454016,4294968832,4294968832,4294968832,4297065984,4302308864,6458181120,6458181120,6444549632,6442452480,3221228544,3221228544,1610615808,1879051264,805312512,402659328,469776384,234893312,117497856,58966016,29818880,16646144,3932160,0
0,0,0,0,0,0,8387584,134217216,251659776,1006633728,805307136,1610613504,3221225728,7516193152,6442451328,12884902272,12884902272,12892242304,12892242304,8597275008,8589934976,8589934976,8589934976,8589934976,8589935360,12884902656,12884903680,12884903424,6442454016,3221232640,3758102528,2013296640,521265152,133414912,16711680,1835008
0,0,0,0,4193792,16777088,65012192,117440608,100663392,201326640,402653232,805306416,805306416,1610612784,1610612784,1610612784,1075773488,1075773488,1075773488,1075707952,1611399216,1610612848,1610612832,805306464,805306560,805306560,402653568,402653952,201328384,234884608,100677632,58781696,33546240,8323072,0,0
0,0,0,2096896,8388480,31457728,58720448,117440704,201326688,402653280,805306464,1879048288,3758096480,3221225568,3221225568,6443499616,6446383200,6446383200,6446383200,2149318752,3222798432,3221225664,3221225664,3221225856,1610613120,1610613504,1610613504,1879049728,805307904,805309952,402656256,469768192,235417600,119529472,67100672,16252928
0,0,0,0,0,4192256,66862592,130025216,503317376,2013266368,3758096576,3221225568,6442451040,6442451040,12884901984,12884901984,12884901920,12886474800,12888834096,12888571952,6443499568,6442451040,7516192864,3221225568,3221225696,1610613184,1879049088,805308160,469765632,251665408,130037760,16707584,4186112,917504,0,0
0,0,0,520192,33552384,267918848,1040188928,2013266688,3758097280,3221225856,6442451136,6442451136,15032385760,12884901984,12884902000,12884901936,12884901936,25771376688,8597799008,8593866848,8589934688,12884902080,12884902080,12884902272,15032385920,6442451328,3221226240,3758097920,1610616320,805313536,402667520,234909696,117497856,58834944,33521664,8257536
0,0,0,0,4194176,16777152,62914784,251658352,469762104,1879048220,3758096398,6442450950,12884901894,12884901894,12884901902,4294967308,6443237388,6444417036,6444417036,6444417048,6442713112,6442450968,6442450992,6442450992,6442451040,6442451168,3221225920,3221226368,1610614528,1879051776,939531264,503330816,130052096,33480704,4177920,491520
0,0,0,0,0,0,33553408,268434944,503317248,805307136,1610613120,3758096768,3221225856,6442451328,6442451328,12884902080,12884902080,12888047808,25777144000,25777144000,25769803968,25769804160,25769804160,25769804544,25769805312,12884905472,12884904960,6442457088,7516205056,3221254144,1610637312,805421056,406814720,226426880,132120576,58720256
0,0,0,0,1073709056,4294959104,7516223488,6442458624,12884903680,12884902784,12884902272,12884902016,25769803968,25769803968,25769803968,25771376832,25777668288,8597799104,12892766400,12888572096,12884902336,6442451328,6442451328,6442451712,3221226240,3221227008,1610616320,1610615808,1610627072,1879060480,805330944,805355520,402882560,470220800,203292672,102498304
0,0,0,0,0,0,0,0,0,66846720,268402688,470007808,805363712,1879076864,1610627072,3221232640,3221228544,3221229056,3228567040,3228567040,3228567040,3223324160,1610614272,1879051776,805309440,402659328,201338880,234909696,100720640,50446336,58916864,31391744,33292288,14680064,0,0
0,0,0,0,0,0,0,33292288,268369920,470016000,2147481600,4294908928,7516194560,15032386304,30064902016,34359738240,68719214720,51539607680,51539607680,51539609536,68719476672,60129540480,51539607936,51539608448,25769804544,25769805568,34359738112,17179868672,6442465280,7516221440,3758153728,1896054784,856096768,454819840,267911168,266338304
0,0,0,0,0,0,0,3670016,16744448,63430656,125857792,520091648,1073740800,3875538432,3221227328,3221229504,6442516352,6446643584,8589869440,8573157760,6442451200,6442451712,6442454784,6442483456,8589931264,8589919744,6442454528,3221232640,3221239808,3221282816,3221471232,4294934528,4294901760,1611530240,821821440,955252736
0,0,0,0,2097088,16777200,65011832,268435452,536870892,1879048198,3758096390,7516192771,8589934591,8589934591,12884901891,12884901891,12884901891,12884901891,17179869183,17179869182,12884901894,12884901894,12884901900,17045651468,17179344924,6509559800,6442975216,3221225568,1879048416,939525056,520093440,134215680,31457280,0,0,0
0,14336,261888,2066368,8126960,14680184,67108382,134217727,234881535,939524099,1056964611,1879031811,1619001343,1610629119,1610612739,2013265923,2139095043,1744568323,1618997251,1610874822,1610614782,1610612798,4261412876,4294443036,3254776632,3221749744,3758097376,4293920640,3489660672,3222273024,1610866688,2015330304,1073479680,534773760,33554432,0
0,0,0,0,0,0,0,0,16760832,33546240,50360320,134215680,234871808,402656256,805307904,1614806784,2147482368,2143290112,1610613120,1610613120,1610612864,1610616448,2147483520,2146959744,1610613504,1610620416,805338112,939778048,488603648,268173312,65011712,29360128,0,0,0,0
0,0,1046528,8388096,32538496,134217664,268304576,1006633056,1879048224,3758096880,7549747184,8589930544,17112760376,12884901912,12884902008,12884918264,12885426072,12901662744,13420724248,8556380184,8053063728,6442450992,7516193264,3221290976,3223322208,1644101824,2145386688,1040187776,939524992,427820800,226508288,260570112,130007040,66584576,12582912,0
0,0,0,0,0,0,0,0,33553408,134217216,503318272,402653952,1073741696,1879048128,1610612928,1610612960,3758096480,4261412976,2147483632,1619001328,1610612784,1610612848,1610612960,4294967264,2147483584,1610613632,1610613504,1610614272,805309440,1073739776,536868864,204500992,120643584,66306048,16711680,1835008
0,0,0,0,130048,1048320,8259520,33030112,67108832,108003424,201326688,234881136,536870904,436207600,805306416,805306416,805306416,1073741808,1073741808,805306416,805306416,805306480,805306464,939589568,1073741760,805306752,805307264,805308160,503332352,536869888,268417024,100790272,50577408,33488896,16515072,0
0,0,0,260096,4193792,33294080,63438784,134217696,267911280,402653208,939525112,805568492,2147481612,2147221518,3221225478,3221225478,6442451071,6442467327,8589934339,4294901763,3221225475,3221225478,3221225486,1610612748,1610612792,1073741808,1073741792,469762944,234884864,127958016,33550336,2064384,0,0,0,0
0,0,0,0,1040384,16773120,66075648,251661824,536870784,2147483584,3758096608,3221225584,6442451000,8589934584,8589934584,12884901900,12884901900,12884901900,12884934654,17179869180,12884901900,12884901916,6442450968,6442451000,8581546032,8589934576,6444548320,3221226368,3221229312,3221241344,4294965248,2147467264,1887371264,1072693248,528482304,0
0,0,0,0,0,0,16777184,66846944,117440560,268435440,536870896,402653232,805306416,939524144,2146959408,1879048184,1611006000,3758096432,3221225520,3221225520,4261412960,4294967288,3240099832,3221225664,3221225856,3221226368,3221227264,3758099968,2147482624,2147481600,939552768,469876736,117669888,59703296,33292288,7340032
0,0,0,0,0,2080768,16642048,65026048,251665920,1006634944,4060086208,17179868864,34292629600,25769803872,51539607648,51539607648,51539607648,68719476672,68719476672,51539607744,25769804224,25769804160,25769804160,34359738304,34359738304,12884902656,12884903424,12884903424,12884904960,6442454016,8587843584,4294963200,3760189440,1611120640,807337984,477888512
33553408,133177216,241179616,405811320,806907932,1880645638,1611448323,3222061059,6443335683,6442942465,6442909697,6442582017,8053063681,8455716865,7482638343,6568280095,6473908475,6449823715,6475087619,6572736002,7499481030,4160750054,3221324028,3221471356,3222257688,3223085104,1614307424,1625305536,1774204800,1065369088,1040219136,503576576,520060928,133955584,0,0
0,0,0,0,16711680,134201344,264302592,476118016,405851904,809026432,806977920,1880719552,1611595968,1611595968,3759079520,4027449440,3691381728,3473018848,3284204640,4156684384,4278255456,4160751584,3221225696,3224371296,3224895584,3229089888,3228303552,1623982464,1641808640,832308736,991697920,520910848,134209536,67076096,0,0
0,0,0,1040384,67107840,133201664,241198016,476078560,405823584,942719024,809091132,806977648,807338224,1611596240,1611006872,2113931032,2145394200,1626404880,1643175984,1740668848,1593843696,2013266032,3758096432,1610612832,1073742048,1075314880,1077674368,1614152448,1618152960,1625529344,818018304,964747264,520216576,247693312,133103616,33292288
0,0,1019904,2095104,7401472,14710784,32537600,54062848,102613888,470745536,403112128,805437664,805306464,939524320,1040187824,1065355056,870321712,812653616,813185072,954236912,461377520,520093744,234930224,201449568,235004000,100872384,101071744,51314432,26079232,32473088,16646144,3932160,0,0,0,0
0,0,0,0,0,0,0,8257536,67076096,260304896,520304640,990059520,1904610304,3771075584,3236695040,3229090816,2148539392,4026563584,4227982336,2408023040,3280978944,3272078336,3472899072,2080377856,1879051264,1879837696,807144448,410916864,434515968,264466432,117694464,130531328,67043328,33030144,0,0
0,0,0,0,0,65536,4128768,134209536,533134336,953028096,1623983872,1618739968,3229091712,3224379264,7516223872,6442578368,8053309632,8523333728,4823709792,4357897824,4307552224,4357882336,4546625760,5301600288,8324644960,7524057312,6458704832,7547129600,3247184896,3809228800,1711726592,1006878720,470745088,471728128,125304832,66060288
0,0,0,122880,522240,16677888,33083136,65128320,120684928,238223808,473629664,941492064,1879842400,1610889264,1610674224,1610727472,2130821168,2146496560,1626881040,1639976720,1736442832,1846280688,1007550576,806223920,806289440,807075936,807108800,808550848,405898112,410111744,409009152,268431360,134184960,62914560,0,0
0,0,0,0,1032192,33546240,32536576,130046976,247516672,476104448,409043840,808681856,808648896,1614151872,1612579040,1612448224,1612448736,2013792096,2113932384,1870666848,1675630688,821043184,837820408,1071644792,1057013856,805429344,805560416,805777632,403583936,403455744,404258304,405927936,473923584,268304384,132120576,0
0,0,0,16773120,66976768,526491136,1009878784,1882948480,3760128384,3222143936,7516193632,6442452576,6442454064,16106134576,17045663792,13891559440,12985614360,12935331864,13137018904,13892452376,14764996632,16106651544,15032387580,30068965500,66586673376,23653778304,6507464448,3341827584,3861968896,2082463744,1023344640,534773760,264241152,100663296,0,0
0,0,0,0,0,0,0,0,33546240,134215680,260446208,428215296,1904610304,1623983616,3234596352,7530349312,6450317056,6449794816,8458870528,8556392832,6694138240,3280003456,3280075136,3338796928,4261416704,2013725440,806290944,404458496,204576768,107083776,63037440,29474816,16760832,4063232,0,0
0,0,0,0,0,33552384,134216704,113253888,476067584,942699392,1882218880,3759694208,3223109824,7517094080,4027023808,3154612160,2382839648,3280105568,3253780576,1626996320,1675755488,1065353696,1040187488,939524192,403439840,471728576,204931968,108201728,107056640,130153472,65269760,33488896,16515072,0,0,0
0,0,0,0,0,0,0,1046528,4169216,15742720,62927808,257974496,509730912,2019786800,3765370928,3225157656,3224895612,3758097404,4227866380,3749723148,3286253548,1675628536,1870659704,2113929240,939589656,805797936,806322224,404586736,406372832,405848832,208727552,115375104,130873344,33546240,4161536,0
0,0,0,0,0,0,0,0,0,0,0,0,268402688,2147483136,4185923456,16936600512,13702791392,13702791216,13702791216,13702791216,7260340248,7260340248,4034920472,4051697688,1904214064,1929379936,989855840,1006633152,528482688,66978560,8379904,261120,57344,0,0,0
0,0,0,0,0,0,0,0,0,16128,2097024,8387008,132120672,264241200,1019215920,2086666264,3898605592,3630170136,6851395608,6847201336,6645874800,6645874912,3965714880,2086668160,1071652352,268434432,8384512,0,0,0,0,0,0,0,0,0
0,0,0,0,0,0,0,0,0,0,0,16777088,134217712,1065353336,4253024284,7725907980,15447621638,13702791171,27392999427,27392999425,29003612161,29003612161,29003612167,29003612174,33298579484,16655581240,8334082272,2147483584,268435328,12582912,4194304,0,0,0,0,0
0,0,0,0,0,0,0,0,0,0,8388576,33554416,127926384,1060110360,2117074968,8257536028,6646923276,13290700812,26175602694,60535341062,52348059662,52348059660,52348059672,26715619384,32621199472,8462008800,4173336512,536870400,134213632,0,0,0,0,0,0,0
0,0,0,0,0,0,0,0,0,0,0,0,2096896,67108800,267417824,2143289440,8568963168,6656360544,13300138080,15447621728,6857687136,3636461664,4173333472,2147483584,536869888,432013312,134217728,0,0,0,0,0,0,0,0,0
0,0,0,0,0,0,0,0,0,0,65536,4193792,33439232,132152832,509611776,408945600,811598304,1885339760,1885339696,4032823344,8334082096,7260340336,4844421344,5930746304,8380221312,4278193664,2063662080,536862720,67043328,0,0,0,0,0,0,0
0,0,0,0,0,0,0,0,0,48,1048568,67108856,133169182,506462214,2016411651,4029677571,8056209414,33826013190,61743300614,53153366022,53153366028,35973496844,53153366040,61746446360,33032241208,8568964080,2147483584,436205568,0,0,0,0,0,0,0,0
0,0,0,0,0,0,0,0,0,0,0,0,33521664,134213632,506493952,1043341056,1815087040,3627024880,7920419068,6846677006,4699193350,4699193350,13289127950,13289127964,13289128184,6846679008,3962634112,2147479552,536838144,0,0,0,0,0,0,0
0,0,0,0,0,0,0,0,0,0,0,0,67107840,536870656,2092959728,4173332988,17051942972,13696499718,14501806086,14501806092,14501806092,14501806108,8059355256,8067744752,4240457664,1073740800,67092480,0,0,0,0,0,0,0,0,0
0,0,0,0,0,0,0,0,0,0,0,4190208,134217472,1069549504,4284482016,3462398192,6650069240,6851395612,13293846540,13293846540,8998879244,13293846540,13293846588,6851396080,8468307904,2147483136,268427264,0,0,0,0,0,0,0,0,0
0,0,0,0,0,0,0,0,0,0,0,4193792,536870880,1068499440,2081947768,3625451548,6846677004,13289127942,26174029830,30334779398,13691781126,7249330182,8457289734,2014838812,1043857656,267395056,33554176,1032192,0,0,0,0,0,0,0,0
0,0,0,0,0,0,0,0,0,2097024,16648188,132120824,532676636,2126512142,4240441350,7931428870,6857687046,6715080710,13157531654,6715080710,6715080710,6849298438,7931428870,3636461582,2025848892,2025849336,1065361344,268434944,33521664,0,0,0,0,0,0,0
0,0,32505856,66584576,102498304,101449728,393216,393216,131072,196608,196608,196608,196608,3366912,3923968,1818624,2064384,1015808,1015808,458752,458752,202752,143360,159744,4349952,14860288,3325952,3850240,2080768,1015808,458752,458752,458752,458752,0,0
0,4063232,16449536,29556736,50528256,16973824,101376,105472,112640,651264,909312,1032192,507904,229376,98688,99072,99840,101376,104448,112640,7450624,4042752,909312,516096,253952,114688,32768,32768,49152,32768,0,0,0,0,0,0
0,0,0,0,0,0,0,0,0,3145728,15728640,66060288,120586240,103809024,102236160,1572864,1572864,1671168,52133888,60489728,27131904,31195136,16252928,16252928,7864320,1572864,1622016,18464768,52133888,26935296,31129600,14548992,16515072,7864320,3670016,3670016
0,0,0,0,0,0,1572864,3932160,8126464,6553600,12845056,29622272,25427968,278528,311296,15056896,6782976,3604480,1835008,1835008,262144,262144,268288,268288,2371584,2383872,3465216,3522560,3506176,2031616,1966080,917504,786432,262144,0,0
0,0,0,0,0,4128768,8323072,14876672,29556736,8585216,196608,196608,203776,210944,749568,1040384,1032192,491520,196608,196608,196608,196608,6489600,7538176,3870208,1772544,990208,1013760,516096,245760,65536,0,0,0,0,0
0,0,0,0,0,0,0,0,983040,4128768,98304,98304,98304,100352,3247104,3774464,915456,1040384,491520,229376,2196480,3247104,1677312,1685504,913408,1032192,491520,229376,98304,229376,229376,65536,0,0,0,0
0,0,0,0,0,0,0,3670016,8126464,12845056,8650752,393216,393216,407552,421888,2539520,3637248,3637248,1966080,1966080,917504,393216,393216,393216,393216,393216,29753344,13004800,6709248,7782400,3653632,4128768,1966080,393216,393216,917504
0,0,0,0,0,0,0,0,3670016,16515072,13369344,786432,393216,393216,393216,393216,393216,393216,393216,131072,210944,210944,1273856,3923968,1818624,2067456,6491136,7542784,3354624,4157440,2088960,1015808,131072,0,0,0
0,0,0,0,0,0,4161536,8355840,12632064,12632064,8437760,24576,24576,24576,24576,27648,424960,490496,260096,127488,26112,26112,26112,1598976,814080,945152,424960,489472,260096,126976,24576,0,0,0,0,0
0,0,0,0,0,0,0,0,0,0,7340032,15728640,14155776,27000832,25952256,786432,393216,393216,393216,405504,421888,3588096,3637248,2031616,2031616,983040,393216,393216,6684672,7739392,3553280,3567616,3661824,2080768,1966080,0
0,0,0,0,2097152,7340032,16252928,14155776,4980736,786432,786432,786432,802816,9224192,13484032,7176192,8323072,4128768,4063232,1835008,792576,800768,811008,51175424,26066944,30244864,13598720,15663104,7208960,8257536,3932160,1835008,0,0,0,0
0,0,0,0,0,7864320,15466496,13369344,13369344,9175040,786432,798720,815104,9232384,13484032,15695872,7274496,4063232,3932160,1835008,1836032,789504,793600,25982976,30203904,15581184,7307264,4128768,4063232,1835008,1835008,262144,0,0,0,0
0,0,0,0,0,0,0,0,0,201326592,234881024,50331648,25190400,12607488,12640256,6406144,6389760,6488064,3538944,3932160,3670016,7864320,16515072,30146560,59506688,50724864,50724864,50724864,51118080,51118080,54001664,66060288,31457280,0,0,0
0,0,0,0,0,0,14680832,3671552,1838592,924672,473088,253952,114688,114688,245760,442368,835584,1622016,3694592,3170304,6316032,6316032,12607488,12607488,14696448,6340608,7389184,2080768,1032192,0,0,0,0,0,0,0
0,0,0,0,0,0,100669440,50345984,25194496,12640256,14794752,6520832,3342336,4063232,1835008,1835008,3932160,6684672,12976128,29556736,25362432,25264128,25264128,50429952,50429952,50429952,50429952,50561024,59179008,33423360,16252928,0,0,0,0,0
0,0,0,0,201326592,117440512,58721024,14681856,7867904,1850368,946176,450560,229376,196608,491520,884736,1933312,3768320,7438336,6389760,12681216,29409280,25214976,50380800,50380800,50380800,50380800,50429952,50561024,25624576,33423360,16515072,0,0,0,0
0,0,0,0,0,0,0,25165824,14686208,7354368,3698688,1957888,1015808,917504,1966080,4063232,16121856,12713984,25296896,25362432,25362432,25362432,25362432,25362432,25362432,25362432,25362432,33423360,16515072,0,0,0,0,0,0,0
0,0,0,0,0,0,67108864,117440512,62918656,14708736,3268608,1802240,2031616,917504,1966080,3604480,14876672,29556736,58818560,117538816,100761600,100761600,117538816,50446336,50380800,58769408,29409280,14794752,8355840,1835008,0,0,0,0,0,0
0,58720256,29360128,16253120,4064128,460544,232960,105472,63488,61440,57344,122880,253952,483328,929792,798720,1585152,3682304,3151872,3151872,6297600,6297600,6294528,6294528,6294528,6294528,7346176,4190208,2088960,0,0,0,0,0,0,0
0,0,0,0,0,0,0,0,0,0,201326976,251660032,62918144,15735808,3962880,974848,507904,507904,966656,1859584,3694592,7352320,14692352,12597248,25171968,25171968,50337792,50337792,50337792,58726400,29372416,14708736,8372224,2064384,0,0
0,0,0,50331648,58723328,29367296,14694400,7401472,3784704,2064384,917504,917504,2031616,3866624,7438336,6406144,12632064,12640256,12607488,12607488,12595200,12595200,12595200,12595200,6303744,6320128,6414336,8355840,4063232,0,0,0,0,0,0,0
0,0,0,234881024,125829504,31461120,7355904,3960832,1040384,491520,458752,2064384,3768320,15777792,29417472,50356224,117469184,100675584,201338880,201332736,201332736,201332736,201332736,100669440,117452800,62976000,33538048,4128768,0,0,0,0,0,0,0,0
0,0,0,134217728,234881024,117440512,58720256,14681088,7343616,3677184,1849344,815104,507904,229376,458752,2064384,3768320,6406144,12632064,25214976,50356224,117465088,100687872,100687872,100687872,100687872,50380800,58834944,29589504,16711680,3932160,0,0,0,0,0
0,0,0,0,0,25166016,31457728,7865216,1836800,921088,473088,241664,122880,114688,245760,966656,1884160,3194880,6340608,12632064,25214976,25214976,50380800,50380800,50380800,50380800,50429952,25395200,33488896,16646144,0,0,0,0,0,0
0,0,0,0,491520,2031616,4128768,7536640,14876672,12779520,12648448,12681216,14778368,7438336,3768320,2064384,1015808,98304,98304,98304,98304,49152,49152,49152,49152,49152,49152,49152,49152,49152,49152,49152,49152,114688,114688,49152
0,0,0,0,0,0,0,0,0,33488896,66977792,117571584,100794368,201457664,134348800,201457664,235012096,100794368,58851328,33488896,16744448,196608,196608,196608,196608,196608,196608,196608,196608,196608,196608,196608,196608,196608,196608,0
0,0,0,0,0,0,0,0,0,33292288,66977792,117833728,101056512,201719808,201719808,101056512,117833728,63307776,16646144,4063232,393216,393216,393216,393216,393216,393216,393216,393216,393216,393216,393216,393216,393216,393216,0,0
0,8323072,16711680,29556736,25362432,16973824,25264128,25231360,29425664,14745600,7405568,3997696,1015808,491520,98304,98304,98304,98304,98304,98304,98304,98304,98304,98304,98304,98304,98304,98304,98304,98304,0,0,0,0,0,0
0,0,0,0,0,0,65536,491520,2064384,3768320,3244032,3244032,6389760,6389760,6389760,6389760,3244032,2064384,1015808,32768,49152,49152,49152,49152,49152,49152,49152,49152,49152,49152,24576,24576,24576,24576,24576,24576
0,0,0,0,0,0,262144,4063232,4063232,6684672,6684672,6684672,6684672,6684672,6684672,3538944,4063232,1966080,131072,196608,196608,196608,196608,196608,196608,196608,196608,196608,196608,98304,98304,98304,229376,229376,0,0
0,0,0,0,0,0,0,0,393216,1966080,4063232,6684672,6684672,12976128,12976128,8781824,12976128,15073280,7733248,4063232,917504,393216,131072,131072,131072,131072,131072,196608,196608,196608,196608,196608,196608,458752,458752,196608
0,0,0,0,0,917504,4063232,3538944,3276800,3342336,3342336,3342336,3342336,3342336,3342336,2031616,983040,196608,65536,65536,65536,65536,65536,65536,65536,65536,98304,98304,98304,98304,98304,98304,98304,0,0,0
0,0,4063232,8257536,6684672,6684672,12976128,12976128,12976128,12976128,15073280,7471104,4128768,2031616,196608,196608,196608,196608,196608,196608,196608,196608,196608,196608,65536,98304,98304,98304,98304,229376,65536,0,0,0,0,0
0,0,0,0,0,0,1966080,4063232,7536640,14876672,12779520,12779520,12779520,12779520,6488064,7536640,3866624,2064384,491520,98304,98304,98304,98304,98304,98304,98304,98304,98304,98304,98304,98304,98304,114688,49152,0,0
0,0,0,0,0,0,0,7340032,16515072,59506688,118226944,101449728,101449728,101449728,118226944,51118080,66846720,16515072,786432,786432,786432,786432,262144,393216,393216,393216,393216,393216,393216,393216,393216,393216,393216,393216,393216,393216
0,0,0,0,0,0,0,0,0,2064384,4161536,15826944,29458432,16875520,25264128,25264128,29425664,14876672,8060928,4128768,196608,196608,196608,196608,196608,131072,131072,131072,131072,131072,131072,131072,131072,131072,131072,0
0,0,0,0,0,0,0,0,0,0,0,0,12884901888,17171480576,17179869180,12893290492,12884901900,12884901912,15032385560,6442450968,3221225528,4026532336,1056968640,268434944,16773120,0,0,0,0,0,0,0,0,0,0,0
0,0,0,0,0,0,0,0,0,0,0,0,0,0,448,33554368,1073741792,8522826496,7516196352,3221232640,3221239808,4026556416,1040236544,536838144,33488896,0,0,0,0,0,0,0,0,0,0,0
0,0,0,0,0,0,0,0,0,0,0,0,0,12,17146314764,17179869180,12918456316,6442450956,7516192792,3758096432,2113929696,536354752,33554176,253952,0,0,0,0,0,0,0,0,0,0,0,0
0,0,0,0,0,0,0,0,0,0,0,0,1,1,65535,536870911,8589869063,6442450974,3221225976,3221227456,1879055872,2139159552,536862720,8323072,0,0,0,0,0,0,0,0,0,0,0,0
0,0,0,0,0,0,0,0,0,0,0,0,0,6,17163092094,17179869182,12893290492,12884901948,12884902128,15032386496,6442458880,3758357504,2147475456,1073479680,0,0,0,0,0,0,0,0,0,0,0,0
0,0,0,0,0,0,0,0,0,0,0,0,0,0,8589934588,17179869180,12884901912,12884901912,12884901936,12884902000,12884902112,6442451904,7516194560,3758104064,2013280256,503836672,134201344,15728640,0,0,0,0,0,0,0,0
0,0,0,0,0,0,0,0,0,0,0,0,0,6,17178820620,17179869182,12885426168,12884901912,12884901912,12884902008,12884902368,15032389504,8321629696,4294965248,268304384,0,0,0,0,0,0,0,0,0,0,0
0,0,0,0,0,0,0,0,0,0,0,0,0,0,8522825742,8589934591,4362076156,4294967324,6442451064,6442451168,6442452928,4026793728,2147481600,268304384,0,0,0,0,0,0,0,0,0,0,0,0
0,0,0,0,0,0,0,0,0,0,0,0,0,0,8589934598,34359738366,17179869180,15032385592,6442451056,3221225696,1610613184,939524992,503348992,134216704,67076096,0,0,0,0,0,0,0,0,0,0,0
0,0,0,0,0,0,0,0,0,0,0,0,0,6,30,17179869180,17179869180,12884901936,12884901984,12884902368,12884903808,6442458624,3221257216,4027572224,2147450880,133169152,0,0,0,0,0,0,0,0,0,0
0,0,0,0,0,0,0,0,0,0,0,6,6,6,4294967294,4294967294,3221225478,3221225478,3221225478,1610612742,1610612766,1879048440,1040189408,268435328,33552384,0,0,0,0,0,0,0,0,0,0,0
0,0,0,0,0,0,0,0,0,0,0,0,0,0,0,17179869176,6710886384,6442450992,6442451040,6442451168,6442451392,7516193536,4026564096,1057487872,268402688,16252928,0,0,0,0,0,0,0,0,0,0
0,0,0,0,0,0,0,0,0,0,0,67108800,4294967280,4227858480,3221225520,3221225520,3221225520,3221225520,3221225568,3221225568,3221225568,3221225568,4160749664,2139095136,125835360,8160,4032,0,0,0,0,0,0,0,0,0
0,0,0,0,0,0,0,0,0,0,2130706432,2147483520,1627389824,1610612928,3221225664,3221225664,6442451136,6442451136,6442451136,6442451136,6442451136,6442451136,6442451136,6442451136,6442451136,6442451136,6442475712,8573190080,32512,0,0,0,0,0,0,0
0,0,0,0,0,0,0,0,0,4294959104,8589934590,4294975486,4294967302,4294967302,4294967302,4294967302,4294967302,4294967302,4294967302,4294967302,4294967302,4294967302,4294967302,4294967310,4294967308,4294967324,4294967416,8585744368,8585744256,0,0,0,0,0,0,0
0,0,0,0,0,0,0,0,0,1056964608,2147450880,1627389920,1610645502,1610612764,1073741836,1073741836,1073741848,1073741848,1073741848,3221225496,3221225496,3221225496,3221225496,3221225496,3221225496,3221225496,3221225496,3221225520,2143289392,2143290336,992,0,0,0,0,0
0,0,0,0,0,0,0,0,524256,17179869168,12884901936,12884901936,12884901936,12884901936,12884901936,12884901936,12884901936,12884901936,12884901936,12884901936,12884901936,8589934640,8589934640,17163092016,8573173744,16368,0,0,0,0,0,0,0,0,0,0
0,0,0,0,0,0,0,0,0,0,17179869168,17179869176,12884901912,12884901912,12884901912,12884901912,12884901912,12884901912,12884901912,12884901912,12884901912,12884901912,17146572824,8556641816,8184,504,0,0,0,0,0,0,0,0,0,0
0,0,0,0,0,0,0,0,0,0,17179868672,17179869176,12884902392,12884901912,12884901912,12884901912,12884901912,12884901912,12884901912,12884901912,12884901912,12884901912,12884901912,12884901912,13413416952,17163108344,16642998272,0,0,0,0,0,0,0,0,0
0,0,0,0,0,0,0,0,16252928,8589933568,8573681656,12884903928,12884901912,12884901904,12884901936,12884901936,12884901936,6442450992,6442450992,6442450992,12884901936,12884901936,12884901936,25769803824,25769803824,34225557488,17112825824,67170304,0,0,0,0,0,0,0,0
0,0,0,0,0,0,0,0,0,2013265920,4294934528,3355443196,3221258236,3221225496,3221225496,3221225520,3221225520,3221225520,3221225520,3221225520,3221225520,3221225520,3221225520,3221225520,4290773040,4286580784,1073745904,496,0,0,0,0,0,0,0,0
0,0,0,0,0,0,0,0,0,0,4026531840,8589672448,32245809120,25770065912,25769803836,25769803788,25769803788,25769803800,25769803800,25769803824,25769803824,25769803824,25769803824,33822867504,17112891376,528744416,117440512,0,0,0,0,0,0,0,0,0
0,0,0,0,0,0,0,0,0,34359738336,34359738352,25769803824,17179869232,17179869240,17179869208,17179869208,17179869208,17179869208,17179869208,17179869208,17179869208,17179869208,17179869208,17179869208,25769803800,25769805816,25769807864,29997664256,34292629504,12884901888,0,0,0,0,0,0
0,0,0,0,0,0,0,0,8589930496,17179869183,12884903935,12884901891,12884901894,12884901894,12884901894,12884901894,12884901894,12884901894,12884901894,12884901894,12884901894,12884901894,12884901892,12884901892,15032385542,8053065740,4278194172,50333692,0,0,0,0,0,0,0,0
0,0,0,0,0,0,0,3932160,276694784,820186880,822018560,822052352,954306048,484563968,249624576,133296128,32628736,26947584,27209728,27144192,26095616,533471168,260841408,25565184,25565184,25565184,25565184,126228480,264640512,214309888,409353216,141456896,4179456,2065920,1536,0
0,0,0,0,0,0,0,1966080,4128768,7536640,7307264,819954048,838435776,971030976,415287168,226754048,130545664,65941504,66859008,54013952,1131425792,2138058752,1066958592,51920640,51929088,51929088,51953664,52019200,54099968,62636032,264232960,501116928,418918400,821041152,805312512,14336
0,0,0,0,0,0,1044480,545257520,544742448,818150496,819969632,419184224,418938048,231534464,260951808,59737600,51316224,51316224,4287497848,4287498232,51120000,51119616,51119616,51119616,51121152,25955328,260447232,260447232,432413696,419053056,947910400,806347648,805306368,805306368,0,0
2064384,4186112,3174400,6303744,6811840,8384704,1618507968,2029009344,535838592,132185600,53598208,54102016,52366336,101649420,101584892,101584864,1040976896,1057754112,101059584,101059584,50731008,50740736,117896960,252175104,528974720,428278144,436076928,418906304,402653312,402653312,402653312,402654080,402653632,128,0,0
0,0,0,1835008,4128768,12892471296,12891316224,15045124096,7532929408,3791253888,1908466048,968943488,534904320,266565632,58159104,53882880,102510592,102510816,1041792992,17147902976,16207589376,101462016,101462016,101462016,252459008,520383488,2064018432,3783706112,7542375936,15049131520,12893160960,8594129664,768,256,0,0
0,0,0,0,0,4194304,16646144,33488896,33489920,65211392,12948016128,30182411264,25870666752,26005146624,13120681984,17165053952,4221157376,418430976,812695552,811659264,811629760,8327819200,2019582848,821059584,821059584,812670976,405856256,405860352,942798848,1013029888,1818430464,1717767168,1734740992,1676543488,1643906560,1618478592
0,0,0,0,0,0,0,0,7344128,16259072,148641792,482744320,249501696,109031424,65253376,32632832,14409728,14376960,14573568,13513664,13516736,2126920704,4291178496,3234207744,12982272,12982272,6690816,6428672,6428672,65157120,132545536,107408384,204719616,205456896,205391360,134218496
0,0,0,0,114688,258048,997376,1841152,137890816,473893888,205507584,109050976,66272352,12688832,12697472,12648192,264300032,264291840,25216520,25215864,25281520,25264896,12681984,12616448,31490816,56656640,120619776,102336000,202214912,202374912,134740352,134218112,384,0,0,0
0,786432,4063232,8257536,12779520,25395200,54509664,6576656608,6568407488,6643838720,4227988992,2143399936,501422080,410458112,404625408,203167744,203167744,8557959360,8557961152,51907584,51907584,26745856,30152704,130817920,1072445376,946614464,809263200,807395424,2064480,96,0,0,0,0,0,0
0,0,0,0,98304,2081024,4112768,70508928,104849600,104657088,108589440,66171776,66690816,33496576,32446464,1636177920,2143686528,528879600,25562160,25562112,25562112,16124928,16125440,66457344,121507712,102635712,202307776,134738112,196800,192,192,0,0,0,0,0
0,0,0,0,0,0,32505856,133955584,235864064,469991424,411009024,436142848,528737792,30568146432,13086486016,15502638080,8020455424,4212678656,1907372032,821047296,1626353664,1626353664,1623207936,33827078128,33829175280,1616916480,1616916480,811610112,945827840,408956928,207646720,207683072,509726464,993231616,1946092288,1627128064
0,0,0,0,0,0,0,0,983040,8355840,15851616,25190592,2210377920,3288330432,3284201920,1673658240,2078514688,1071844352,104205312,104597216,104599520,129500928,2146960896,4264560128,102237696,102237696,102237696,102239744,101456896,118242304,520910336,1066198528,1624228608,3229549312,7524451072,8053064448
0,0,0,0,0,0,0,402686720,939639552,1812055808,3959672704,3422801280,3423063424,7717965184,6510401728,6543956160,6544742592,6544709856,12938410080,12938407984,12916371504,12916371456,12897484800,12897484800,25769803776,25769803776,0,0,0,0,0,0,0,0,0,0
0,0,0,0,0,0,0,67108864,235405312,505157632,507255808,993803264,862731264,1668036096,1668048384,3278661120,3251398144,3251397120,6472647424,6472647424,6472647424,6472123136,12914705152,12897977088,12897977088,12897977088,12893782272,12885361024,4295098752,384,384,0,0,0,0,0
0,0,0,0,0,0,0,0,0,402653184,940572672,1010307072,1819817984,1819031552,3429660672,3429660672,3301362688,6556142592,6556206592,6568773120,6568773120,13010928384,12935365376,25820136192,384,384,0,0,0,0,0,0,0,0,0,0
0,0,0,0,0,0,0,0,0,0,50331648,117440512,253497344,253507584,454834176,456424448,859204608,1932946432,1667656704,3815163392,3278292480,6505809408,6505530880,12948046720,12943852416,58950528,58917248,0,0,0,0,0,0,0,0,0
0,0,0,0,0,0,0,0,4096,14336,30720,805334016,941386752,2015153152,2017248768,4164732416,3627861504,3630482176,6851822336,6656852352,6656852352,13099303104,13115818176,13111623904,13111623776,12977274992,13002440752,117440560,117440536,117440536,33554432,0,0,0,0,0
0,0,0,0,0,0,0,0,0,0,201326592,201326592,471334912,471600128,874257920,909909504,1714697728,1714828800,3865458176,3328599552,3336988160,3334693376,6505587456,6505587456,6501393152,6501286272,12943737216,12943737024,12943671296,12935282688,25820184576,25820135424,25769803776,0,0,0
0,0,0,0,0,0,134218496,402653952,1006634752,1006634752,1813515648,1815874944,3426487680,3328973184,3328579968,3334871424,6556103040,6556103040,6556102848,12943831232,12943843520,12943843424,25828745312,25795190896,25795084336,25769918512,17179983896,114712,49176,49160,0,0,0,0,0,0
0,0,0,0,0,0,0,0,0,0,524288,404491264,941362688,943463936,943070720,1815485184,1818628864,1818637056,3429052800,3429052800,3435344256,6656581824,6656483520,13115711584,12977299552,13010845808,25895682096,25887293496,8690597912,24,0,0,0,0,0,0
0,0,0,0,0,0,4026597376,4160946176,6845335552,6845602816,6912711680,13087127040,13087127040,13087126016,12987249408,12987196160,12987196160,8693801344,25823338880,25823338880,25823338880,25801318592,25801285824,25801285824,25782386784,12583008,0,0,0,0,0,0,0,0,0,0
0,0,0,0,0,0,0,0,0,67305472,503781376,1040660480,839760896,1661844480,3809340416,3273255936,3273254400,6469314048,6470886912,6470878720,4323394304,12900745984,12899697408,12899631488,12891193728,12891193536,2097152,0,0,0,0,0,0,0,0,0
0,0,0,0,0,0,0,0,0,67108864,203161600,205260288,473302784,510002944,510004992,912658176,920850176,1724062080,1724062080,3334674816,3347257728,6568390784,6568390848,6501281984,12943732928,12935291072,50389088,57440,24576,24576,0,0,0,0,0,0
0,0,0,0,0,0,0,0,0,201326592,470157312,503716864,906894848,906966528,1713059328,1713074944,1713070848,3274924800,3274949376,3273900800,6499320192,6499320192,12914491776,12914491776,30094360768,25769869504,51539607552,17179869184,0,0,0,0,0,0,0,0
