0,1,2,3,4,5,6,7,8,9,10,11,12,13,14,15,16,17,18,19,20,21
0,0,0,0,14336,52224,50176,50176,50176,17408,19456,30720,12288,261888,4096,4096,4096,4096,12288,8192,8192,0
0,0,0,0,14336,27648,17408,17408,17408,17408,19456,26624,14208,65280,4096,4096,4096,4096,12288,12288,4096,4096
0,0,0,0,7168,12800,25088,25088,8704,9728,15360,131008,4096,4096,4096,4096,4096,4096,6144,2048,0,0
0,0,0,0,0,7680,8704,8960,8960,8704,15360,38912,32704,4096,4096,4096,4096,4096,4096,12288,4096,0
0,0,0,0,15872,8704,25088,16896,16896,17408,25600,15360,261888,4096,6144,6144,6144,6144,4096,4096,12288,4096
0,0,0,15360,25600,17920,17920,17920,17408,17408,9216,9216,65024,65472,6144,6144,6144,4096,4096,4096,4096,4096
0,0,0,12288,63488,35840,34304,33280,33280,16896,17920,9216,13312,262112,6144,4096,4096,4096,4096,12288,12288,12288
0,0,0,0,14336,50176,33792,33792,50176,17408,27648,14336,262112,6144,6144,6144,4096,4096,4096,4096,4096,4096
0,0,0,0,6144,9216,9216,9216,9216,11264,14336,261888,4096,4096,4096,4096,4096,4096,4096,4096,4096,12288
0,0,0,6144,31744,50176,33792,50176,17408,27648,14336,130560,131008,4096,4096,4096,4096,4096,4096,4096,4096,4096
0,0,0,0,15360,26112,16896,16896,17408,25600,10240,65520,2048,2048,6144,6144,6144,6144,6144,6144,6144,6144
0,0,0,0,3072,6656,12800,8704,9216,15360,6144,65408,2048,2048,2048,2048,2048,2048,2048,2048,6144,0
0,0,32704,114784,131088,393224,262152,524292,1048580,1049604,1055748,1055748,1579012,524296,786440,262160,393264,196704,98432,49920,15360,0
0,0,32704,98352,196624,393240,262152,786444,786436,786436,269316,264196,262156,262152,131080,131080,196624,65568,32832,24960,7936,0
0,0,0,0,126976,466432,787392,524352,524352,524352,536640,536640,532544,524352,262208,393408,131200,65664,98560,50688,14336,4096
0,0,0,0,65472,196640,393248,262176,524336,1572880,1052688,1060880,1056784,1048592,1048608,1048608,1048672,524352,786560,197504,62976,6144
0,0,3968,30832,49176,65544,196616,131084,262148,262148,269316,269316,264200,262152,393240,131088,196656,65632,98496,62208,15360,0
0,0,8176,24592,98328,196616,131080,262152,786440,528392,538632,530440,530440,524304,262160,262176,262176,131168,131264,65664,57088,31744
0,0,0,16320,122976,196656,262168,524296,524296,1048584,1048584,1587208,528392,524296,786440,262160,393248,196672,114816,16128,3072,0
0,0,16256,114880,393248,262192,524304,524312,1048584,1048584,1052680,1062920,1048584,1048592,1572880,524336,786528,393408,196736,98560,50688,31744
0,0,2016,31768,114700,458756,786434,1572866,1572866,524290,530438,530438,526340,524292,524296,524312,786480,262240,393408,115072,32512,3584
0,0,0,0,131040,196640,262192,786448,524304,1572880,1052688,1060880,3145744,3145776,1048608,1048640,1573056,524416,262400,131584,130048,49152
0,0,0,918272,524512,1572896,1048592,1048592,1048592,1054736,1062928,1062928,1576976,524336,524320,262240,262208,262272,393472,131584,66560,104448
0,0,0,0,0,0,130560,131840,262528,262336,262208,274528,274528,262240,393280,196736,65920,33536,50688,31744,24576,0
0,0,0,0,30720,118272,524160,917600,1573104,4194288,2097168,2097200,4194288,2097168,2097184,1048672,2097120,524416,262912,427520,235520,126976
0,0,0,0,4096,32512,115072,524224,262240,524408,528272,1046544,524320,524384,524768,1048160,524480,524672,262912,523776,265216,159744
0,0,2016,31804,114716,262130,262147,1048575,2097137,1048577,1048577,2097151,1048579,1048578,2064390,655356,786440,393240,229360,57344,0,0
0,2016,7224,24590,131071,196609,507905,327665,262159,458753,389121,270273,262399,262146,523268,266236,491568,393184,264064,523264,122880,0
0,0,0,0,0,32512,33152,130944,131136,409568,522272,262192,262160,278512,520240,262368,131968,204288,61440,0,0,0
0,1920,31968,131056,196616,262168,589820,1015812,1572868,1573372,1588996,2088964,786436,524316,788472,294424,507920,131104,213216,118656,61440,0
0,0,0,0,0,65472,229472,260144,270320,262168,917512,524280,262152,262152,524280,262192,262240,393408,262016,102656,62976,7168
0,0,0,8160,32760,48136,65544,262140,131080,131084,131100,524284,393228,393224,524280,261648,131104,229696,130944,34560,31744,4096
0,0,4032,28768,131064,245772,131196,425954,507906,524290,524543,1048513,524289,262146,262150,524284,245808,98528,64384,7168,0,0
0,0,0,32640,114912,262128,262168,524300,1048572,1572870,1572866,2097150,2096646,524292,524292,1048568,524336,524384,270208,523776,258048,0
0,0,0,8176,65528,98312,262136,131080,458760,393212,262156,262156,983048,524284,262160,262192,262240,524224,131456,98816,56320,28672
0,0,0,16128,57728,229472,983032,2080792,3145736,2097160,4194168,2113520,3145744,1048592,2097136,1048608,1048672,524352,786560,1048448,396800,210944
65504,106680,135558,268547,788993,527873,525313,786433,983041,638983,536825,554881,754675,786458,787982,268556,274712,344288,229824,200448,129024,0
0,0,14336,63232,74688,135776,135696,269840,265240,396312,623736,705480,1016808,786488,528392,800776,272400,284704,186560,105344,32256,0
0,0,32640,106976,74008,144136,135694,400924,265268,491620,324036,287620,491772,393224,262152,268304,268336,271456,418688,246528,108032,63488
0,3712,16256,24960,54112,101936,132112,131080,196632,245864,143560,143752,180472,98312,66312,99736,36336,20352,31744,0,0,0
0,0,0,0,15360,50944,230784,410688,288832,538688,786880,755520,577088,885696,458816,395328,137408,222592,116480,60928,28672,0
0,0,0,1024,65280,249280,272416,274480,536816,525072,919064,639944,548984,639000,983048,798744,553072,837824,363776,198144,71680,61440
0,0,1792,15296,57968,112144,201784,399560,264584,262924,520964,291012,311348,460812,134152,138248,136720,143904,205760,130816,16384,0
0,0,3584,31488,49600,74592,205360,406544,269336,268344,395368,491720,319624,405756,245768,131848,132872,134576,137408,204544,129024,0
0,0,32640,238176,398880,269328,524328,524360,786572,721156,557572,754692,921476,524796,1581084,2646064,565344,365440,474624,114688,32768,0
0,0,0,0,0,65408,116864,149568,280672,555040,536672,983200,622896,803600,361456,461856,138304,78464,58112,30464,7168,0
0,0,0,65472,123072,205216,397616,793360,789008,722552,574920,291592,320504,491544,133128,203792,78880,42688,51072,31744,0,0
0,0,0,0,3968,14560,57776,238344,405004,276484,262204,491750,319740,311308,458756,132612,137736,201272,78688,123328,32512,0
0,0,0,0,0,0,0,61440,524256,1720368,1458184,1982476,933892,933892,409604,442376,229400,245808,32608,896,0,0
0,0,0,0,0,64,8176,28696,237580,466948,860164,598020,598024,860176,467040,131008,0,0,0,0,0,0
0,0,0,0,0,0,0,65528,507910,868358,1720323,1335297,1335297,3678209,1581062,1843212,466968,131056,8192,0,0,0
0,0,0,0,0,0,16376,57372,499716,864262,1650690,3289090,2240514,2240516,1187852,991256,499936,65280,0,0,0,0
0,0,0,0,0,0,0,224,65528,516104,860168,1777672,663560,925720,524272,212992,0,0,0,0,0,0
0,0,0,0,0,0,1984,32736,106976,204848,401420,401420,925704,933896,933936,1016032,262016,32768,0,0,0,0
0,0,0,0,0,0,4092,63494,208899,929793,1839107,3411970,2363394,2371590,3547140,991292,262112,0,0,0,0,0
0,0,0,0,0,0,0,32256,124800,463072,856120,659486,659458,659458,659462,725112,463808,261120,0,0,0,0
0,0,0,0,0,0,0,32640,254960,991262,1712130,1843202,1318914,1843214,811128,524224,0,0,0,0,0,0
0,0,0,0,0,0,0,65504,516144,892952,729094,1187842,1187842,1187846,663612,524256,0,0,0,0,0,0
0,0,0,0,0,0,0,131064,462876,987142,1708034,1183746,1708034,987138,397318,127224,16256,0,0,0,0,0
0,0,0,0,0,4064,30846,114702,483330,991235,663555,663555,663555,663554,417798,475164,262112,15872,0,0,0,0
0,28672,104448,100352,1024,1024,1024,1024,5376,7680,3584,3072,1024,1152,1280,9984,5632,7680,3584,3072,0,0
2048,31744,50176,1536,704,896,2816,3584,1552,544,576,640,13184,6912,3840,1536,512,512,0,0,0,0
0,0,0,0,0,0,28672,53248,36864,4096,4608,54784,23552,22528,12288,4096,4608,54784,21504,30720,14336,4096
0,0,0,0,6144,10240,26624,18432,2304,10752,15360,6144,2048,2048,2176,10496,15104,7680,7168,2048,0,0
0,0,0,7168,25600,17408,1024,1216,1408,3840,3584,1024,1024,1024,13408,7232,3456,3840,1536,0,0,0
0,0,0,0,0,7168,1536,1536,1600,7808,3968,1536,1600,14016,8064,2816,1536,512,1536,0,0,0
0,0,0,0,6144,26624,18432,3072,3456,12032,7680,7168,3072,2048,2048,2048,26752,10496,14848,7168,3072,3072
0,0,0,0,0,14336,26624,2048,3072,1024,1024,1024,1152,1408,5888,7744,9408,5504,7936,3072,0,0
0,0,0,7168,15872,25344,16640,256,256,448,3520,1920,352,352,6464,2368,3456,1920,768,0,0,0
0,0,0,0,0,0,12288,28672,18432,2048,3072,1024,1280,13824,7168,3072,3072,11392,14464,7424,7680,6144
0,0,0,12288,28672,2048,2048,2048,19200,11776,15360,6144,2176,2432,51968,18944,27648,11264,14336,2048,0,0
0,0,0,14336,18432,18432,2048,2432,19200,11776,15360,6144,6208,2240,18816,27392,15360,7168,6144,2048,0,0
0,0,0,0,0,65536,98304,49408,24832,8704,9216,15360,6144,14336,18432,34816,34816,34816,38912,61440,0,0
0,0,0,8224,12384,6336,1408,1792,1536,3840,6912,4352,8448,8448,8448,8960,6912,3584,0,0,0,0
0,0,0,0,32896,16640,8704,13312,6144,6144,14336,25600,17408,17920,49664,49664,50688,52224,30720,0,0,0
0,0,65536,114688,24672,6336,3456,1536,1536,2560,4608,12800,25088,16896,49664,33280,33280,50688,19456,12288,0,0
0,0,0,0,16384,24704,4352,3584,3072,13312,25600,17408,17408,17408,17408,17408,19456,30720,0,0,0,0
0,0,0,0,98304,24960,13056,7168,6144,13312,25600,50688,33280,33280,33280,49664,25088,15872,0,0,0,0
0,24576,14352,1120,704,896,768,1792,3328,6528,4224,12416,8320,8384,8384,8384,12672,7936,0,0,0,0
0,0,0,0,0,0,65584,49248,12672,3840,1536,2816,4352,8576,16512,16512,32896,32896,16512,13056,7680,0
0,0,32832,24704,12544,7680,3072,7168,13824,8704,25344,24832,24832,8448,8448,8448,9984,14336,0,0,0,0
0,0,114688,24800,6528,3584,3072,6656,25344,49408,98688,65664,65664,65664,98432,49408,15872,0,0,0,0,0
0,0,65536,49152,24576,12352,6528,3840,1536,7680,12800,17152,49408,33024,33024,33024,33536,26112,15360,0,0,0
0,0,0,16400,12336,6240,1152,768,1536,3840,13056,8960,17152,49920,49920,49664,49664,31744,12288,0,0,0
0,0,1024,7168,13312,25600,17920,9728,13824,7680,1536,512,512,512,512,512,512,512,512,512,512,512
0,0,0,0,0,31744,64512,99328,66560,66560,99328,50176,32256,1024,1024,1024,1024,1024,1024,1024,1024,0
0,0,0,0,0,30720,63488,100352,67584,100352,51200,30720,2048,2048,2048,3072,3072,3072,3072,3072,1024,0
0,15360,17408,50176,17920,26112,13824,7680,1536,512,512,512,512,512,512,512,512,512,0,0,0,0
0,0,0,0,3584,7680,13824,8704,8704,8704,6656,3584,512,512,512,768,768,256,256,256,256,256
0,0,0,0,7168,15360,11264,9216,9216,13312,7168,1024,1024,1024,1024,1024,1024,1024,1536,1536,1536,0
0,0,0,0,0,2048,14336,10240,26624,18432,26624,15360,3072,1024,1024,1024,1024,1024,1024,1024,3072,1024
0,0,0,7168,5120,13312,9216,13312,13312,7168,1024,1536,1536,1536,1536,1536,1536,1536,512,512,0,0
0,6144,15360,11264,27648,17408,9216,13312,3072,1024,1024,1024,1024,1024,1024,1536,1536,1536,512,0,0,0
0,0,0,0,7168,9216,25600,25600,9216,13312,7680,1536,512,512,512,512,512,512,512,512,512,0
0,0,0,0,0,30720,34816,100352,34816,51200,30720,2048,2048,2048,2048,2048,2048,3072,3072,1024,1024,3072
0,0,0,0,0,3584,13824,25088,50688,17920,25600,15360,3072,1024,1024,1024,1024,1024,1024,1024,1024,0
0,0,0,0,0,0,0,1048576,2097140,1064958,1572868,524292,786444,458872,65472,0,0,0,0,0,0,0
0,0,0,0,0,0,0,0,16,65528,1032224,524352,786816,459520,130560,0,0,0,0,0,0,0
0,0,0,0,0,0,0,0,1966082,2097150,1572866,786436,458776,131040,0,0,0,0,0,0,0,0
0,0,0,0,0,0,0,1,1,1048575,983046,786492,262368,262016,6144,0,0,0,0,0,0,0
0,0,0,0,0,0,0,0,2,2097150,1048582,1572888,524512,409472,258048,0,0,0,0,0,0,0
0,0,0,0,0,0,0,0,0,2097150,1572868,1572876,1572888,524400,393408,231168,64512,0,0,0,0,0
0,0,0,0,0,0,0,0,2,2097150,1048580,1048580,1572888,786656,524032,0,0,0,0,0,0,0
0,0,0,0,0,0,0,0,0,1048575,524294,524300,524400,462784,129024,0,0,0,0,0,0,0
0,0,0,0,0,0,0,0,0,2097150,1572868,524312,262160,196704,130944,0,0,0,0,0,0,0
0,0,0,0,0,0,0,0,2,2097150,1048588,1048600,1572976,524736,499456,126976,0,0,0,0,0,0
0,0,0,0,0,0,0,2,7,1048575,786435,262147,262150,458780,131040,0,0,0,0,0,0,0
0,0,0,0,0,0,0,0,0,2097148,533004,524296,524336,786528,249792,30720,0,0,0,0,0,0
0,0,0,0,0,0,0,524280,262148,262156,262152,262152,262152,262152,507912,248,0,0,0,0,0,0
0,0,0,0,0,0,491520,393200,262160,524304,524304,524312,524312,524312,524312,524312,1016120,480,0,0,0,0
0,0,0,0,0,0,1048574,524290,524290,524290,524290,524290,524290,524290,524290,524294,1032316,508000,0,0,0,0
0,0,0,0,0,0,523776,263166,262146,262150,262148,262148,262148,262148,262148,262148,262148,507912,56,0,0,0
0,0,0,0,0,1048568,1048584,1048584,1048584,1048584,1048584,1048588,1048588,1048588,2064396,252,0,0,0,0,0,0
0,0,0,0,0,0,2097148,1048580,1048580,1048580,1048580,1048580,1048580,1573892,1017828,60,0,0,0,0,0,0
0,0,0,0,0,0,1048544,1048636,1048580,1048580,1048580,1048580,1048580,1048580,1048836,2081276,0,0,0,0,0,0
0,0,0,0,0,130560,1017852,1572868,1572868,1572876,524296,524296,1572872,1048584,1048584,1966652,492528,0,0,0,0,0
0,0,0,0,0,0,1048064,525310,786436,262148,262156,262156,262148,262148,278532,507908,124,0,0,0,0,0
0,0,0,0,0,0,491520,2097144,1048590,1048578,1048580,1048580,1048580,1048588,1966088,247800,0,0,0,0,0,0
0,0,0,0,0,0,2097144,3145732,3145732,3145732,3145732,3145732,3145732,3145732,3145732,1048604,1048700,2031616,0,0,0,0
0,0,0,0,0,2097144,1572991,1572867,1572866,1572866,1572866,1572866,1572866,1572866,1572866,786434,229502,0,0,0,0,0
0,0,0,0,6144,142432,146976,157280,91072,62208,22272,23680,18560,248048,18560,18560,18560,125056,76992,16192,7744,64
0,0,0,0,7168,13312,11776,160304,156464,83904,61184,63872,45184,512480,37152,37120,37632,53760,120576,162176,139392,128
0,0,0,0,278408,402376,155592,209368,117616,52800,35904,1034332,34928,34880,34880,18496,117952,91328,147424,132656,131072,0
7680,12544,10128,278288,405904,123360,62080,40640,35934,34936,231488,34880,35008,35296,118560,216112,161808,131088,131088,131120,16,0
0,0,7168,1058304,1582336,818992,410416,254944,58752,40192,39296,498168,1869952,34944,100480,231872,445248,806464,1588320,32,32,0
0,0,0,12288,31744,64576,1098816,1147968,1117888,1039232,152064,144128,139728,926064,143616,143616,144128,205696,468544,369728,321600,276544
0,0,0,0,0,12416,96384,74880,48768,29440,30464,19712,19952,1035392,550016,9344,9344,9344,58816,112448,80960,65568
0,0,512,3968,6272,80960,81728,62920,8944,17376,115552,16932,16956,16928,25120,57888,37408,73312,69552,16,0,0
0,6144,29696,17928,589592,623536,1016768,255616,203904,71808,596096,497904,55488,22656,125168,469400,137992,7688,0,0,0,0
0,0,0,7712,79632,114448,45840,63136,27840,281792,511224,19648,19648,13504,62704,105680,69520,1040,16,0,0,0
0,0,0,0,63488,69120,146944,182112,1114944,724416,956672,413952,422272,270464,1843452,270464,401536,139648,74112,107488,194080,292896
0,0,0,0,0,15360,25352,57112,320400,320496,517312,113728,104568,249920,364608,102464,36928,35008,231872,412448,801824,786464
0,0,0,0,131616,459360,329328,853584,592592,625552,561560,561544,1597836,1073280,1048576,1048576,0,0,0,0,0,0
0,0,0,0,65536,100352,170176,174272,305472,321888,813344,551712,543520,543264,1591840,1068576,1051680,1072,16,0,0,0
0,0,0,0,0,0,200704,473216,338304,862656,617280,642624,575072,1623072,1048608,16,0,0,0,0,0,0
0,0,0,0,0,0,32768,100480,104832,186816,457024,322880,845632,583264,1623600,50736,16416,0,0,0,0,0
0,0,0,0,0,128,384,133568,400192,408128,993824,600608,618000,1656336,1132056,1132040,115212,32772,32768,0,0,0
0,0,0,0,0,0,65536,196608,202944,465088,375232,306496,828768,582944,574752,575280,1622800,1098496,1098496,1048576,0,0
0,0,0,0,196640,196704,333920,342256,338096,567440,574608,574864,1099024,1099016,1099016,3147532,516,516,0,0,0,0
0,0,0,0,0,0,2048,202944,202976,470176,337056,337328,599312,616208,1655560,1164040,1163788,32772,0,0,0,0
0,0,0,262144,918528,722624,592576,1641184,1121184,1151776,1086256,1086224,1106704,1073424,1073432,16392,0,0,0,0,0,0
0,0,0,0,0,1024,230528,429760,297792,826176,578368,545632,545568,1602080,1057328,1056784,0,0,0,0,0,0
0,0,0,0,0,0,71680,79968,240736,238688,500896,312464,837264,575120,574224,1098520,33544,256,0,0,0,0
0,0,0,0,0,65536,196608,232640,433376,300320,300320,833312,566816,550448,1074704,1049616,2097152,0,0,0,0,0
