0,1,2,3,4,5,6,7,8,9,10,11,12,13,14,15,16,17,18,19,20,21,22,23,24,25,26,27
0,0,0,0,0,245760,1040384,811008,794624,794624,794624,794624,270336,417792,507904,229376,8355840,8387584,98304,98304,65536,65536,65536,196608,196608,196608,65536,0
0,0,0,0,0,98304,516096,286720,270336,270336,401408,401408,401408,417792,450560,247296,2096640,2080768,32768,32768,32768,32768,32768,98304,98304,98304,98304,98304
0,0,0,0,0,57344,112640,198656,395264,395264,399360,135168,258048,123136,2096896,32768,32768,32768,32768,32768,32768,32768,32768,49152,49152,49152,0,0
0,0,0,0,0,0,63488,129024,198656,198656,198656,202752,208896,225280,638976,1048448,98304,98304,98304,98304,98304,98304,98304,98304,98304,98304,98304,0
0,0,0,0,0,258048,135168,397312,397312,397312,397312,405504,405504,405504,253952,260096,8380416,32768,32768,32768,32768,32768,32768,32768,32768,98304,98304,98304
0,0,0,0,122880,208896,397312,266240,266240,266240,274432,405504,405504,139264,204800,122880,2096896,49152,32768,32768,32768,32768,32768,32768,32768,98304,98304,98304
0,0,0,0,65536,1032192,811008,1585152,1585152,1576960,528384,790528,266240,405504,208896,237568,8388096,8388544,98304,98304,65536,65536,65536,65536,65536,65536,65536,65536
0,0,0,0,0,245760,1040384,536576,536576,536576,798720,798720,405504,417792,245760,8388096,8388544,32768,32768,32768,32768,32768,32768,32768,32768,32768,32768,98304
0,0,0,0,0,114688,122880,208896,143360,143360,143360,155648,253952,245760,8387584,105472,65536,65536,65536,65536,98304,98304,98304,98304,98304,98304,98304,98304
0,0,0,0,49152,516096,405504,798720,536576,798720,798720,417792,221184,245760,2093056,4194048,33536,32768,32768,98304,98304,98304,98304,98304,98304,98304,98304,98304
0,0,0,0,0,122880,208896,397312,397312,397312,405504,401408,417792,245760,1048512,49152,49152,49152,49152,49152,49152,32768,32768,32768,32768,32768,98304,32768
0,0,0,0,0,24576,61440,104448,71680,69632,77824,73728,90112,114688,1048064,1048064,49152,49152,49152,49152,49152,49152,49152,49152,49152,49152,49152,0
0,0,261632,1023872,3932352,6291552,12582960,8388624,25165848,50331660,33554444,100663308,100687884,100720652,33677320,33677320,50331672,50331672,25165872,25165856,12583008,6291648,3146112,1574656,1838080,489472,253952,0
0,0,65024,1048448,3670208,2097248,6291504,12582960,25165848,25165848,25165832,25165832,25190408,25223176,25223176,8388632,8388632,12582936,4194320,6291504,6291504,2097248,3145920,1573248,918272,261632,63488,0
0,0,0,0,0,2031616,8249344,12614656,25169664,50331904,33554816,33554816,33554816,33751424,50528640,50528640,16777600,25166208,25166080,12583680,4195072,6291968,3147264,1575936,800768,417792,245760,0
0,0,0,0,0,1048448,3932288,6291648,12583104,25165888,16777280,50331712,33554528,33652832,100892768,100860000,100663392,100663392,100663360,100663488,100663424,33554816,50331904,25166592,14681600,4037632,1044480,114688
0,0,0,130944,508384,786480,1572880,3145752,6291480,4194328,12582936,8388616,8445960,8450056,8445960,8445976,8388632,12582928,12582960,4194336,6291552,2097344,3146112,1573632,790016,1046528,0,0
0,0,32704,262112,983072,1835056,3145776,6291504,4194352,12582928,25165840,16777232,16875536,16891920,16891920,16826416,16810032,25165856,25165920,8388672,8388800,12583040,4194688,6292224,3146496,3704320,1047552,491520
0,0,0,0,261888,2032064,7864512,14680160,25165872,50331664,50331664,33554448,33554448,33587224,33669144,50429976,50331664,16777232,25165872,8388656,12583136,6291904,3146496,1967616,519168,129024,0,0
0,0,7168,1048320,4064128,14680256,8388800,25165920,50331680,50331696,33554448,100663320,100663320,100696088,100892688,100761616,100663344,100663328,33554528,50331712,25166016,25166208,12583680,6292992,3149312,1842176,503808,253952
0,0,0,131040,516208,1835032,7340040,12582924,25165830,50331650,33554434,33554438,50331654,50380804,50380804,50380812,50331660,50331672,50331672,16777264,25165920,25166016,8388992,14680960,3671808,1969664,260096,28672
0,0,0,0,0,2097024,7864512,12583104,8388672,25165920,16777312,50331744,33554464,100728864,67338272,67305504,67108960,67108960,67109056,100663680,33555200,50332160,25167360,12585984,4200448,6418432,4177920,786432
0,0,0,8384512,29367296,50333568,33554880,33554496,100663392,100663328,100663328,100663328,100778016,100909088,100892704,100761632,33554528,50331712,16777408,25165952,8388992,8389376,12584448,12585984,6297600,6303744,3170304,1687552
0,0,0,0,0,0,0,1032192,4192256,6294528,12583936,8390144,25166592,25166208,25362816,25362560,25231488,8388992,12583296,6292224,3147264,1051648,1579008,798720,450560,507904,0,0
0,0,0,0,0,229376,2093056,7355392,16776960,29360512,50331840,100728800,268431456,201326688,134217824,266340320,268435296,134217824,201326784,67109056,134217664,67108736,50333184,25168896,13121536,6840320,3915776,4128768
0,0,0,0,0,0,258048,932864,3685888,16776960,30933376,25166048,16779232,50462304,67100768,50331712,50331840,50332608,50335680,67106944,16777600,16777984,16778752,25172992,33552384,16769024,12763136,6782976
0,0,0,65504,1040504,1835068,8388598,12582918,25165827,67108863,67108863,33554435,100663299,100663299,134217727,100696002,100663298,33554438,66060292,58720252,50364408,25165872,12583008,7864256,2096896,458752,0,0
0,3840,32736,245880,458780,2097151,3145983,6291457,16711681,9437153,8390655,12582913,16252931,10452995,8519171,8392702,8388671,33030150,33546252,25231352,25166320,33521888,25689984,8396544,14741504,8355840,1572864,0
0,0,0,0,0,0,522240,1047552,2096640,4194048,6291712,12583872,16777152,16646336,8388704,8388704,8388832,16777184,16711744,12583360,12586752,6306816,3530752,2064384,917504,0,0,0
0,0,130816,987104,2097120,8126512,12582928,25166328,52428792,66584584,33554440,33554488,33570808,34076680,41877512,65011720,50331656,16777336,25182192,8911920,16711712,7340128,6291648,3408768,1343232,2093056,458752,0
0,0,0,0,0,0,524032,2032512,7340224,8372288,14680032,8388656,25165872,32505872,16777208,8421368,8388632,8388656,33554416,8388704,8388800,12583296,4195072,8388096,3214336,1939456,520192,122880
0,0,0,7936,65472,499696,1048560,1572880,3145744,4194300,7340024,4194328,4194312,8388600,16777208,12582936,12582936,12582960,16777200,16777184,4194496,4194496,8134528,4194048,1580544,817152,507904,0
0,0,3584,130944,491712,2097136,4161560,6291468,4195324,13107076,16760838,25165826,16777218,16779263,33554307,16777219,25165826,25165830,8388620,14942200,8388592,3145952,1573760,1039872,129024,0,0,0
0,0,0,31744,523776,1835904,8388544,16777184,25165872,16777240,67108860,51380220,33554436,33554436,67108862,67108860,33554436,50331660,50331656,67108856,17039344,16777440,25166720,25292544,16775168,12836864,8257536,0
0,0,0,0,131040,1048560,1835032,4194296,8388600,6291480,14680088,16777208,9437176,8388632,25165848,25165848,33554428,25755640,25165920,25165888,25166016,29360512,16776960,6295040,3151872,1585152,1040384,229376
0,0,0,0,130048,984576,3933056,15729120,33554416,133955632,67108912,201326640,201326640,268435440,268435424,201326624,67108960,67108960,134217696,100663488,100663424,33554816,50331904,58721024,33553920,8453632,12611584,6537216
1048448,4129760,6358584,4293646,12618755,25221123,16799745,50360321,50339841,58720257,65011713,54001671,51249181,50530289,17252099,20725699,32506098,25169982,25196572,25218072,8487984,13043296,15468480,7866112,7355904,4190208,983040,0
0,0,0,516096,2046976,3350272,6495168,4298944,12619872,12644384,8450096,29384752,31481968,20455920,21896976,33300368,32506352,16777264,16875536,25264176,25411632,8831072,13025472,7127936,3722752,2096128,229376,0
0,0,28672,1048320,1773504,3345520,6360080,6391836,4298780,12644408,12644456,12607688,16646536,8883976,8854536,10225640,15728696,25165848,8388624,8421424,8503392,8478912,8597888,12984064,7080960,3807232,1994752,1032192
0,0,65024,232960,462592,888192,1628352,3174496,6299680,4194352,6291568,7864568,6160792,4424472,4425240,6686712,3932184,3672088,3152912,1061936,1599072,815040,849920,516096,114688,0,0,0
0,0,0,0,0,114688,1044480,3948032,7878400,13377792,25583872,25411840,16876416,29364096,32513408,18641280,17596288,28837632,15728896,29376768,4244224,6545920,3548672,1850368,1734656,1040384,196608,0
0,0,0,0,4096,522240,8290048,15098240,8569024,25395392,25232320,16780896,58734624,65042480,37502480,33948624,34472048,37486640,49283088,58949680,50495712,17203648,26003200,14183424,7354368,6352896,3784704,983040
0,0,0,32256,249600,989632,1642592,3256416,6414576,12641168,8406808,8391704,14686216,16751624,8619784,9306568,16302200,15786008,4251672,4255760,4239408,4296800,6363328,6496128,4193792,2088960,0,0
0,0,0,63488,1039360,921344,1968512,3283136,6492256,12660832,12705824,12640304,12632304,14713296,15728912,14549776,13042192,4654076,8257552,6298640,4209680,6317104,6350560,6342528,6397440,3403776,2031616,0
0,0,129024,1040128,8065408,12693696,25227360,25223408,16777456,50332056,58721048,48236040,37227528,35133452,37236748,48291852,58752972,50332156,117571644,252117088,51314880,26806144,26320384,15986688,4128768,1966080,0,0
0,0,0,0,0,0,523264,2096640,3433216,6578432,12992896,25608320,50561216,50561472,65078080,58197568,17566816,25960032,28843968,14705088,12644736,6402816,3347968,1973248,923648,260096,0,0
0,0,0,0,1048320,1982336,3344064,6358080,29461600,25217120,25221152,29388912,24668144,18624048,25663504,8888272,14418160,7340048,6307888,6348912,3268832,1257600,1712000,998912,520192,491520,0,0
0,0,0,0,0,32256,130944,460736,1967712,8068144,14891032,25288712,25280540,25166076,32506820,29231076,9307132,10223644,15728652,12595208,4255768,6346808,6396128,3345792,1773440,1015296,260096,0
0,0,0,0,0,0,0,0,0,1015808,16777088,65274336,54788144,113639448,46530584,46530568,63307788,29622284,29622280,13369368,6815792,7340128,2031840,522688,16128,0,0,0
0,0,0,0,0,0,0,1984,131040,483376,4063256,15859720,27459592,19070984,19070984,52494360,53542960,28508256,15925696,4194176,261120,0,0,0,0,0,0,0
0,0,0,0,0,0,0,0,0,1048560,16515100,32768006,57016326,107347971,113639425,92667905,92667905,84017155,84017166,125960220,63045688,16777184,2097088,131072,0,0,0,0
0,0,0,0,0,0,0,0,262128,2031672,7929864,32571404,53542916,102825990,73465858,207683586,205586438,205586444,107151384,65142832,31588832,8388480,1047552,0,0,0,0,0
0,0,0,0,0,0,0,0,0,960,1048544,4066864,33161232,61997072,35782672,56754192,23199760,31588592,16777184,4190208,2097152,0,0,0,0,0,0,0
0,0,0,0,0,0,0,0,65408,524160,1968000,7471552,6422640,12714008,12714008,29491224,63307800,46530608,63701216,65536448,15208192,8387584,0,0,0,0,0,0
0,0,0,0,0,0,0,24,131064,2064398,7405570,14745603,29425667,125894658,209780738,142671878,142671876,209780748,247660556,63373368,33554416,6422016,0,0,0,0,0,0
0,0,0,0,0,0,0,0,0,520192,2096128,7407360,15827392,27361400,56721468,56721414,39944194,39944198,39944204,56721656,27363264,16776704,4186112,0,0,0,0,0
0,0,0,0,0,0,0,0,0,1048064,4194240,16122108,65142812,46268422,46268422,42074118,42074116,58851356,29753840,16777152,1046528,0,0,0,0,0,0,0
0,0,0,0,0,0,0,0,0,1048448,16646624,33161264,20054076,56754188,40042502,107151366,107151366,40042524,56754424,33554368,4193280,0,0,0,0,0,0,0
0,0,0,0,0,0,0,0,0,4194288,8224888,32604188,65044484,106987526,106987522,106987522,54558722,31490050,14778382,4030968,1048512,0,0,0,0,0,0,0
0,0,0,0,0,0,0,65504,491772,4063260,16121862,27394050,56754178,56754178,39976962,56754178,56754178,23199746,31850502,15073340,7734256,4194048,0,0,0,0,0,0
0,262144,1015808,1622016,1064960,24576,8192,8192,8192,12288,80896,112640,47104,61440,28672,24576,8704,9728,11264,207872,206848,112640,63488,28672,24576,24576,0,0
16384,253952,405504,798720,12544,4864,5632,39936,56320,30720,12288,4160,4544,4480,4864,71168,236544,56320,31744,14336,6144,6144,6144,0,0,0,0,0
0,0,0,0,0,0,0,196608,491520,1933312,1671168,1671168,98304,102400,634880,909312,376832,491520,229376,98304,100352,628736,897024,368640,516096,245760,98304,98304
0,0,0,0,0,114688,212992,212992,409600,278528,280576,153600,225280,122880,114688,49152,16384,16896,16896,83456,84992,88064,126976,57344,57344,16384,0,0
0,0,0,0,122880,208896,405504,274432,12288,13056,14080,64512,63488,28672,12288,12288,12288,209024,110976,45312,62208,32256,31744,12288,0,0,0,0
0,0,0,0,0,0,57344,126976,4096,4096,4096,103168,54784,23552,28672,4096,70016,103168,38400,56320,28672,12288,12288,12288,4096,0,0,0
0,0,0,0,0,98304,245760,409600,16384,24576,26112,93184,96256,126976,122880,57344,24576,24576,24576,24576,417792,419328,224256,96256,126976,57344,24576,24576
0,0,0,0,0,0,98304,507904,409600,24576,24576,24576,24576,8192,8192,9728,9728,76800,113664,61696,221952,205312,108032,64512,61440,0,0,0
0,0,0,0,57344,258048,399360,395264,2048,3072,3072,3072,3840,28416,15872,7296,3200,3456,52608,19712,28416,11776,15872,7168,0,0,0,0
0,0,0,0,0,0,0,0,196608,491520,311296,278528,24576,24576,25600,26112,76800,112640,45056,57344,24576,24576,221696,91648,124416,130048,61440,32768
0,0,0,65536,229376,425984,180224,49152,49152,49152,317440,448512,258048,122880,122880,49664,50688,52224,837632,317440,454656,188416,253952,114688,49152,0,0,0
0,0,0,0,245760,442368,442368,49152,49152,50688,52224,448512,258048,122880,114688,49152,16640,17152,282112,415744,225280,90112,122880,49152,16384,0,0,0
0,0,0,0,0,0,0,3145728,1572864,787456,396288,134144,202752,208896,90112,114688,229376,507904,835584,540672,548864,540672,540672,573440,1015808,393216,0,0
0,0,0,0,131072,196800,115072,25344,13824,7168,14336,30720,51200,34816,101376,199680,199680,134144,134144,198656,198656,129024,30720,0,0,0,0,0
0,0,0,0,0,1573376,787968,396288,202752,208896,122880,49152,114688,221184,417792,401408,274432,790528,790528,790528,790528,798720,811008,507904,0,0,0,0
0,0,0,3145728,1835008,917696,229760,50944,27648,14336,12288,28672,53248,102400,200704,137216,399360,792576,792576,530432,530432,530432,798720,286720,507904,0,0,0
0,0,0,0,0,262144,393984,198144,101376,63488,24576,122880,221184,401408,270336,794624,794624,794624,794624,794624,270336,516096,229376,0,0,0,0,0
0,0,0,0,0,1572864,918016,200192,104448,61440,57344,122880,204800,405504,790528,1576960,1576960,1579008,530432,792576,268288,473088,258048,0,0,0,0,0
0,786432,491552,123104,29120,4864,7680,3072,6144,7168,31744,58368,50688,99840,66048,66048,197376,197376,197376,197376,197376,130560,30720,0,0,0,0,0
0,0,0,0,0,0,0,0,3145952,1966528,492288,118272,30720,14336,27648,52224,230912,460288,393728,786944,786944,524800,524800,787968,462336,129024,24576,0
0,0,524288,786688,393984,200192,104448,61440,24576,57344,110592,200704,137216,396288,396288,394240,394752,132096,132096,132096,203776,258048,114688,0,0,0,0,0
0,0,3670016,1835072,459712,101888,56320,28672,28672,118784,464896,920576,1573888,1574400,3147264,2097664,3146496,3146496,1573376,790016,523264,126976,0,0,0,0,0,0
0,0,0,3145728,1835008,393216,196992,99072,50688,31744,12288,28672,118784,202752,395264,789504,1575936,1573888,1573888,1575936,526336,792576,421888,253952,0,0,0,0
0,0,0,0,393248,458848,115136,25472,13824,7168,6144,30720,51200,100352,198656,395264,788480,788480,788480,792576,790528,798720,516096,229376,0,0,0,0
0,0,0,28672,126976,241664,471040,405504,405504,135168,200704,102400,61440,4096,4096,6144,6144,6144,6144,6144,6144,6144,6144,6144,6144,6144,6144,6144
0,0,0,0,0,0,0,1040384,1859584,1581056,3153920,2105344,3153920,1581056,794624,520192,61440,8192,8192,8192,8192,12288,12288,12288,12288,12288,12288,0
0,0,0,0,0,0,0,507904,802816,1597440,3170304,3170304,1597440,942080,516096,24576,24576,24576,24576,24576,24576,24576,24576,24576,24576,24576,0,0
0,258048,405504,798720,798720,798720,405504,471040,241664,61440,28672,4096,4096,4096,4096,4096,4096,4096,4096,4096,4096,4096,4096,0,0,0,0,0
0,0,0,0,0,12288,61440,102400,69632,200704,200704,200704,69632,129024,30720,6144,6144,6144,6144,2048,2048,2048,2048,3072,3072,3072,3072,3072
0,0,0,0,0,57344,122880,221184,221184,221184,221184,221184,122880,57344,8192,8192,8192,8192,12288,12288,12288,12288,12288,4096,4096,12288,0,0
0,0,0,0,0,0,16384,122880,253952,221184,155648,417792,417792,155648,253952,122880,24576,8192,8192,8192,8192,8192,8192,8192,8192,8192,24576,8192
0,0,0,0,57344,122880,73728,73728,73728,77824,77824,110592,61440,12288,12288,12288,12288,12288,12288,12288,12288,4096,4096,4096,4096,4096,0,0
0,16384,122880,221184,155648,417792,417792,417792,204800,106496,57344,8192,8192,12288,12288,12288,12288,12288,12288,4096,4096,4096,12288,4096,0,0,0,0
0,0,0,0,0,122880,106496,204800,401408,405504,143360,208896,241664,61440,12288,4096,4096,4096,4096,4096,4096,4096,4096,4096,6144,6144,2048,0
0,0,0,0,0,0,507904,835584,1622016,1097728,1622016,1622016,966656,507904,16384,16384,16384,16384,16384,16384,24576,24576,24576,24576,24576,24576,24576,24576
0,0,0,0,0,0,0,61440,233472,397312,790528,790528,274432,405504,258048,61440,12288,8192,8192,8192,8192,8192,8192,8192,8192,8192,8192,0
0,0,0,0,0,0,0,0,0,33554432,133955584,109051900,33554436,33554444,50331660,50331660,29360184,8127456,2096896,0,0,0,0,0,0,0,0,0
0,0,0,0,0,0,0,0,0,0,0,8160,8388592,33030336,25166208,16779008,29363200,15734784,4190208,0,0,0,0,0,0,0,0,0
0,0,0,0,0,0,0,0,0,0,4,66846732,34603004,50331652,25165836,29360152,8323568,524160,0,0,0,0,0,0,0,0,0,0
0,0,0,0,0,0,0,0,0,1,1,65535,33554179,25165838,25165948,25166304,16256768,4193280,114688,0,0,0,0,0,0,0,0,0
0,0,0,0,0,0,0,0,0,0,2,67043358,67108862,33554444,33554488,50332128,25169792,16776192,8323072,0,0,0,0,0,0,0,0,0
0,0,0,0,0,0,0,0,0,0,0,67108862,67108860,33554444,33554456,33554480,50331744,25166272,29360896,7347712,2095104,0,0,0,0,0,0,0
0,0,0,0,0,0,0,0,0,0,6,134201374,100925438,100663308,33554444,33554488,33554656,62922624,16776192,0,0,0,0,0,0,0,0,0
0,0,0,0,0,0,0,0,0,0,0,67108862,50331646,33554446,50331676,50331760,25173952,16776704,2080768,0,0,0,0,0,0,0,0,0
0,0,0,0,0,0,0,0,0,0,0,134209542,134217726,50331676,50331696,25165856,14680160,7344064,2096640,0,0,0,0,0,0,0,0,0
0,0,0,0,0,0,0,0,0,0,2,254,67108860,33554456,33554480,33554528,50332096,25169664,16317440,8372224,0,0,0,0,0,0,0,0
0,0,0,0,0,0,0,0,2,2,2,33554430,16777722,25165826,25165826,8388614,12582940,7864816,2097088,122880,0,0,0,0,0,0,0,0
0,0,0,0,0,0,0,0,0,0,0,66060312,67108856,50331672,50331664,50331760,50331840,29364096,8322816,1032192,0,0,0,0,0,0,0,0
0,0,0,0,0,0,0,0,8160,33554424,32505880,25165848,25165848,25165848,25165840,25165840,25165840,31457296,16515088,1008,480,0,0,0,0,0,0,0
0,0,0,0,0,0,0,0,16776704,12582880,8388640,25165856,16777248,50331680,50331696,50331696,50331696,50331696,50331696,50331696,50332720,66588640,1920,0,0,0,0,0
0,0,0,0,0,0,0,33553408,67108862,33554434,33554434,33554434,33554434,33554434,33554434,33554434,33554434,33554434,33554438,33554444,33554460,66978808,262144,0,0,0,0,0
0,0,0,0,0,0,0,16252928,16776192,8396798,8388622,8388612,8388612,8388620,25165836,25165832,25165832,25165832,25165832,25165832,25165832,25165848,16646168,240,0,0,0,0
0,0,0,0,0,0,32752,67108856,33554456,33554456,33554456,33554456,33554456,100663320,100663320,100663320,100663320,100663320,66584600,2040,0,0,0,0,0,0,0,0
0,0,0,0,0,0,0,0,134217720,100663304,100663304,100663304,100663304,100663304,100663304,33554440,33554440,66076168,66600904,248,0,0,0,0,0,0,0,0
0,0,0,0,0,0,0,0,67108848,33554684,33554444,33554444,33554444,33554444,100663308,100663308,100663308,100663308,100664328,133959672,62914560,0,0,0,0,0,0,0
0,0,0,0,0,0,98304,67108608,65015804,33554444,33554440,33554440,33554456,50331672,50331672,33554456,33554456,100663320,100663320,117440568,66068464,1051648,0,0,0,0,0,0
0,0,0,0,0,0,0,14680064,33554428,16785404,25165836,25165832,25165832,25165848,25165848,25165832,25165832,25165832,25427976,33292296,8389624,120,0,0,0,0,0,0
0,0,0,0,0,0,0,0,33423360,67108848,100679672,67108878,67108868,67108876,67108876,67108872,67108888,67108888,130023448,16531440,1835008,0,0,0,0,0,0,0
0,0,0,0,0,0,0,134217720,134217720,201326600,201326600,201326600,201326604,201326604,201326604,201326604,201326604,201326604,201326604,67108876,67109884,99614720,133169152,0,0,0,0,0
0,0,0,0,0,0,67107840,67108863,33554447,33554435,33554434,33554434,33554434,33554434,33554434,33554434,33554438,33554438,33554438,58720262,33031164,524796,0,0,0,0,0,0
0,0,0,0,0,98304,4448704,4338112,4714624,6762880,7740160,4136448,1022976,898048,828928,845312,8176608,3949536,803328,811520,287488,1860352,4088576,2320128,2354560,129408,384,0
0,0,0,0,0,57344,126976,208896,192512,4692192,7276640,6688192,4079360,2057216,1033728,624128,15435264,8228800,558080,560128,560128,563200,888832,4045824,7857664,6784512,4194816,1536
0,0,0,0,0,130584,12813080,12992272,6812560,6522672,3591520,3987904,848256,582016,33350076,33079800,573824,573824,573824,803072,3957504,3433216,2582272,6553536,4226240,12582912,0,0
63488,130048,198144,163360,8645664,12813920,8325056,2035584,891648,586496,1630470,1630716,1589504,7880960,1597696,1598208,550656,1600896,3963072,2912320,6676576,6783072,6291552,6291552,6291680,96,0,0
0,0,0,122880,33765376,50465792,50854976,25664608,12848352,8265600,4142592,615424,1689088,1623552,16287728,66635264,1623552,1623552,1590784,3688192,15224064,25975168,50753920,33808512,131264,192,0,0
0,0,0,0,196608,516096,1044736,995584,102506752,68694272,101741312,121167616,33332224,6789120,4392960,4394496,63115248,14879968,4393984,4393984,6360064,6364672,6496000,15937792,10170624,10445184,9421184,8618368
0,0,0,0,0,0,197120,508416,2548224,3285504,1832448,996864,506880,441344,453632,419296,1992576,33449472,17195520,156160,156160,139776,468480,993024,1797376,3258752,3268992,2162816
0,0,0,6144,32256,49920,98560,3272960,3276032,2080528,398192,401376,400768,4069760,268428,268540,266480,399424,399424,989376,1677504,1612160,3208128,2129856,2097248,96,0,0
0,49152,253952,405504,792592,17823792,52313696,19926976,33038208,8336896,2351872,2155264,3195648,66093856,33063904,557824,819968,443136,4113376,15975984,4312112,4323344,24592,0,0,0,0,0
0,0,0,4096,63552,101472,1145952,1166368,1810016,1028800,521088,353024,16540416,8283128,811800,287488,484096,254848,2089920,1631072,3206688,2129440,32,32,0,0,0,0
0,0,0,0,0,1032192,3727360,2109440,6811776,7222656,104340864,36716288,58256896,32293888,12944384,13042688,12781056,8521216,125962232,125961968,12781056,4392448,6489600,3343872,3346304,8067520,13463744,13090880
0,0,0,0,0,0,24576,260096,400432,17691696,25951776,26091104,13508544,8336128,1139072,1163760,1950192,16744832,30507392,1081728,1081728,1622400,1622784,7915392,16538752,8911040,25419968,58720448
0,0,0,0,0,4194496,6297792,14686656,28326336,28326240,17853280,51399456,51431968,52005424,34180624,34539032,34014728,33947648,100663296,67108864,0,0,0,0,0,0,0,0
0,0,0,0,0,0,3145728,3719680,7979776,4966144,13354368,9356672,26135680,17714304,17189056,50743488,50743488,33970368,33978560,33976384,33714240,33579072,8256,64,0,0,0,0
0,0,0,0,0,0,0,6291456,6389760,15828480,11781632,28561152,17977088,18245888,51804544,52195712,35401856,101195968,67109056,96,0,0,0,0,0,0,0,0
0,0,0,0,0,0,0,0,1572864,1622528,3720704,7194368,5099264,13462784,9399680,26175872,17709440,51263616,34484448,34353376,798784,0,0,0,0,0,0,0
0,0,0,0,0,0,512,1536,4196096,6344448,14731520,14797184,31545472,27482304,19036352,53901408,53899360,37105696,36974640,34877456,35393560,1835032,1572876,1572864,0,0,0,0
0,0,0,0,0,0,0,0,3145728,3178496,7389568,5358464,13715328,9529216,26961280,26961024,18492544,18754688,51133632,51133504,34347104,34347040,101455872,101451776,67633152,67108864,0,0
0,0,0,0,0,2097344,7340224,15761856,11649344,11649856,26428224,26362464,18769504,52323936,52176416,34350112,101465136,101465104,67910680,67377176,67115016,6156,6156,0,0,0,0,0
0,0,0,0,0,0,0,0,2146560,6407040,6407040,14770816,14901952,11757248,28452416,28456032,20329504,53875760,34872368,102505488,102500376,68683784,1572876,0,0,0,0,0
0,0,0,0,8388608,29372416,56635392,52458240,36722560,36755328,34659968,34643136,102341824,102341696,101260384,101256288,68095008,67570720,67505200,393232,0,0,0,0,0,0,0,0
0,0,0,0,0,0,0,1060864,7894528,14186240,13161728,25744640,17603968,17603968,51223680,50665600,33888448,34019520,33757248,33751136,196608,0,0,0,0,0,0,0
0,0,0,0,0,0,0,1048576,3194880,3228032,7561664,7561664,5383104,14033728,10367584,27144800,18617952,52172320,52173856,34348064,34085936,3088,3072,0,0,0,0,0
0,0,0,0,0,0,0,3145728,7365376,5268352,13690752,14198400,10003648,25803968,25770176,17512512,51329088,34486368,101068896,100937760,201326592,0,0,0,0,0,0,0
