0,1,2,3,4,5,6,7,8,9,10,11,12,13,14,15,16,17,18,19,20,21,22,23,24,25,26,27,28,29,30,31,32,33,34,35,36,37,38,39,40,41,42,43
0,0,0,0,0,0,0,0,264241152,1069547520,2095054848,1616904192,1616904192,1617952768,1617952768,1617952768,1613758464,1613758464,1882193920,1882193920,812646400,955252736,534773760,528482304,251658240,117440512,137438822400,68719411200,134086656,117440512,117440512,117440512,117440512,117440512,100663296,234881024,503316480,234881024,234881024,234881024,234881024,100663296,0,0
0,0,0,0,0,0,0,0,0,532676608,1071644672,811597824,812646400,812646400,812646400,808452096,942669824,942669824,942669824,942669824,946864128,408944640,417333248,532676608,260145152,536838144,8589901824,8581545984,58720256,58720256,58720256,25165824,25165824,25165824,25165824,92274688,125829120,125829120,125829120,125829120,125829120,117440512,117440512,50331648
0,0,0,0,0,0,0,0,32505856,66584576,261881856,235798528,470679552,403570688,403570688,403570688,403439616,471597056,471597056,267911168,267386880,8589926400,8589930496,8589926400,25165824,25165824,25165824,25165824,25165824,25165824,25165824,25165824,25165824,25165824,25165824,25165824,25165824,25165824,29360128,29360128,25165824,0,0,0
0,0,0,0,0,0,0,0,0,0,66846720,134086656,101580800,235798528,201719808,201719808,201719808,202244096,202244096,203161600,238551040,267386880,1205862400,4294963200,2147479552,67104768,50331648,50331648,50331648,50331648,117440512,117440512,117440512,117440512,117440512,117440512,117440512,117440512,117440512,117440512,117440512,117440512,50331648,0
0,0,0,0,0,0,0,0,267911168,536346624,471597056,404488192,404488192,404488192,941359104,941359104,941359104,941096960,941096960,941096960,406323200,409993216,535822336,265027584,268304384,68719345664,34351349760,25165824,25165824,25165824,25165824,25165824,25165824,25165824,25165824,25165824,25165824,58720256,58720256,58720256,117440512,117440512,117440512,117440512
0,0,0,0,0,0,32505856,267911168,536346624,404226048,941096960,806879232,806879232,806879232,806879232,806879232,808976384,943194112,943194112,405798912,405798912,472907776,204472320,242221056,132120576,8589930496,8589930496,25165824,25165824,25165824,25165824,25165824,25165824,25165824,25165824,25165824,25165824,25165824,58720256,58720256,50331648,50331648,117440512,117440512
0,0,0,0,0,0,0,520093696,2143289344,2044723200,3764387840,7523532800,7519862784,7517765632,7517765632,3223060480,3759931392,3759931392,1612447744,1880883200,806879232,941096960,473432064,238551040,263192576,34359607296,68719474688,34359737344,29374464,58720256,117440512,117440512,117440512,117440512,117440512,117440512,117440512,100663296,100663296,100663296,100663296,100663296,100663296,100663296
0,0,0,0,0,0,0,0,264241152,1072693248,2146435072,3761766400,3761766400,3761766400,3759669248,3759669248,1612185600,1612185600,1882718208,808976384,946864128,484442112,264241152,130023424,68719468544,137438952448,68719475712,25165824,25165824,25165824,25165824,25165824,25165824,25165824,25165824,25165824,25165824,25165824,25165824,25165824,25165824,58720256,58720256,58720256
0,0,0,0,0,0,0,0,62914560,132120576,250609664,238551040,204996608,473432064,473432064,473432064,473432064,204472320,208666624,216006656,264241152,264241152,68719443968,68719443968,100663296,117440512,117440512,117440512,117440512,117440512,117440512,117440512,117440512,117440512,117440512,117440512,117440512,117440512,117440512,117440512,117440512,117440512,117440512,117440512
0,0,0,0,0,0,0,130023424,534773760,1047527424,2016411648,1613758464,3761766400,3761766400,1612185600,1612185600,1882718208,808976384,946864128,484442112,247463936,130023424,62914560,17179852800,17179865088,25227264,58720256,58720256,58720256,58720256,58720256,50331648,50331648,50331648,50331648,50331648,50331648,50331648,50331648,50331648,50331648,50331648,50331648,50331648
0,0,0,0,0,0,0,0,133169152,267911168,473432064,404226048,941096960,941359104,941359104,941096960,943194112,942669824,942669824,477102080,484442112,264241152,4294966784,4294966784,12582912,12582912,12582912,29360128,25165824,25165824,25165824,25165824,25165824,25165824,25165824,25165824,25165824,25165824,25165824,25165824,58720256,58720256,58720256,58720256
0,0,0,0,0,0,0,0,6291456,16252928,66846720,60555264,118226944,101449728,102498304,102498304,104333312,104333312,108003328,132120576,132120576,62914560,4294934528,4294950912,2176843776,29360128,29360128,29360128,29360128,29360128,29360128,29360128,29360128,29360128,29360128,29360128,29360128,29360128,29360128,29360128,29360128,29360128,0,0
0,0,0,67043328,536862720,2140141568,8321530880,33286000128,64424511232,60129543040,120259084736,240518169024,481036337376,412316860512,962072674416,1924145348664,1649267441720,3848290697272,3298538029112,3298550612024,3298567389240,3298600943664,3848423866480,3848423866480,1649332453488,1649267441760,1924145348832,1924145348832,962072674496,962072674752,481036338048,240518170368,240518170368,120259091968,60129557504,30064799744,15032446976,7516307456,3758587904,2017394688,1073479680,267386880,62914560,0
0,0,0,8323072,536866816,4294965248,8522832896,15032389120,30064772864,60129542912,120259085184,240518169024,206158430400,481036337376,481036337248,412316860512,412316860528,412316860528,412316860528,412323151984,412348317808,481067794544,481067794528,206171013216,206158430304,240518168672,240518168800,103079215328,120259084512,120259084480,51539608000,60129542528,60129543040,30064772864,12884905472,15032392704,7516207104,4026560512,2013323264,1057210368,268402688,66977792,3145728,0
0,0,0,0,0,0,0,134217728,4261412864,17171480576,67711795200,266304684032,515400253440,962072932352,1924145377280,1924145360896,1649267453952,1649267453952,1649267453952,1649267453952,1649368117248,1649502334976,1924648677376,1924648677376,824868614144,824633733120,962072686592,412316872704,481036349440,206158458880,240518197248,103079239680,120259141632,60129599488,30064820224,15032500224,16106356736,7517175808,4030595072,2021130240,534773760,264241152,125829120,0
0,0,0,0,0,0,0,134213632,2147481600,8573155328,33286002688,64424516608,120259087360,240518171648,206158433792,481036340736,962072675840,1924145350144,1924145350144,1649267443456,3848341030656,3848542357248,3298786543360,3298769766144,3298769765888,3298534884864,3298534884864,3298534884864,3298534884864,3298534886912,3298534886400,3298534886400,3848290704384,1649267456000,1924145360896,962072702976,481036361728,515396132864,128849264640,67697082368,17100046336,4286054400,267386880,62914560
0,0,0,0,1081344,134215680,536870400,2113937280,4026532800,8053064128,15032385728,30064771296,25769803872,60129542240,51539607648,120259084384,103079215200,240518168672,206158430304,206174158944,206190936160,206224490592,206224490592,206190936160,206189887584,206171013344,240518168800,240518168768,103079215552,120259084672,51539608448,60129543936,60129543936,25769807360,30064778240,12884916224,15032446976,7516315648,4027547648,2147418112,1073479680,7340032,0,0
0,0,0,3145728,67108352,268435200,1040189184,4160750464,8053064064,16106127744,32212255104,60129542528,60129542528,120259084736,240518169024,481036337600,412316860864,962072674752,962072674752,824684052928,824763744704,824763744704,962198503872,962198503872,962131395008,962097840512,412316861312,412316861312,481036338944,481036338944,206158431744,206158433792,240518171648,103079222272,103079221248,120259098624,51539636224,60129566720,30064828416,15032500224,16131522560,4194238464,2147352576,520093696
0,0,0,0,0,0,67092480,1073737728,4261444608,16643005440,66571996672,266287974272,515396076416,481036337536,962072674752,824633721024,1924145348800,1649267441856,1649267441856,1649267441856,1649267441856,1649326162144,1649397465312,1649393271008,1924195680480,824633721024,824633721024,962072674496,412316860864,481036337536,481036338048,240518170368,103079218688,120259091456,60129556480,33286025216,16911491072,4227973120,1072136192,268369920,33423360,4194304,0,0
0,0,0,0,75464704,2147475456,17177833472,33822898176,128849026048,257698040832,515396079104,412316862208,962072676096,824633721600,1924145349504,1649267442048,1649267442112,3848290697440,3848290697440,3298534883552,3298534883552,3298585215200,3298794930400,3298799124672,3298660712896,3298534883712,3298534884224,3298534884096,3848290699008,1649267443456,1924145350144,962072677888,962072677376,481036344320,240518199296,120259112960,128849076224,64424624128,15032614912,7516651520,3760062464,2143027200,1073217536,266338304
0,0,0,0,0,134217216,536870656,2130707392,8321499616,33285996768,64424509552,257698037816,515396075548,962072674316,1924145348620,1649267441676,1649267441676,1649267441676,1649267441676,1924145348636,1924157931548,1924176805912,1924210360344,1924210360376,1924160028728,1924145348656,1924145348720,824633720928,824633721056,824633721024,962072674752,962072675200,412316862208,412316864000,481036344320,240518182912,120259115008,64424570880,33286119424,8455962624,4287070208,536739840,66846720,7864320
0,0,0,0,0,0,0,536854528,8589932544,34359736320,66572000256,120259087872,240518170112,481036338688,481036338688,962072675840,962072676096,824633722624,1924145349376,1649267442432,3848324252416,3298652324608,7697101489024,7697101489024,6597304648576,6597069767424,6597069768448,6597069770240,6597069770240,7696581401600,3298534897664,3848290725888,1649267470336,1924145405952,962072788992,962072772608,481036566528,240518627328,120260001792,60196388864,30869553152,17177772032,8455716864,1879048192
0,0,0,0,0,68719214592,549755748352,1065152921600,962072803328,1924145412096,1649267448832,1649267445248,3848290699008,3298534884096,3298534884096,3298534884096,3298534884096,3298534884096,3298560049920,3298660713216,3298794930944,3298794930944,3298794930944,3848550744832,3848408138496,1649267443456,1924145350144,1924145350144,824633724416,962072681472,412316867584,481036351488,206158444544,206158458880,240518225920,103079329792,103079444480,120259543040,51540525056,60131377152,30068441088,12892241920,15097397248,7579107328
0,0,0,0,0,0,0,0,0,0,0,2130706432,17179344896,33889714176,64426475520,120259543040,240518397952,240518283264,481036394496,481036394496,412316889088,412316872704,412551755776,412568524800,412568524800,481288001536,481036343296,240518174720,240518182912,120259112960,60129599488,25769861120,30064885760,15032614912,7516651520,3222142976,3759931392,1882718208,972029952,1071644672,1056964608,0,0,0
0,0,0,0,0,0,0,0,117440512,4292870144,17179344896,67654057984,137438937088,274877902848,549739067392,2061584317440,4123168607744,3848291220992,8796093021952,17592186012416,17592152490752,13194139534080,13194139534080,13194139537280,17592186044288,17592186044160,13211319338752,13194139534848,13194139534848,15393162792448,6597069773824,7696581408768,4398046510080,2199023254528,1924145471488,962072920064,481036828672,481037320192,241595842560,124033433600,63919095808,33952890880,34342961152,17112760320
0,0,0,0,0,0,0,0,0,130023424,536608768,2088697856,8322514944,33294368768,137438945280,137438457856,522912282624,481036344320,962072682368,962072805248,824635817728,824902141696,1099511105280,1099444520448,824633722368,824633724416,824633723904,824633752576,824633850880,962074758144,1099511569408,1099511117824,962072702976,962072731648,962072797184,412317089792,412317843456,412325117952,549755551744,549755289600,206174158848,240583180288,120787566592,65481474048
0,0,0,0,0,33554176,536870880,4286579696,8321499640,34359738360,68719476636,120259084300,240518168590,481036337158,962072674311,1099511627775,2199023255551,1649267441671,3848290697223,3848290697223,3298534883335,3298534883335,4398046511102,4398046511102,3298534883334,3298534883342,3848290697230,3848290697228,4363686772764,2198889037848,2199023190136,1925219090416,962074771424,481036337600,515396075968,266287974272,64558726912,34359737344,8589926400,2113929216,201326592,0,0,0
0,0,1046528,8388096,66592640,264242144,520093936,2147451004,4294967294,16106389503,32212255743,60129542147,133143986179,137430564867,249108099075,206292647935,206158561279,206158430239,257698037763,272730423299,240383950851,210449203203,206426832903,206175206919,206158561278,206158432254,206158430238,548682072092,549739036728,498215944312,481170554864,481038434272,515396083648,549722267392,549755583488,481170552832,481038426112,240522297344,249174687744,137436856320,68702699520,16106127360,0,0
0,0,0,0,0,0,0,0,0,0,1073610752,2147418112,3758587904,8589918208,17179860992,32211755008,60129570816,128849033216,120260131840,242665651200,274877877248,274743692800,206158431744,206158432000,206158430976,206158430976,206191983360,274877906688,274877900288,274341039616,240518183936,240518297600,120259600384,128853180416,30081286144,33956036608,8581545984,4227858432,2013265920,0,0,0,0,0
0,0,196608,67100672,536868864,2131230464,4294967040,17179869056,34225521088,128849019328,257698037952,481036338144,962341109728,833223655264,2199014867040,2194728288368,1649267441712,1649267441904,1649267458032,1649269538800,1649300995120,1650341052464,1683610402864,1923608477744,2181843386480,2061584302176,824633720928,962072675296,412316991424,481053114304,206695285184,244808942464,274810798848,136365213440,51539609088,60129545728,26575125504,30870337536,15854460928,8455684096,4290772992,2113929216,0,0
0,0,0,0,0,0,0,0,0,33521664,1073733632,8589932544,16643013632,64424512512,68182609408,137438953216,257698037504,206158431104,206158430592,481036337600,1030792151232,549487378656,274877904992,210453397472,206160527328,206158430432,206158430432,206158430656,549755813760,549755813760,206158432000,206158433792,240518175744,240518182912,103079243776,128849047552,68719468544,34359721984,15133278208,7634616320,8575123456,2138570752,66060288,62914560
0,0,0,0,0,2093056,16775168,134168064,533200768,2147483520,4294966720,7767851456,15032385728,12884902080,34359738352,30064771056,62277025760,51539607648,51539607648,51539607648,120259084384,137438953440,137438953440,103079215200,103079215200,103079215328,103079215328,103079215552,120259091840,137438953344,137438953216,120259086080,120259087872,51539614720,66572007424,34359734272,34359730176,16105848832,7517208576,8057192448,4244111360,1071644672,528482304,0
0,0,0,0,8380416,67106816,535837696,2113969920,8589934464,17179869152,34326184160,64424509552,60129543160,120259346392,120292638616,274877890588,274873712652,514322333710,412316860430,962072674310,962072678399,1030792675327,1099511627271,1099511562243,962072674311,412316860422,481036337166,481036337164,206158430236,240518168632,103083409392,137438953440,68719476672,30064774912,15032401408,8053127168,4278706176,1073709056,66846720,0,0,0,0,0
0,0,0,0,0,16711680,536838144,2147475456,8455778304,16106159104,68719476224,274877906816,515396076480,481036337632,962072674528,1030792151152,2199023255536,2199023255544,1649267441720,1649267441688,1649267441692,1649267441692,1649267572732,4398046511100,2199023255548,1649267441688,1649267441720,1924145348664,1924145348720,824633720944,2199023255520,1099511627712,824633721728,962072678144,962072681984,412316923904,412317118464,549755797504,274877775872,240651862016,135283081216,68685922304,34091302912,0
0,0,0,0,0,0,0,268435328,1073741760,4227858880,8053063904,17179869152,34359738336,68719476704,51539607776,120259084512,111669149920,135291469920,274877906928,214748364784,206158430304,481036337248,481036337248,412316860640,481036337344,549755813872,549755813872,413994582000,412316861184,412316862208,412316861952,412316864000,412316867584,481036351488,274877902848,274877898752,120259330048,60130033664,32213172224,16110059520,8069316608,2145386496,1069547520,251658240
0,0,0,0,0,0,66977792,268402688,1057472512,4160872448,16643028992,66572008960,266489823104,1099511627648,4398046495104,4389456576896,7696581394816,6597069767040,6597069767040,6597069767040,7696581394816,8796093022080,8796093022080,6597069767552,6597069767424,6597069768448,6597069768448,7696581395968,4398046510976,4398046510976,4398046510592,3298534890496,3848290703360,3848290711552,1649267456000,1924145377280,1924145405952,1099478196224,1099511611392,481103429632,240522330112,120275599360,128914030592,64684556288
2147479552,8589934080,16844390272,30299768800,60247097592,120318033980,240577347598,240543727623,481066614791,962086043651,962089189379,824641585153,1924153212929,1924152688641,1924147445761,2164663517185,2190433320963,2059436818439,1940788346911,1928306098303,1925185540083,824885903299,825692782087,828865769478,1030257376774,1097364160398,1082331759566,481037911036,412320793080,412333506616,481068253296,481099448544,206410318272,241021585280,104018845440,135023164416,136902146048,67646251008,66576171008,32346210304,17178820608,4278190080,0,0
0,0,0,0,0,1072693248,4294836224,17047715840,32683057152,26005600256,60247784448,51657838080,120318592768,103139771136,240544908160,240551199104,206191460736,515411804544,532591673728,541181608896,478895153088,428959891136,966233946304,1086493540544,1098975803584,1098438016960,1082331762624,962072675264,412367192256,412442689728,412442689984,412576907648,481300579200,206657554176,241520610816,105021185024,122167523328,63919157248,33315610624,17179836416,4294836224,1065353216,0,0
0,0,0,0,67076096,4294963200,8573418496,6644252160,15234172800,30300111808,25870926016,60247900384,51590856824,120319639800,120319377904,103112246256,103094945648,240532852336,266292173872,274743703600,274844479600,207215911024,207199600752,210386812528,223069994992,272730425312,266287972576,515396075744,206158430400,206158430656,206175208320,206217151360,206221346560,206290558464,206266448896,240756750336,103551066112,121199640576,62009081856,33823850496,16512712704,8530690048,4293918720,1069547520
0,0,0,33341440,67092480,252166144,503824384,1040445440,4144461824,8112716800,16137326080,30081025792,60136882944,51542754176,120259084736,51539608000,60129543104,64424511456,68182609632,59995339872,53653567584,51791323232,51791511648,52043184480,62142939104,29796343776,33285996640,32212648160,12885885120,15034450368,6446351296,6446221184,7523663616,3773300224,1641019392,2046689280,1073217536,266338304,125829120,0,0,0,0,0
0,0,0,0,0,0,0,0,62914560,535822336,4294836224,16915595264,33290174464,68186333184,122145501184,242404585472,481990553600,481535471616,412581113856,962198532096,962072801280,1082332278784,1095218704384,995903680512,970410438656,414212665344,420378308608,497142591488,547608358912,266287984640,515404492800,257727426560,120324120576,60387549184,26279526400,32085606400,16915070976,8057126912,8463843328,4227334144,2143289344,503316480,0,0
0,0,0,0,0,0,0,1572864,536608768,17179852800,68459425792,129803286528,240933411840,241017293824,481296387584,481288011264,412434365952,962173593344,962073708288,1030796280576,2164671644544,2196884029824,1717722661312,1657723418816,1649670127296,1650206969792,1653428193216,1683090310080,1715839434944,2190466875584,2164915175872,962332723072,825162211072,963037379584,414225297408,484807139328,248586158080,246968942592,135299727360,64432373760,30097276928,15162408960,8573157376,4261412864
0,0,0,0,4128768,16760832,536338432,533624832,2114862592,4263251456,8155301632,15153497984,30118252416,60195610048,120290556352,240547590336,206171267296,206158921952,206159413344,257699872880,274745655408,274862145648,206678777968,241524865136,244678934128,248579624944,135320830960,133175443680,120290541792,120291590368,120287396032,120287920576,51599901568,51591513856,60248821248,60232055808,26005665792,27045916672,34359705600,17179607040,4290772992,0,0,0
0,0,0,0,3145728,33292288,1744764928,2131197952,4228374528,8456171520,16509188096,30535457792,60331658752,60366259712,120363419392,103199802112,240642950016,240574792064,240583182272,240547532736,240547536576,266296376512,272730452160,257161191616,107240022208,104085905600,103314161632,104136245240,137405399280,136902082752,64425492672,51541639360,51543736512,51547177920,51554387840,51571171072,60159032320,60188782592,25889325056,30198857728,34359214080,17163091968,8321499136,0
0,0,0,33030144,1073709056,4291813376,34328082432,135393983488,128968035328,240580562432,481102399232,412348321664,962076872640,824633728448,824633735392,1924145377504,2061584359520,2181843501152,1919850610800,1681480155248,1656784551984,1653027373104,1683098173488,1716920516656,1915586871344,2164697067568,2130312167408,1924145364984,3848290697720,8521684878272,17318314772352,826747653888,828626705408,969689593856,488670490624,247015129088,272998596608,134216679424,34326183936,17045651456,8455716864,0,0,0
0,0,0,0,0,0,0,0,0,2097152,2147450880,8589918208,16917782528,33023877120,60941168640,258518036480,241470289920,481468356608,962500500480,825162206208,825153821696,962324364288,1082432486912,1097364262400,857919948288,970126231040,963952707072,416345482752,420372018688,496068754944,270589246976,266303708160,120292128768,60189863936,30183841792,15269216256,7988019200,4161732608,2015232000,1073610752,267649024,0,0,0
0,0,0,0,0,0,1069596672,4294963200,8589932544,15502276608,30568193024,129084132864,257815676416,515513976576,481095452416,962102952704,1030805652352,1065168405376,1090929561472,1028652597120,978723273088,966236029376,482094219712,206411006400,242649923008,107241013184,119722215360,135291470272,60129542592,60158902720,25801261952,30129784576,13009686016,15270943744,6681278464,7987916800,4162838528,2122252288,2146959360,1069547520,117440512,0,0,0
0,0,0,0,0,0,0,0,4161536,33546240,133232640,520207360,2080476928,8523057024,33487782336,64661356768,266526785760,515647209584,481168457840,481162166328,481095058424,481036345336,545460878872,549219069976,498149228440,482043035640,210386296824,257429602552,272730423344,128849018928,120262754416,120275337328,51572899936,60193244128,60189050816,25888165632,30300052480,13120256000,16576147456,8468553728,4294934528,1073610752,0,0
0,0,0,0,0,0,0,0,0,0,0,0,0,0,0,34359721984,137438951424,541971709440,2182648700672,2045209740160,3952309436864,3952309436640,3952309436512,1753286180976,2028164087920,2028164087856,1066091413552,516201381936,516201382000,242397216880,242397216992,124017181120,132070244800,133143987072,68182607616,8573160960,1073617920,134215680,2093056,1015808,0,0,0,0
0,0,0,0,0,0,0,0,0,0,0,130048,33554176,134211456,536347584,8522826176,17045651680,68115497056,271052701808,545662173232,507007467568,988077359152,988077359216,850638405744,854799155424,854799155648,975058240384,1046059419392,547843214848,136600108032,34351609856,4294959104,134184960,0,0,0,0,0,0,0,0,0,0,0
0,0,0,0,0,0,0,0,0,0,0,0,0,266338304,2147483520,17179869152,137170518256,549487378492,1044482359324,2092588597278,1985214414862,3968952434695,3539455705091,7903142477827,8178020384771,7078508756995,7009789280259,7009856389127,7009789280270,8109300908092,4329729687672,2130706432224,1082734412224,274877906816,68719476480,3221224448,402653184,134217728,0,0,0,0,0,0
0,0,0,0,0,0,0,0,0,0,0,0,134216576,1073741760,4294967264,17012097136,68283269168,273904828464,530529124408,975058239512,1954310783004,3874161164300,7722451861518,6657299972110,15444803059726,15444803059740,15444803059768,15444803059768,7748355883120,8306701631712,2121915171264,1091391459264,266757766912,68585781248,17179852800,2147352576,0,0,0,0,0,0,0,0
0,0,0,0,0,0,0,0,0,0,0,0,0,0,0,134217216,2147483520,17171736512,68585488832,549084725440,1080586928320,1954612773056,1675439898816,1675439898816,1984677544128,1022604870080,472849056192,533045710784,266691673984,137438952448,34359607296,31004295168,0,0,0,0,0,0,0,0,0,0,0,0
0,0,0,0,0,0,0,0,0,0,0,0,0,33552384,536868864,4278317056,8523083776,33487453184,64894279168,60599306112,120728847296,258167800032,258167799904,533045706848,1065621651552,1065621651680,2027627217120,1753286181312,1753151965056,2029103615744,1075352452608,549219006464,136365727744,68719443968,17179607040,0,0,0,0,0,0,0,0,0
0,0,0,0,0,0,0,0,0,0,0,0,8388592,268435440,4294443512,17112760382,66672656398,128949682182,532676608006,1065252552710,2164764180486,4363787436038,16698933510158,15599421882382,13400398626828,13400398626844,13434758365208,13434758365240,16733427466296,8624797646960,4381336404208,1099444535264,274877906816,61203275776,0,0,0,0,0,0,0,0,0,0
0,0,0,0,0,0,0,0,0,0,0,0,0,0,264241152,2147352576,8589901824,33387175936,135408973824,272847879680,270633275264,506856474592,987892810744,884813594686,1984325222414,1709447315462,1709447315462,1709447315470,1709447315516,1709447315704,1984325224416,987892842432,545578810368,274877890560,68719214592,8585740288,0,0,0,0,0,0,0,0
0,0,0,0,0,0,0,0,0,0,0,0,0,0,1069547520,8589930496,34359737856,135694139360,545930612728,1091391455484,2044874195004,1769727852556,1889986936844,4089010192396,4054650454044,4054650454044,1855627198520,2130505105656,1065621653472,515798761344,274877906432,68719468544,4294705152,0,0,0,0,0,0,0,0,0,0,0
0,0,0,0,0,0,0,0,0,0,0,0,0,0,536866816,8589933568,137371860736,274542364544,531703530432,977306387440,992338772216,1984476217404,3908621565980,3908621565964,3358865752076,3358865752092,3908621565980,3908621566072,1984744654832,1091391471584,549621858048,274877902848,8589803520,0,0,0,0,0,0,0,0,0,0,0
0,0,0,0,0,0,0,0,0,0,0,0,0,0,2147483264,34359738304,137220851680,272780755192,545511178296,987901198396,1984333611036,3908478959628,3350133211148,3350133211148,3899889025038,1975743676430,2113182629902,1095275380750,541224599612,133194318072,68300054512,17179869056,2147482624,67043328,0,0,0,0,0,0,0,0,0,0
0,0,0,0,0,0,0,0,0,0,2083840,33554176,268435448,2130710520,8455717112,68585259068,273133076494,545863499782,1056964608006,1022604869638,885233025030,1976154718214,1701276811270,1976154718214,1976154718214,876643090438,885233025030,1022671978510,541568532510,507208794172,267227496952,134083514336,68451106688,34359736320,4294934528,0,0,0,0,0,0,0,0,0
0,0,1006632960,2130706432,8581545984,7579107328,6471811072,6457131008,6291456,7340032,3145728,3145728,3145728,3145728,3145728,3145728,53673984,53936128,62783488,29097984,33292288,33292288,16252928,16252928,7340032,3178496,3194880,3260416,3375104,3342336,473366528,506855424,121503744,62783488,62783488,33292288,16252928,7864320,7340032,7340032,7340032,0,0,0
0,65011712,267386880,1043333120,2016935936,3761766400,1612185600,1597440,1634304,1630208,1687552,10452992,31391744,14548992,16646144,8126464,3932160,1836544,1838592,1842176,1849344,1863680,1892352,1884160,235782144,252542976,63930368,30375936,15663104,8323072,4063232,1835008,786432,786432,786432,786432,0,0,0,0,0,0,0,0
0,0,0,0,0,0,0,0,0,0,0,100663296,520093696,2130706432,4076863488,7566524416,7566524416,7566524416,2197815296,50331648,50331648,51118080,1662779392,1664614400,1936719872,870318080,1002438656,998244352,520093696,251658240,117440512,50593792,51249152,1125908480,3810000896,1933049856,1933049856,997195776,1004535808,532676608,264241152,260046848,117440512,117440512
0,0,0,0,0,0,0,25165824,62914560,130023424,247463936,216006656,484442112,954204160,819986432,819986432,551944192,15073280,485359616,486277120,251133952,133169152,65011712,31457280,14680064,14680064,14680064,14729216,14729216,115458048,115572736,250019840,115802112,116260864,133955584,66584576,66060288,32505856,31457280,14680064,4194304,0,0,0
0,0,0,0,0,0,66060288,267386880,506462208,1009778688,808452096,808452096,3670016,3670016,3694592,3727360,3792896,29065216,33488896,33423360,16515072,7864320,3670016,3670016,1572864,1572864,1572864,236460032,253237248,119027712,60305408,26767360,30990336,14401536,16744448,8257536,3932160,0,0,0,0,0,0,0
0,0,0,0,0,0,0,0,0,0,66060288,133693440,51904512,1572864,1572864,1572864,1581056,51929088,127426560,64610304,31440896,16711680,8126464,3670016,1576960,102248448,119042048,60350464,60407808,31162368,31391744,16646144,8126464,3932160,1835008,3932160,3932160,3932160,1572864,0,0,0,0,0
0,0,0,0,0,0,0,0,0,130023424,532676608,1021313024,954204160,14680064,6291456,6324224,6406144,6537216,107413504,107872256,108789760,125304832,66060288,65011712,31457280,14680064,6291456,6291456,6291456,6291456,6291456,811597824,945848320,476282880,207847424,241631232,107872256,125566976,66584576,65011712,14680064,6291456,14680064,14680064
0,0,0,0,0,0,0,0,0,0,125829120,532676608,1019215872,415236096,14680064,6291456,6291456,6291456,6291456,6291456,7340032,7340032,7340032,7340032,3260416,3268608,3260416,36929536,121044992,62783488,33292288,33058816,238055424,238084096,120700928,120815616,67043328,33423360,16252928,3145728,0,0,0,0
0,0,0,0,0,0,0,66584576,268173312,505151488,1007550464,939917312,805699584,393216,458752,458752,458752,458752,458752,487424,6778880,7856128,4177920,2082816,989184,464896,464896,464896,25638912,29831168,13070336,15167488,6512640,7593984,3399680,4177920,2064384,65536,0,0,0,0,0,0
0,0,0,0,0,0,0,0,0,0,0,0,234881024,520093696,520093696,998244352,834666496,817889280,12582912,14680064,6291456,6291456,6291456,6389760,7569408,7798784,108920832,125566976,66584576,66584576,32505856,15728640,6291456,6291456,207618048,241221632,107003904,107069440,123961344,124747776,58589184,66584576,65011712,0
0,0,0,0,0,33554432,251658240,528482304,427819008,427819008,29360128,29360128,29360128,29360128,29360128,29753344,835584000,969801728,500957184,267911168,267911168,133169152,132120576,62914560,29376512,29483008,29605888,29851648,1640431616,1909325824,1910243328,970457088,435683328,485490688,217055232,249561088,130023424,62914560,29360128,8388608,0,0,0,0
0,0,0,0,0,0,260046848,528482304,968884224,968884224,968884224,297795584,29360128,12582912,12681216,12828672,281477120,953024512,484179968,486014976,250609664,115343360,130023424,62914560,62914560,29372416,12611584,12640256,549699584,818380800,953090048,484311040,251133952,116391936,133169152,65011712,62914560,29360128,14680064,0,0,0,0,0
0,0,0,0,0,0,0,0,0,0,0,12884901888,16106127360,8053063680,4026531840,1879244800,939720704,403111936,470679552,203161600,236453888,242745344,116391936,132120576,130023424,125829120,260046848,499122176,968884224,1891631104,3770679296,3235905536,3235905536,3235905536,3233808384,3233808384,3250585600,3883925504,4278190080,2113929216,0,0,0,0
0,0,0,0,0,0,0,469765120,503323648,125843456,62943232,14737408,7454720,3899392,4128768,1966080,1966080,4063232,7733248,15073280,29753344,59113472,117899264,101122048,235339776,201785344,470220800,403111936,403111936,470220800,470155264,235274240,117833728,66977792,33423360,8126464,0,0,0,0,0,0,0,0
0,0,0,0,0,0,0,3221241856,3221282816,3758211072,1879277568,939982848,470679552,203161600,238551040,124780544,65011712,65011712,29360128,62914560,132120576,249561088,477102080,946864128,808452096,808976384,1880621056,1880621056,1612185600,1612185600,1612185600,1612185600,1612185600,1614282752,1618477056,1894776832,1069547520,528482304,0,0,0,0,0,0
0,0,0,0,0,12884901888,16106127360,8321499136,2013268992,503331840,251688960,63037440,31703040,15171584,8257536,3932160,3670016,7864320,16515072,31195136,60555264,118226944,101449728,235667456,470548480,940310528,940310528,1879834624,1611399168,3758882816,3758882816,3758882816,3758882816,3759931392,1614282752,1614282752,1886388224,1071644672,532676608,0,0,0,0,0
0,0,0,0,0,0,0,0,1879048192,2013265920,1006657536,235003904,117686272,59703296,33423360,16252928,15728640,31457280,132120576,257949696,510656512,946864128,812646400,1882193920,1613758464,1613758464,1613758464,1613758464,1613758464,1613758464,1613758464,1882193920,1886388224,1071644672,1071644672,251658240,0,0,0,0,0,0,0,0
0,0,0,0,0,0,0,0,7516192768,8321499136,2013380608,503824384,235896832,119406592,62390272,32505856,31457280,65011712,124780544,238026752,473432064,2016935936,1880621056,3759669248,3223060480,3223060480,3222011904,3222011904,3222011904,3758882816,3758882816,1879834624,940310528,471597056,268173312,133693440,0,0,0,0,0,0,0,0
0,1610612736,2013265920,1040188160,528483072,65015552,15736320,3684352,1863680,843776,1032192,1015808,458752,983040,2031616,4128768,7536640,15958016,29458432,25264128,58834944,50446336,117489664,100712448,234938368,234938368,201351168,201351168,201351168,201355264,201355264,234905600,100720640,134201344,67076096,0,0,0,0,0,0,0,0,0
0,0,0,0,0,0,0,0,0,0,0,0,8589936128,32212258304,16911440896,4227889152,1057026048,126074880,65503232,16711680,3932160,8126464,15597568,29818880,58916864,117669888,234979328,469860352,939638784,805355520,1879097344,1610670080,3758153728,3758153728,3758153728,1610670080,1879097344,2013380608,503808000,262078464,66846720,16252928,0,0
0,0,0,0,3221233664,4026560512,2013290496,1006755840,235126784,118456320,60686336,33030144,32505856,14680064,32505856,61865984,121110528,102498304,235667456,470679552,403046400,403111936,402849792,402849792,402882560,402882560,402751488,402751488,469860352,469860352,201424896,201818112,203358208,268173312,267386880,130023424,0,0,0,0,0,0,0,0
0,0,0,12884901888,16106127360,8321502720,2080390656,520158208,126083072,63406080,16711680,8126464,7340032,16252928,64749568,126615552,504233984,2080833536,1879506944,3758325760,7516422144,6442565632,15032500224,12884951040,30064820224,30064828416,12884959232,15032442880,15032442880,7516307456,3758325760,2014281728,1073610752,267911168,0,0,0,0,0,0,0,0,0,0
0,0,0,0,12884901888,15032385536,16642998272,4026531840,2013265920,469766144,234895360,117501952,58843136,29605888,15138816,8257536,8126464,7864320,33030144,131596288,127664128,504102912,1007550464,2013659136,1879506944,3758555136,7516389376,6442647552,6442647552,6442647552,7516389376,7516651520,3758489600,1881014272,1882980352,1073217536,534773760,125829120,0,0,0,0,0,0
0,0,0,0,0,0,536871168,2080376576,1040189184,260050432,62929920,14710784,7397376,3784704,2064384,2031616,1966080,4063232,16121856,31850496,130416640,252051456,470155264,470155264,939917312,1879441408,1879441408,1611005952,1611005952,1611005952,1611530240,1611399168,1612447744,1882718208,2029518848,1072693248,532676608,0,0,0,0,0,0,0
0,0,0,0,3145728,7864320,33030144,133693440,255328256,506986496,473432064,941096960,806879232,941096960,471334912,471334912,236453888,119013376,64487424,33030144,7864320,1572864,1835008,1835008,786432,786432,786432,786432,786432,786432,786432,786432,786432,786432,786432,786432,786432,786432,786432,917504,917504,1966080,917504,786432
0,0,0,0,0,0,0,0,0,0,0,2146435072,4293918720,3765436416,7523532800,15039725568,12892241920,30072111104,30072111104,30072111104,15039725568,7523532800,3765436416,2121269248,1073217536,267911168,3145728,3145728,3145728,3145728,3145728,3145728,3145728,3145728,3145728,3670016,3670016,3670016,7864320,7864320,3670016,3670016,1048576,0
0,0,0,0,0,0,0,0,0,0,0,1069547520,2145386496,3772776448,7530872832,15038676992,12891193344,12891193344,15038676992,7522484224,3764387840,2019557376,1071644672,266338304,6291456,6291456,6291456,6291456,6291456,6291456,6291456,6291456,6291456,6291456,6291456,6291456,6291456,6291456,6291456,6291456,6291456,2097152,0,0
0,133169152,267911168,536346624,943194112,1880621056,1614282752,1612185600,1880621056,1880621056,941096960,471334912,504889344,261619712,64487424,16252928,7864320,1572864,1572864,1572864,1572864,1572864,1572864,1572864,1572864,1572864,1572864,1572864,1572864,1572864,1572864,1572864,1572864,1572864,1835008,1835008,524288,0,0,0,0,0,0,0
0,0,0,0,0,0,0,0,1572864,16252928,66584576,127401984,119013376,102236160,102236160,236716032,236716032,236716032,236716032,236716032,126615552,66846720,16515072,2883584,786432,786432,786432,786432,917504,917504,917504,393216,393216,393216,393216,393216,393216,458752,458752,458752,458752,458752,458752,229376
0,0,0,0,0,0,0,0,31457280,132120576,123731968,241172480,207618048,207618048,207618048,207618048,207618048,241172480,241172480,123731968,65011712,32505856,7340032,3145728,3145728,3145728,3145728,3145728,3145728,3670016,3670016,3670016,3670016,3670016,3670016,3670016,1572864,1572864,1572864,3670016,3670016,1572864,0,0
0,0,0,0,0,0,0,0,0,0,6291456,65011712,132120576,266338304,207618048,476053504,476053504,945815552,945815552,945815552,945815552,476053504,257949696,132120576,65011712,6291456,7340032,7340032,7340032,7340032,7340032,7340032,7340032,3145728,3145728,3145728,3145728,3145728,3145728,3145728,7340032,7340032,7340032,3145728
0,0,0,0,0,0,12582912,65011712,132120576,124780544,108003328,103809024,103809024,103809024,103809024,103809024,103809024,120586240,66584576,33030144,7864320,1572864,1572864,1572864,1572864,1572864,1572864,1572864,1572864,1572864,1572864,1572864,1572864,1572864,1572864,1572864,1835008,1835008,1835008,1835008,524288,0,0,0
0,0,6291456,132120576,266338304,241172480,207618048,476053504,408944640,408944640,946864128,945815552,477102080,477102080,258998272,133169152,66060288,15728640,3145728,3145728,3145728,3670016,3670016,3670016,3670016,3670016,1572864,3670016,3670016,1572864,1572864,1572864,1572864,1572864,1572864,1572864,1572864,0,0,0,0,0,0,0
0,0,0,0,0,0,0,2097152,66060288,133169152,238026752,472907776,472907776,942669824,405798912,405798912,472907776,473432064,238551040,255328256,133693440,33030144,7864320,1572864,1572864,1572864,1572864,1572864,1572864,1835008,1835008,1835008,1835008,1835008,1835008,1835008,1835008,1835008,786432,786432,917504,786432,0,0
0,0,0,0,0,0,0,0,0,260046848,1069547520,2042626048,3770679296,7528775680,6455033856,6455033856,6455033856,7528775680,3770679296,4039114752,2143289344,532676608,12582912,12582912,12582912,12582912,12582912,14680064,14680064,14680064,14680064,6291456,6291456,6291456,6291456,6291456,6291456,6291456,6291456,7340032,6291456,6291456,6291456,14680064
0,0,0,0,0,0,0,0,0,0,0,66846720,133955584,521928704,1008467968,2014838784,1612185600,1612185600,1880621056,806879232,941096960,473432064,263192576,133169152,32505856,3145728,3145728,3145728,3145728,3145728,7340032,7340032,7340032,7340032,7340032,7340032,7340032,7340032,7340032,7340032,7340032,7340032,2097152,0
0,0,0,0,0,0,0,0,0,0,0,0,0,0,0,4123168604160,4397778075648,4398046511096,3856880631800,3848290697432,3848290697240,1649267441720,1924145348656,1924145348656,962072674352,481036337648,266287976416,136902115200,34359737344,2147475456,67043328,0,0,0,0,0,0,0,0,0,0,0,0,0
0,0,0,0,0,0,0,0,0,0,0,0,0,0,0,0,0,768,134217472,34359738304,274873716672,1095216667648,1030792165376,962072702976,412316983296,481036582912,257698496512,135292387328,68719214592,4294443008,0,0,0,0,0,0,0,0,0,0,0,0,0,0
0,0,0,0,0,0,0,0,0,0,0,0,0,0,0,0,24,4395899027480,4398046511100,3865470566396,1649535877020,1924145348636,962072674424,481036337392,257698038240,137170522048,34357772032,2147482624,16744448,0,0,0,0,0,0,0,0,0,0,0,0,0,0,0
0,0,0,0,0,0,0,0,0,0,0,0,0,0,0,3,3,16383,1073741823,1099511625735,1099444518927,962072674428,412316861432,481036345280,481036353024,266288101376,137172606976,34359672832,1073217536,0,0,0,0,0,0,0,0,0,0,0,0,0,0,0
0,0,0,0,0,0,0,0,0,0,0,0,0,0,0,0,4,2197949513982,2199023255550,2199023255548,1649300996028,1649267441912,3848290698208,1649267443648,1924145364736,962072804352,481053106176,274877841408,137437904896,33822867456,0,0,0,0,0,0,0,0,0,0,0,0,0,0
0,0,0,0,0,0,0,0,0,0,0,0,0,0,0,0,0,549755813912,2199023255548,2199023255544,1649267441712,1649267441776,1649267441776,1649267441888,1649267442112,1924145349504,824633724672,962072690176,481036367872,257698160640,133145018368,34359672832,8589803520,1065353216,0,0,0,0,0,0,0,0,0,0
0,0,0,0,0,0,0,0,0,0,0,0,0,0,0,12,12,4397979402268,4398046511100,3302829850620,3848290754608,3848290697264,3848290697264,1649267441904,1649267442656,1649267445696,1924145381120,2181845481472,549755805696,68719214592,0,0,0,0,0,0,0,0,0,0,0,0,0,0
0,0,0,0,0,0,0,0,0,0,0,0,0,0,0,0,0,962072674304,2199023255550,2199023255550,1649267441676,1649267441724,1924145348856,1924145349088,1924145352576,962072805120,532580137984,274877890560,68717379584,4261412864,0,0,0,0,0,0,0,0,0,0,0,0,0,0
0,0,0,0,0,0,0,0,0,0,0,0,0,0,0,0,0,3298534883340,8796093022206,4398046511102,3848291741816,1924145348848,824633721312,962072674752,481036338048,257698039552,128849026560,66572254208,17179867136,4294901760,130023424,0,0,0,0,0,0,0,0,0,0,0,0,0
0,0,0,0,0,0,0,0,0,0,0,0,0,0,0,4,6,14,2061584310268,2199023255548,2199023251576,1649267441904,1649267442112,1649267442624,1649267445504,1924145364480,1924145412096,962073194496,515404431360,274877775872,68717379584,503316480,0,0,0,0,0,0,0,0,0,0,0,0
0,0,0,0,0,0,0,0,0,0,0,0,0,6,6,6,6,549755813886,1099511627774,962072690686,962072674310,412316860422,481036337158,481036337166,206158430238,240518168828,128849019888,136365227968,34345058048,4294965248,134086656,0,0,0,0,0,0,0,0,0,0,0,0,0
0,0,0,0,0,0,0,0,0,0,0,0,0,0,0,0,0,0,2198754885600,2199023255536,1928440315744,1924145348832,1924145349056,1924145349568,1924145350528,824633724672,1030792158208,532576204800,135295662080,68719411200,8587837440,0,0,0,0,0,0,0,0,0,0,0,0,0
0,0,0,0,0,0,0,0,0,0,0,0,0,27262720,137438953408,549755813856,545460846816,412316860512,412316860512,412316860512,412316860640,412316860640,412316860608,412316860608,412316860608,412316860608,412316860608,541165879488,549487378624,274609471680,65472,65472,14336,0,0,0,0,0,0,0,0,0,0,0
0,0,0,0,0,0,0,0,0,0,0,0,128849018880,274877904896,274877906688,240518201088,206158430976,481036337920,412316861184,962072675072,824633721600,824633721728,824633721216,824633721216,824633721216,824633721216,824633721216,824633721216,824633721216,824633721216,824633721216,824633721216,1098438083456,1098975018880,1098438147584,0,0,0,0,0,0,0,0,0
0,0,0,0,0,0,0,0,0,0,0,2146959360,2199023255548,2199023255550,1649267441918,1649267441670,1649267441670,1649267441670,1649267441670,1649267441670,1649267441670,1649267441670,1649267441678,1649267441678,1649267441678,1649267441676,1649267441676,1649267441676,1649267441676,1649267441692,1649267441688,1649267441720,1649267442160,2198754852848,1099377442688,0,0,0,0,0,0,0,0,0
0,0,0,0,0,0,0,0,0,0,0,128849018880,274876858368,274877898752,206166818812,206158692348,206158430268,206158430236,206158430232,206158430232,206158430264,206158430264,206158430264,481036337200,481036337200,481036337200,412316860464,412316860464,412316860464,412316860464,412316860464,412316860464,481036337200,481036337264,549487378528,274743690464,137304739776,4032,0,0,0,0,0,0
0,0,0,0,0,0,0,0,0,0,16777152,2199023255488,2199014867168,1649267441888,1649267441888,1649267441888,1649267441888,1649267441888,1649267441888,1649267441888,1649267441888,3848290697312,3848290697312,3848290697312,3848290697312,3298534883424,3298534883424,3298534883424,4397509640288,2198486515552,131040,2016,0,0,0,0,0,0,0,0,0,0,0,0
0,0,0,0,0,0,0,0,0,0,0,0,4398046507008,4398046511088,3298534916080,3298534883376,3298534883376,3298534883376,3298534883376,3298534883376,3298534883376,3298534883376,3848290697264,3848290697264,3848290697264,3848290697264,1649267441712,2196879933488,2197953703984,1097364668208,8176,1008,0,0,0,0,0,0,0,0,0,0,0,0
0,0,0,0,0,0,0,0,0,0,0,0,2199023247360,2199023255536,2061718519800,1649267441912,1649267441720,1649267441720,1649267441720,1649267441720,3848290697272,3848290697272,3298534883384,3298534883376,3298534883376,3298534883376,3298534883376,3298534883376,3298534883376,3302293176368,4397509902320,4397509771248,1924145348608,0,0,0,0,0,0,0,0,0,0,0
0,0,0,0,0,0,0,0,0,0,528482304,137438937088,2198972923888,2181843517432,1649267441712,1649267441776,1649267441776,1649267441776,1649267441760,1649267441760,1924145348704,1924145348704,1924145348832,1924145348832,1649267441888,1649267441888,3848290697440,3298534883552,3298534883552,3298534883424,3298534883552,4393752362976,2196876820416,6443483136,0,0,0,0,0,0,0,0,0,0
0,0,0,0,0,0,0,0,0,0,0,0,549754765312,1099511627768,412321054712,962072674360,412316860472,412316860464,481036337264,481036337248,481036337248,481036337248,481036337248,481036337248,481036337248,481036337248,481036337248,481036337248,481036337248,549487378528,549487378528,549487410272,206158462944,16352,0,0,0,0,0,0,0,0,0,0
0,0,0,0,0,0,0,0,0,0,0,0,0,1099478073344,2199023190016,4124242345920,7696585588720,6597069766780,6597069766684,6597069766684,6597069766712,7696581394488,7696581394480,3298534883440,3298534883424,3298534883424,3298534883424,3298534883424,8658654068832,4380866772960,549223137248,33827059712,3758096384,0,0,0,0,0,0,0,0,0,0,0
0,0,0,0,0,0,0,0,0,0,0,4398046511040,8796093022176,7765300871136,6597069766752,6597069766752,6597069766768,6597069766704,6597069766704,6597069766704,6597069766704,6597069766712,6597069766712,6597069766712,6597069766712,6597069766712,6597069766712,6597069766712,6597069766712,6597069766712,6597069766712,7696581410808,7696581427184,8242042249216,4393751543808,4389456576512,0,0,0,0,0,0,0,0
0,0,0,0,0,0,0,0,0,0,2199023222784,2199023255550,1649267507199,1649267441671,1649267441671,1649267441670,1649267441670,1649267441670,1649267441678,1649267441678,1649267441678,1649267441678,1649267441678,1649267441678,1649267441678,1649267441678,1649267441676,1649267441676,1649267441676,1649267441676,2130303778828,1098437910556,274341068796,1073758200,0,0,0,0,0,0,0,0,0,0
0,0,0,0,0,0,0,0,58720256,132122624,51807009792,120732023808,120795446272,120795437056,120770533376,60601153536,30535512064,16039534592,8557412352,4280221696,2065399808,1673232384,1676771328,1642184704,1642184704,27412004608,34240266112,16926179072,1625341952,1625350144,1616961536,1885396992,1885396992,4032847872,17051967488,32621256704,30540886016,25977679872,8856776704,134166528,133969920,41433088,14336,0
0,0,0,0,0,0,0,0,14680064,66060288,133693440,238551040,209190912,502792192,52613091072,52597360512,62210836352,61069467392,31945915392,17049841664,8531197952,4242636800,2143387648,1736540160,4009852928,244528021504,274458705920,137221372928,3808689152,3817046016,3817013248,3817275392,3817734144,3817603072,1671168000,1738276864,17041326080,34359148544,31069536256,61199204352,52059750400,120259133440,34359787520,114688
0,0,0,0,0,0,0,0,134201408,103347642592,103599366368,120665923776,121232150720,61202299328,60658282880,26298807168,31029952256,16941727232,8084273152,1643657216,3790608384,3790608384,549518842104,549518843896,3252690816,3250591744,3250599936,3787470848,3787468800,1639985152,1623224320,8336203776,16926138368,16917786624,30876430336,26817458176,60664559616,51673808384,120275799552,120259084288,103079215104,34359738368,0,0
33292288,67043328,118456320,235110400,234996480,209699584,234849024,206422917888,257949811456,133647421184,68686183936,8556902400,1712250880,3885785088,3283640320,3254280192,7548727324,7547682812,7530905592,7530904576,67658346496,67658346496,7530901504,7522508800,7522541568,3227574272,3227777024,8059862016,8060341248,16919563776,31951685120,27664582144,61202237184,61194896128,60599304960,25769804544,25769804544,25769805568,25769807616,25769805568,1792,0,0,0
0,0,0,0,65011712,133169152,1099645583360,3848527544320,1649738186752,1924563928064,963146089984,482103756544,241525819136,121064857344,62143856128,34294722560,17116676096,4268982272,3345055744,7581302784,7579205632,7575013312,33311424448,2197974941568,2197978988544,7545667584,7545667584,7528890368,3233923072,7528898560,33298833408,68197511168,261471285248,517022300160,1032687728640,963028719616,1924681177088,3848557042688,1099645852672,3072,3072,0,0,0
0,0,0,0,0,0,0,528482304,1072693248,1072693248,2146971648,4235735040,3302699331584,3306859556864,7704638156800,7704105480192,7711630061568,3861191974912,2095438610432,1099270422528,543238651904,61187293184,52043841536,51774881792,51775004672,1013847687040,2190668676992,266523315968,52043382784,52043382784,52043382784,51774947328,60230664192,60231221248,60231237632,133380825088,116200599552,255789117440,212838920192,213782638592,210333874176,208270276608,207227992064,240769841152
0,0,0,0,0,0,0,0,0,0,234930176,528531456,9055551488,26187186176,30474813440,15568781312,8052654080,4269391872,2134867968,1058996224,465436672,431423488,435355648,434341632,417595264,417464064,549628010496,549628002304,517415682048,408993792,408993792,476102656,477151232,208715776,204521472,2083635200,4264681472,8564240384,7758901248,15153901568,13018871808,13018077184,30196898816,7168
0,0,0,0,0,917504,4161536,16498688,31514624,58777600,13010759680,30197968896,30198738944,15166550016,8581542080,4281987520,471660416,403570432,403701248,940554240,17046640640,34226444288,806230032,806231160,806232048,807145408,941362176,940314112,1007422976,2081164800,2081164288,3993766912,7634422784,6503013376,15063332864,12901186560,30073155072,30066853376,8589936384,1792,512,0,0,0
0,0,29360128,266338304,527433728,1010302976,2017198080,1880883392,279172743616,970662593408,832957302528,839667121664,1095217708032,549221027840,68587208704,31108685824,26028859392,25834840064,30129807360,12914286592,15061770240,2196900970368,1098463117184,7541390848,3783286784,1635803136,1904238592,964747264,8480947712,68677664640,135522255744,120523555200,120389599680,120326128064,34393031104,192,128,0,0,0,0,0,0,0
0,0,0,0,0,1572864,16516608,66979328,130483712,6551439104,15149761280,6572966656,7643038464,3742205696,4280143360,2142829568,1073281024,1055977472,1893752832,274347352064,274750013376,34097627104,1885364320,1885364224,811622400,1046503424,509632512,526415872,4284513280,8445259520,7581230848,15063900928,15048098560,25778176768,3932928,896,896,768,0,0,0,0,0,0
0,0,0,0,0,0,0,100663296,4286578688,8587837440,15048638464,30068703232,25903759360,61202762752,64411409408,2233116628992,3331821877248,3861179758592,1679340597248,1956372537344,1029747998720,536392990720,259627646976,104136278016,103599407104,103582629888,241021599744,240988045312,2440011315232,8762203176944,4364156665824,240719609856,240719609856,120460509184,51741032448,60330967040,26004783104,30299897856,15267788800,33521826816,67750337536,124410924032,242664607232,241050848768
0,0,0,0,0,0,0,0,0,0,15728640,268173312,530448768,940507520,1912308096,414061527936,416611795840,485264687872,210186010368,244748123648,137409132544,137412767744,6558855168,6574583808,6572490688,6572490688,17171494912,274794035200,547658676224,143931750400,6501185536,6501185536,6501185536,6467631104,7545581568,7545614336,33315485696,68195432448,137184090112,241474345984,481572686848,412584250368,1030892817408,1030792154624
0,0,0,0,0,0,0,0,3072,60130331648,128850861568,270584790528,219045182976,493925185024,425205724672,425210050304,977112295168,839681729280,831089206016,831105983360,1931687150464,1931720704448,1653143486656,1650995740896,1651113181280,1651381616736,1650274172928,3849230221312,3848693350400,3298534883328,7696581394432,2199023255552,0,0,0,0,0,0,0,0,0,0,0,0
0,0,0,0,0,0,0,0,0,15032385536,15040774144,33348927488,67708706816,63480852480,55008423936,124264755200,244490418176,244490418176,208251590656,483129759744,414410283008,964098989056,964098923520,826659965952,825586224128,1925098376192,1925100473344,1650222435328,1650222435328,1650215095296,1650215095808,1649677962752,1649543745024,1649274783232,1649274783232,2098688,1536,512,0,0,0,0,0,0
0,0,0,0,0,0,0,0,0,0,0,17179869184,60179873792,133194317824,116090060800,253663232000,219307687936,494135402496,496551288832,427834171392,968932880384,969461870592,832022917120,831889618944,1932474980352,1657596811264,1653028690944,3852051942400,3301756111872,3584,1536,1792,0,0,0,0,0,0,0,0,0,0,0,0
0,0,0,0,0,0,0,0,0,0,0,0,3221225472,7516192768,8061452288,16672473088,16706027520,31738421248,61803323392,53282562048,122002042880,104797253632,242370424832,482888529920,482854975488,964161320960,826722359296,1926166747136,1926162553856,1651150425856,1101394349824,1882721792,1614284288,0,0,0,0,0,0,0,0,0,0,0
0,0,0,0,0,0,0,0,0,0,49152,114688,253952,51539828736,120267694080,120288931840,257761357824,266351292416,266418403328,506920310784,438335051776,988059278336,988327709696,855175335424,1937439983104,1937439983360,1663099994880,1663095800704,1662961582464,1662961582528,1666180710592,1657590776032,1657321292000,8053063776,8053063792,7516192816,7516192768,3221225472,0,0,0,0,0,0
0,0,0,0,0,0,0,0,0,0,0,0,12884901888,12884901888,32212254720,32237424640,66634936320,126764480512,126831622144,109651818496,247076075520,247067678720,487720196096,488760383488,420310358016,420310358016,965699902464,828797819904,828798077952,1928176012288,1928173915648,1928173848064,1653295941376,1653026456320,3849902227456,3849902227456,3300145889280,7700339884032,7698192007168,7696581394432,2199023255552,0,0,0
0,0,0,0,0,0,0,1024,25769806848,64424516608,133143993344,115964132864,253461806592,253528929792,219173381632,496316212736,419006834176,418975376896,968999618048,968924120832,832558974720,1932607456000,1932608504576,1653297218432,3852320605056,3852320571776,3302564757888,3300418060736,3300418060480,7698462474464,6597608603744,6597071732848,1966128,917552,917624,917560,262144,0,0,0,0,0,0,0
0,0,0,0,0,0,0,0,0,0,0,0,8388608,25799192576,60192485376,60192487424,128981170176,133276170240,133250997248,270824164352,236464491520,219252116992,494394263040,425674769920,425675425536,975364129536,837923079040,1937971544448,1937971806592,1665107165632,3856613179584,3306588864736,3306588864608,7704634851440,2206539448368,2147483704,16,0,0,0,0,0,0,0
0,0,0,0,0,0,0,515396075520,532579614720,1022205886464,884771151872,1949923078144,1954226696192,1662166890496,1662166882304,1662182594560,1664325884928,3854759205888,3854792887296,3854792887296,3306102427136,3301807425024,3301874533888,3302394627840,3302394627840,7698427347712,7698695783168,7698662228864,7697588224896,6598076596672,939524544,402653312,0,0,0,0,0,0,0,0,0,0,0,0
0,0,0,0,0,0,0,0,0,0,1048576,6446120960,32220168192,67653722112,127791652864,106314719232,243753807872,209947717632,484821413888,416101904384,963743791104,826305099776,826565138432,1926143809536,1925070068736,1650175380480,1650309598208,1649771679232,1649771546112,1649771021824,1649502324480,1649502323456,67108864,0,0,0,0,0,0,0,0,0,0,0
0,0,0,0,0,0,0,0,0,0,0,4294967296,15057551360,15095302144,32344381440,32319224832,32453442560,66813180928,58190756864,127178664960,109994601984,247366477312,213006738944,489495774720,489495774976,970395862784,970395861760,832956891904,1928173814528,1653026554752,3852049810304,3852049810304,3759079872,459200,458880,458752,131072,0,0,0,0,0,0,0
0,0,0,0,0,0,0,0,0,0,0,30064771072,30064771072,66578313216,57997848576,126717392896,126734161920,109550082048,248096463872,248096459776,209433332736,484378610688,415642815488,965935500800,966069718528,828597208576,1925961221632,1651351750144,3850307897088,3849233892096,7697388274560,7696582443008,15393162788864,4398046511104,0,0,0,0,0,0,0,0,0,0
