0,1,2,3,4,5,6,7,8,9,10,11,12,13,14,15,16,17,18,19,20,21,22,23,24,25,26,27,28,29
0,0,0,0,0,0,2064384,1622016,1097728,1064960,1064960,1064960,1589248,1597440,573440,1015808,458752,16384000,33552384,159744,131072,131072,131072,131072,393216,393216,393216,393216,131072,0
0,0,0,0,0,0,1015808,835584,573440,540672,540672,540672,540672,540672,835584,901120,492544,1047552,4177920,196608,196608,65536,65536,65536,196608,458752,196608,196608,196608,196608
0,0,0,0,0,114688,253952,471040,790528,790528,790528,798720,274432,516096,246272,8388352,65536,65536,65536,65536,65536,65536,65536,65536,65536,98304,98304,98304,0,0
0,0,0,0,0,0,57344,258048,397312,397312,266240,266240,274432,290816,450560,3375104,4194048,261888,196608,196608,196608,131072,131072,131072,131072,131072,393216,131072,196608,0
0,0,0,0,0,245760,516096,794624,794624,794624,532480,532480,548864,548864,811008,1032192,520192,16773120,65536,65536,65536,65536,65536,65536,65536,65536,196608,458752,458752,196608
0,0,0,0,245760,1040384,811008,1581056,1581056,1581056,1597440,548864,548864,811008,802816,409600,507904,8388352,2203392,65536,65536,65536,65536,65536,65536,65536,196608,196608,196608,196608
0,0,0,0,0,1015808,1687552,3194880,2121728,2105344,3153920,3158016,1060864,1581056,1859584,811008,483328,16775168,16777088,98688,196608,131072,131072,131072,131072,131072,131072,131072,393216,393216
0,0,0,0,0,0,2080768,3694592,3170304,3170304,1073152,1073152,1597440,548864,835584,491520,229376,33554304,65536,65536,65536,65536,65536,65536,65536,65536,65536,65536,196608,196608
0,0,0,0,0,65536,245760,417792,286720,286720,286720,286720,311296,360448,491520,16776192,8599552,131072,131072,131072,131072,131072,131072,131072,131072,131072,131072,131072,131072,131072
0,0,0,0,32768,507904,835584,1597440,1073152,1073152,1073152,1597440,835584,966656,491520,8380416,8388096,67072,196608,196608,196608,196608,196608,196608,196608,196608,196608,196608,196608,196608
0,0,0,0,0,245760,516096,794624,532480,532480,532480,548864,802816,835584,425984,4194240,1048448,98304,98304,98304,98304,98304,65536,65536,65536,65536,65536,196608,196608,196608
0,0,0,0,0,16384,122880,208896,208896,405504,405504,417792,180224,180224,229376,4193280,4193280,98304,98304,98304,98304,98304,98304,98304,98304,98304,98304,98304,98304,0
0,0,260096,2096896,7865280,14680256,25165920,50331696,50331664,100663320,201326604,134217740,402669580,402702348,402898956,134463512,134463512,201326616,201326608,100663344,100663328,50331744,25166016,29360512,14681856,6295040,3685376,1044480,507904,0
0,0,63488,2097024,8126912,12583104,25165920,25165872,50331696,33554456,100663320,100663320,100663320,100712472,100778008,33669144,50331672,50331672,16777232,16777232,25165872,8388640,12583008,12583104,6291840,3670784,1838592,523264,126976,0
0,0,0,0,0,786432,16711680,29487104,117472256,100667136,201327360,201326848,201326848,201326848,201720064,202244352,202244352,67109120,100664064,100664064,50332416,16777728,25167360,12584448,6294528,3160064,1601536,1032192,491520,0
0,0,0,0,0,1048320,8322944,14680448,25165952,50331840,100663488,100663488,201326784,134217792,134676544,403046464,403046464,402653248,402653376,402653376,402653376,402653568,134218112,201327360,100663808,50333184,29367296,8353792,2088960,229376
0,0,0,130560,1048512,1835248,7340080,6291472,12582936,25165848,25165848,50331672,50331672,33677336,33808408,33669144,33669144,50364432,50331696,16777264,25165920,25165920,12583104,12583296,6292224,2100736,3947520,1044480,0,0
0,0,57344,524224,917600,3670112,6291488,12582944,25165872,16777264,50331696,100663344,100663344,67305520,67338288,67338288,100892720,100728880,100663392,100663360,50331840,50331840,50332032,16777600,25166592,8389120,12584448,6360064,4192256,983040
0,0,0,0,261632,2033408,7340480,29360320,58720352,100663344,67108912,201326640,134217744,134217744,134283280,134447120,201523216,67108912,100663344,100663344,33554528,50331872,25166272,25166720,15730176,3935744,1047552,126976,0,0
0,0,0,1048064,8357632,31457664,58720448,100663488,100663392,201326688,201326640,134217776,402653200,402653200,402849816,403111952,402882608,402653216,402653280,134217824,201326784,100663488,100663680,50332416,25167360,12586496,6298624,3160064,2093056,1032192
0,0,0,131008,1048544,3932208,14680088,29360140,117440524,201326598,201326598,201326598,201326598,201326596,201424900,201424908,201424908,201326600,201326616,67108888,67108912,100663392,100663488,50332032,50332544,29361920,15732224,4135936,520192,57344
0,0,0,0,0,2096896,16777088,29360256,50331840,50331840,100663360,67108928,201326688,134217824,402784352,403636320,268828768,268435552,268435648,268435904,402653568,402653952,201328128,67110400,100666368,50337792,25178112,14147584,8257536,3670016
0,0,0,16769024,67106816,100666880,201327488,201326784,134217920,402653280,402653280,402653280,402718816,403144800,403144800,403112032,134414432,201326656,201326784,67109056,100663680,33554688,50332416,50333184,16780288,25171968,25178112,12607488,4243456,6520832
0,0,0,0,0,0,0,0,8380416,14741504,25171968,50334720,50333184,100663808,100664064,101056896,101056896,101056896,50332032,50332416,25166592,12584448,6294528,6297600,3158016,1597440,2080768,983040,0,0
0,0,0,0,0,0,4177920,16314368,29621248,67102464,100663680,469764032,536870848,1073733728,805306464,536871008,1065355232,1073741632,536870976,805306560,805306752,402657152,536870784,201328128,100666368,50345984,51408896,26329088,14123008,8257536
0,0,0,0,0,0,491520,2095104,3685376,15203840,33552128,50332032,100663520,67117024,67370560,134201408,67109056,201326784,201327488,67112832,134217088,134210304,100664064,100666880,100670464,100724736,67104768,50380800,51085312,30343168
0,0,0,65472,1048568,3932184,16777212,33554374,50331654,100663299,268435455,268435455,134217731,402653187,402653187,536870911,469762018,402653186,134217734,251658244,268402700,202375160,100663320,50331696,29360608,16777088,4063232,917504,0,0
0,7936,65472,245872,917560,2097038,7344127,12582913,29360129,67100673,50855935,33554687,58720259,66060291,37683203,34078211,33562618,33554559,58720262,67043340,34602904,33570800,66060512,67101632,33685248,50362368,33546240,33488896,2097152,0
0,0,0,0,0,0,507904,2095104,3152896,8388096,14677504,29360896,25173888,67108736,66846912,50331840,50331744,50331744,51380192,67108032,50332096,50335616,25181184,12644352,8355840,3932160,524288,0,0,0
0,0,261632,2065344,4194272,16711776,25165872,50331696,101187576,218103576,264241176,134217736,134217976,134250472,135264264,234749960,264241176,201326616,67108984,100667376,33816496,67043424,32505952,25166016,13107584,14159616,7994880,4177920,786432,0
0,0,0,0,0,0,261120,2096896,7340416,12583104,33554368,51380192,50331680,100663344,132120624,67108856,33816568,33554456,33554480,67108832,50332128,50331840,50332032,50332416,33553920,16776192,6429696,4075520,2088960,245760
0,0,0,1536,130944,508384,2097120,4186160,6291504,14680120,16777208,8388632,25165848,25165848,33554424,33554424,16777240,16777232,16777264,25166816,33554400,16777408,25166272,27263360,16776960,8384000,7355392,3989504,2064384,0
0,0,0,261888,1016704,3997664,8388528,16252952,25165948,25182204,67108356,66977798,100663302,67108879,67110911,134217603,100663299,100663299,33554438,50331662,50331676,33554424,16253152,6291904,3673856,2096128,122880,0,0,0
0,0,0,0,1047552,4064768,7340928,33554368,50331760,100663352,100663320,268435448,201326604,201326596,201326596,268435454,268435452,201326604,201326604,201326616,268435416,134217712,100663520,100663744,100667136,67107840,67104768,31424512,16515072,0
0,0,0,0,0,1048560,3932208,6291472,16777200,8388624,25165840,29360152,67108856,52428792,33554456,33554456,100663312,134217720,117440504,100663392,100663488,100663744,100663680,67108608,67108352,29367296,14692352,3203072,2080768,983040
0,0,0,0,258048,1031168,3671552,14680960,58724320,268435424,532676656,268435504,805306416,805306416,1073741792,1073741792,805306464,268435520,402653248,536870880,536870880,402653568,134218112,201327360,201327104,134088192,134216704,50363392,25288704,13074432
2096896,8128480,12977272,25365532,50403334,50434051,100773889,67166209,201383937,201342977,251658241,264241155,217055239,203161661,201723891,69107459,83394499,132121062,117440638,100692028,100784152,33785912,50728048,52170176,33032064,31464960,14743552,16760832,1835008,0
0,0,0,507904,4190208,7093248,12990208,25375168,25374912,16851040,50454560,50454560,50380848,130072816,108020720,104603440,133709616,132122608,100663408,100859952,100859952,101154864,51216480,51216576,26837376,32605952,15834624,4192256,262144,0
0,0,16384,2096640,4071296,6691040,12982384,8525848,25374748,25374780,16900216,50381016,58753480,66847624,52305432,52303896,58200056,65011832,50331672,50331696,33554480,33783904,33800384,50774400,51148544,25968128,14161920,8155136,8183808,2064384
0,0,128512,465920,925184,1974016,3355072,6414528,12640352,25182256,25165872,29360240,32506072,29098904,25626392,25627672,27004920,16253432,14684184,4208688,6306864,6319200,3198912,1163136,1961984,507904,0,0,0,0
0,0,0,0,0,0,1040384,3962880,15760896,30434816,51954432,34390784,101155584,100861696,117444352,132135680,108585728,102301440,108011264,65012480,58721024,50430720,25396736,13551104,14175232,7370752,4059136,2080768,393216,0
0,0,0,0,0,516096,8387584,33083136,51216768,50692224,101122496,101058496,67116128,234909792,264302624,217611824,203163568,203161840,209191024,232783888,252117040,101122144,67961280,102335232,53579264,56686592,29388800,12697600,7798784,4063232
0,0,0,64512,1040128,2036608,4075712,6447200,12804320,25412016,50431792,50368016,50337816,58732568,67058712,51318552,52167640,57770232,31572024,25280536,25288720,25255984,25370720,25309376,8795008,14032640,8386560,4161536,0,0
0,0,0,126976,1570816,1973760,8134400,7082368,12857536,25583680,16932960,50577504,50561136,50430192,58786224,65012496,58197520,18744848,17696764,24903704,31463440,25180176,25193520,8441072,8490432,8589056,12811264,16769024,8257536,0
0,0,122880,2096640,16660224,29761920,50553024,100778080,100696304,67109296,201327384,251659800,264244248,216012808,204484616,217079816,230801420,251789192,234882044,469762108,1007419488,69075136,104203136,107093760,56883200,30392320,8126464,3670016,0,0
0,0,0,0,0,0,114688,4193280,7915008,14205440,59278080,50954496,101548416,68092032,67568576,125961920,98569408,103815232,102251584,108019648,65029056,58769792,25289472,12789248,6700544,3946496,1865728,520192,0,0
0,0,0,0,2096640,4194048,15467904,29756864,58853568,117643328,100765792,117551200,125886688,115394464,104357424,101652528,51330992,54280176,31457392,25165872,8487024,12828896,6709696,6709632,3948288,1734656,2080768,196608,0,0
0,0,0,0,0,6144,130560,460672,1838528,7605360,31864880,59174936,34062360,33751068,33554684,65013708,50073100,35391484,58196028,65011724,25190408,25223192,25276472,8597616,12718528,12983168,8130304,4193280,520192,0
0,0,0,0,0,0,0,0,0,0,16776192,67108736,261620192,218628208,151519256,151519256,218628120,218628104,117964808,119013384,51904536,28311600,32505952,32506080,4178368,522112,15872,0,0,0
0,0,0,0,0,0,0,768,131008,523872,8126512,16515096,63176728,63176712,113639432,80085000,80085016,80085040,105250912,65405376,33294208,2096640,0,0,0,0,0,0,0,0
0,0,0,0,0,0,0,0,0,1048512,8388600,66584604,123207694,214433798,160169987,453771267,436994049,369885185,369885187,369885190,504102924,252444696,130809968,16777152,786432,262144,0,0,0,0
0,0,0,0,0,0,0,0,261984,2097136,8257592,32899080,124125196,239468548,415629318,411435014,830603270,830603270,830603276,428212248,478412848,130810096,32245696,8388096,0,0,0,0,0,0
0,0,0,0,0,0,0,0,0,0,131008,4194272,33295408,132907056,248250416,214695984,210501680,109838384,126615664,63733728,16776704,13107200,0,0,0,0,0,0,0,0
0,0,0,0,0,0,0,0,0,262016,2068224,16518912,12845504,25428208,58982456,58982424,117702680,84672528,218890288,219676768,252707264,133170944,33553920,8384512,0,0,0,0,0,0
0,0,0,0,0,0,0,0,32760,2097148,8257550,31850499,58851331,117571587,520224770,989986822,855769094,587333636,856031244,990248972,495845400,134087664,16777088,0,0,0,0,0,0,0
0,0,0,0,0,0,0,0,0,0,2093056,8027136,31590144,54723008,113442928,109248572,209911814,209911810,209911814,209911822,209911928,113444832,130170624,33550336,0,0,0,0,0,0
0,0,0,0,0,0,0,0,0,0,4193792,16547776,130810108,244056092,226754566,184811526,184811526,184811524,251920412,118227192,65802208,16776704,0,0,0,0,0,0,0,0
0,0,0,0,0,0,0,0,0,0,8388480,66846944,125042800,115605628,214171660,142868486,411303942,411303940,142868492,209977464,126617568,33554176,0,0,0,0,0,0,0,0
0,0,0,0,0,0,0,0,0,261888,16777200,31654008,130220044,247660556,478347270,428015622,428015622,226689030,130220038,63111182,31654012,8388576,523776,0,0,0,0,0,0,0
0,0,0,0,0,0,0,65472,524284,4063356,16515086,65798150,114032642,76283906,227278850,227278850,227278850,227278850,109838338,109838342,63701020,29884920,16777152,4193280,0,0,0,0,0,0
0,0,1966080,7569408,6389760,49152,16384,16384,16384,24576,24576,227328,227328,126976,126976,57344,49152,17408,19456,19456,808960,413696,217088,258048,126976,57344,49152,49152,0,0
32768,507904,1990656,1597440,1073152,8960,9728,11264,112640,47104,61440,24640,8384,8576,13056,13824,408576,474112,113664,63488,30720,12288,12288,12288,4096,0,0,0,0,0
0,0,0,0,0,0,0,0,917504,4128768,3342336,2293760,2293760,196608,208896,1273856,1826816,1818624,1015808,983040,458752,200704,208896,1253376,1794048,737280,1032192,491520,458752,196608
0,0,0,0,0,229376,491520,425984,819200,1605632,1605632,38912,831488,450560,442368,229376,98304,32768,32768,34304,429056,432128,178176,241664,253952,114688,98304,32768,0,0
0,0,0,0,245760,475136,811008,1597440,24576,24576,26112,27648,129024,126976,57344,24576,24576,24576,287104,418176,221952,123648,126464,64512,28672,0,0,0,0,0
0,0,0,0,0,0,0,253952,221184,8192,8192,8704,206336,110080,48128,61440,24576,402176,206336,76800,113664,61440,57344,24576,24576,24576,0,0,0,0
0,0,0,0,0,0,491520,950272,557056,49152,50176,52224,186368,454656,253952,245760,114688,49152,49152,49152,49152,1622016,1887232,314368,448512,192512,253952,114688,49152,49152
0,0,0,0,0,0,196608,491520,884736,32768,49152,49152,49152,49152,16384,16384,17408,19968,19456,219136,258048,123648,411136,148992,220160,129024,57344,0,0,0
0,0,0,0,0,516096,929792,790528,530432,6144,6144,6144,6144,7936,56832,32256,15744,6528,6528,71936,105216,56064,52736,28160,31744,2048,0,0,0,0
0,0,0,0,0,0,0,0,393216,983040,720896,1671168,557056,49152,49152,50176,52224,22528,159744,221184,122880,49152,49152,311296,443904,181248,187392,260096,253952,65536
0,0,0,0,458752,983040,851968,98304,98304,98304,102400,634880,897024,516096,507904,245760,98304,101888,101376,1153024,1683456,892928,909312,376832,491520,229376,98304,0,0,0
0,0,0,0,458752,884736,622592,884736,98304,99328,101376,628736,913408,516096,507904,229376,229376,99072,99840,626176,1677312,897024,516096,245760,229376,98304,32768,0,0,0
0,0,0,0,0,0,0,4194304,6291456,3145728,1574912,792576,792576,274432,417792,180224,229376,196608,1015808,1933312,1081344,3178496,3194880,3178496,3244032,3342336,1966080,0,0,0
0,0,0,0,0,917888,196992,99072,52736,30720,14336,28672,53248,104448,202752,202752,399360,268288,792576,792576,792576,399360,200704,126976,0,0,0,0,0,0
0,0,0,0,0,3147264,3149312,1579008,800768,417792,417792,245760,98304,229376,442368,835584,1597440,1597440,1581056,1056768,1056768,1056768,1056768,1073152,1818624,983040,0,0,0,0
0,0,0,4194304,7340032,3670144,917888,198400,101888,63488,28672,24576,57344,110592,208896,405504,798720,798720,1585152,1060864,3158016,3158016,3158016,1073152,1630208,2080768,1015808,0,0,0
0,0,0,0,0,1048576,1835520,919040,461824,243712,122880,114688,245760,442368,802816,1589248,1064960,1064960,1073152,1073152,1073152,1589248,1622016,1032192,0,0,0,0,0,0
0,0,0,0,0,2097152,3670016,1838080,408576,225280,114688,98304,245760,417792,1859584,3153920,3153920,2109440,3158016,3158016,1060864,1585152,798720,520192,245760,0,0,0,0,0
0,1572864,917600,491744,57792,25344,13824,7168,6144,14336,30720,51200,101376,68608,197632,132608,394752,394752,262656,262656,393728,394752,462336,261120,0,0,0,0,0,0
0,0,0,0,0,0,0,0,192,15729088,3933056,984576,236544,61440,28672,120832,235520,461824,920576,787456,1574400,1050112,3147264,3147264,1050112,1838080,924672,258048,49152,0
0,0,0,3146496,1836544,921088,473088,225280,122880,114688,245760,221184,405504,790528,792576,788480,789504,789504,789504,789504,265216,269312,290816,507904,0,0,0,0,0,0
0,0,6291456,7864512,1835968,462592,105472,61440,57344,122880,471040,921600,1579008,3148800,6294528,6292480,12584448,12584448,4195840,6292992,3148800,1849344,1044480,0,0,0,0,0,0,0
0,0,0,6291456,7340032,1572864,917760,459520,198144,105472,63488,24576,122880,241664,405504,790528,1579008,3151872,2099200,2099200,2099200,3151872,3158016,1601536,1040384,229376,0,0,0,0
0,0,0,0,1572896,1966304,459200,99200,50688,27648,14336,28672,63488,235520,464896,792576,792576,1579008,1054720,1054720,1052672,1060864,1581056,1630208,1032192,0,0,0,0,0
0,0,0,24576,122880,253952,942080,811008,548864,794624,794624,401408,237568,122880,8192,8192,12288,12288,12288,12288,12288,12288,12288,12288,12288,12288,12288,12288,12288,12288
0,0,0,0,0,0,0,1032192,2080768,3162112,6307840,12599296,12599296,6307840,6307840,3686400,2088960,516096,16384,16384,24576,24576,24576,24576,24576,24576,24576,24576,24576,0
0,0,0,0,0,0,0,1015808,2064384,3178496,6340608,4243456,6340608,3194880,1622016,1032192,49152,49152,49152,49152,49152,49152,49152,49152,49152,49152,49152,49152,0,0
0,516096,1040384,1597440,1073152,1597440,1597440,811008,942080,253952,122880,24576,8192,8192,8192,8192,8192,8192,8192,8192,8192,8192,8192,8192,12288,0,0,0,0,0
0,0,0,0,0,8192,122880,237568,139264,401408,401408,405504,405504,405504,258048,61440,12288,12288,12288,4096,4096,4096,6144,6144,6144,6144,6144,6144,6144,6144
0,0,0,0,0,32768,245760,442368,311296,311296,311296,442368,442368,245760,114688,16384,16384,24576,24576,24576,24576,24576,24576,24576,24576,8192,8192,24576,0,0
0,0,0,0,0,0,0,49152,245760,442368,311296,835584,573440,835584,835584,507904,245760,49152,16384,16384,16384,16384,16384,16384,16384,16384,16384,16384,49152,16384
0,0,0,0,98304,245760,147456,409600,409600,417792,155648,155648,253952,122880,24576,24576,24576,24576,24576,24576,24576,24576,8192,8192,8192,12288,12288,8192,0,0
0,32768,507904,442368,311296,835584,835584,573440,835584,409600,245760,114688,16384,24576,24576,24576,24576,24576,24576,24576,24576,8192,8192,8192,24576,8192,0,0,0,0
0,0,0,0,0,114688,245760,409600,802816,548864,811008,811008,417792,483328,122880,24576,8192,8192,8192,8192,12288,12288,12288,12288,12288,12288,12288,12288,4096,0
0,0,0,0,0,0,983040,2064384,3244032,6389760,6389760,6389760,3244032,1933312,1015808,98304,32768,32768,32768,32768,32768,49152,49152,49152,49152,49152,49152,49152,49152,49152
0,0,0,0,0,0,0,122880,258048,929792,1581056,1056768,1581056,1597440,811008,516096,253952,24576,16384,16384,16384,16384,16384,16384,16384,16384,16384,16384,16384,0
0,0,0,0,0,0,0,0,0,0,201326592,536608772,142606332,134217740,134217740,201326600,67108872,117440568,65012208,8388480,1047552,0,0,0,0,0,0,0,0,0
0,0,0,0,0,0,0,0,0,0,0,0,262112,33554416,132120960,100664064,100664832,117443584,29366272,16773120,1040384,0,0,0,0,0,0,0,0,0
0,0,0,0,0,0,0,0,0,0,0,234881028,268435452,138412028,201326596,100663324,50331704,33030640,4194176,64512,0,0,0,0,0,0,0,0,0,0
0,0,0,0,0,0,0,0,0,0,1,3,2097151,134217219,117440526,100663544,33554880,62918400,33553408,1040384,0,0,0,0,0,0,0,0,0,0
0,0,0,0,0,0,0,0,0,0,0,2,268435454,136314878,134217756,134217848,201327072,100667264,59767808,33521664,0,0,0,0,0,0,0,0,0,0
0,0,0,0,0,0,0,0,0,0,0,0,268435454,268435452,134217736,134217752,134217776,201326688,100663744,117442304,62918144,16775168,4177920,0,0,0,0,0,0,0
0,0,0,0,0,0,0,0,0,0,0,6,536870910,402915324,134217740,134217752,134217784,201326832,251666304,134217216,8355840,0,0,0,0,0,0,0,0,0
0,0,0,0,0,0,0,0,0,0,0,0,268435455,268435454,201326606,201326648,201326704,100667328,65142528,16760832,0,0,0,0,0,0,0,0,0,0
0,0,0,0,0,0,0,0,0,0,0,0,536870910,268435454,201326616,100663344,117440608,58720320,29362112,8388352,2088960,0,0,0,0,0,0,0,0,0
0,0,0,0,0,0,0,0,0,0,0,2,201327102,268435452,134217752,134217776,134217952,201327552,100667136,50396160,33546240,0,0,0,0,0,0,0,0,0
0,0,0,0,0,0,0,0,0,2,2,2,134217726,100663298,100663298,33554434,50331654,50331676,29360368,16777152,2096128,0,0,0,0,0,0,0,0,0
0,0,0,0,0,0,0,0,0,0,0,0,267387384,268435448,201326616,201326640,201326688,67109056,117442432,32571136,16769024,0,0,0,0,0,0,0,0,0
0,0,0,0,0,0,0,0,0,4194272,134217720,100663320,100663320,100663320,100663312,100663312,100663344,100663344,100663344,66584624,3147312,2032,0,0,0,0,0,0,0,0
0,0,0,0,0,0,0,0,0,67108800,51380192,50331744,100663392,100663392,67108960,67108896,67108896,67108896,67108896,67108896,67108896,67108896,133171424,133173184,0,0,0,0,0,0
0,0,0,0,0,0,0,0,268435426,201328638,201326594,201326594,201326594,201326594,201326594,201326598,201326598,201326598,201326598,201326598,201326596,201326604,267387896,267912160,0,0,0,0,0,0
0,0,0,0,0,0,0,0,67092480,52428544,50335742,50331654,33554436,33554444,33554444,33554444,33554440,33554440,100663304,100663304,100663304,100663304,33554456,50331672,66846928,240,0,0,0,0
0,0,0,0,0,0,0,268435440,268435440,134217744,134217744,134217744,134217744,134217744,134217752,134217752,134217752,402653208,402653208,535822360,133173240,248,0,0,0,0,0,0,0,0
0,0,0,0,0,0,0,0,536870400,536870904,402653192,402653192,402653192,402653192,402653192,134217736,134217736,134217736,138436616,266370952,1016,56,0,0,0,0,0,0,0,0
0,0,0,0,0,0,0,0,268434432,268435452,134217820,134217740,134217740,134217740,134217740,402653196,402653192,402653192,402653192,402653192,418910200,534777848,0,0,0,0,0,0,0,0
0,0,0,0,0,0,0,8384512,268304376,234882044,201326600,201326616,201326616,201326616,201326616,201326608,201326608,134217744,402653200,402653208,402653208,532690936,65028032,4096,0,0,0,0,0,0
0,0,0,0,0,0,0,0,134201344,109051900,100663308,100663304,33554456,33554456,33554456,33554456,33554456,33554456,33554456,33554456,66584600,50332632,1016,0,0,0,0,0,0,0
0,0,0,0,0,0,0,0,0,134152192,470810608,402655228,268435470,268435468,268435468,402653192,402653208,402653208,402653208,520093720,264257520,16285440,0,0,0,0,0,0,0,0
0,0,0,0,0,0,0,0,536870904,268435480,805306392,805306392,805306376,805306376,805306380,805306380,805306380,805306380,805306380,805306380,268435468,268436476,402654200,532676608,201326592,0,0,0,0,0
0,0,0,0,0,0,0,268435440,268435455,201326595,201326594,201326594,201326598,201326598,201326598,201326598,201326598,201326598,201326598,201326598,201326598,132121348,32506876,0,0,0,0,0,0,0
0,0,0,0,0,0,508288,25478016,26207104,26206592,25965312,13385216,8272896,4143104,1797120,1657856,1688576,16353248,16287712,1607168,1623552,1623552,1623552,8177152,13420032,12898048,514304,258304,256,256
0,0,0,0,0,0,245760,483328,319488,17817792,27209952,27005152,14172032,8158720,3984384,1543168,1510400,51776512,66789248,1249152,1247232,1251328,1257472,1257472,1798144,16513024,14650368,26150400,25167360,1536
0,0,0,0,0,130048,17301008,17578544,26083120,26185520,13606496,16358336,7975808,1171712,3260672,133808444,133267960,3244288,3244288,1147648,1147648,7897600,7915264,14206720,13586176,25427392,25229504,16777216,0,0
126976,260096,396288,293984,392288,50794080,30278880,16654208,1981952,3355136,3269120,2212670,2212860,14713600,32539392,2146816,2146816,3196416,3198848,7403648,14213312,14270656,10469440,9306208,8388704,8388704,8388832,96,0,0
0,0,0,245760,134639616,134494208,202234048,102758592,51133504,26745280,16531200,8285184,3329024,2329600,2329600,31526896,266439680,2196480,2196480,3179520,7376384,32545536,59808512,102281472,202367360,134726016,384,192,0,0
0,0,0,0,0,1032192,1826816,2024192,138175232,406348544,408969984,409003520,217169408,133904384,26161152,25563136,25566208,126230496,126228960,26089472,26089472,25303040,8525824,29768704,29767168,57041664,57041664,54313728,35619072,50790656
0,0,0,0,0,0,0,984576,1017344,13420032,7332864,4187136,1993728,1013760,882688,903168,904672,839616,134005760,102548992,837120,837120,280064,279552,1986048,4120064,6748928,4714752,12829056,131456
0,0,0,12288,31744,118272,230912,12829440,12837632,6815504,4091696,800736,802752,538880,16267648,1577352,1585656,1585392,536768,798912,1847424,3551360,2306432,6398848,12648384,12615360,4194368,64,0,0
0,98304,507904,942080,1601536,3665968,104856672,74464448,130039680,66599936,14575104,13092352,12813824,4294144,266404448,132188128,3211776,1114624,1672704,8226752,33394144,17271840,25409584,16904240,48,0,0,0,0,0
0,0,0,0,127168,250048,6486080,6552672,6494304,4078784,2058112,2090752,1623552,66634240,33080312,1622552,1622528,967168,967552,4178816,3392224,6391392,12647520,30816,96,96,0,0,0,0
0,0,0,0,0,2031616,8372224,14737408,12820480,10477952,12089728,417348352,213974784,216129024,129206272,60492800,17697792,51252224,51119104,520882168,520357880,50594816,17042432,25431040,12979200,12979200,15081344,32928128,27189440,51347648
0,0,0,0,0,0,0,516096,1044528,1579040,102235168,104733792,54017984,54294400,33448704,6472448,6521328,6521840,66781440,132317440,6488320,6488320,2162944,2196224,3245824,32607488,26786176,51372416,101171328,100663488
0,0,0,0,0,0,25178496,62927296,62943680,104887232,107016768,73454144,73504352,207724128,204676656,204676144,202771480,136186904,135005184,403177472,402653184,0,0,0,0,0,0,0,0,0
0,0,0,0,0,0,6291456,14778368,14910976,28804864,28806912,53841152,51742976,102603136,102603136,68983168,68980864,203198592,203206784,202174592,135065792,135061696,134275264,134234304,192,64,0,0,0,0
0,0,0,0,0,0,0,0,29360128,29557760,55021056,55021056,107318784,107780608,74240768,73986304,205058304,205021568,137380224,403701952,192,64,0,0,0,0,0,0,0,0
0,0,0,0,0,0,0,0,1048576,3145728,7439360,13864448,13864448,26380800,18275072,51829504,102029568,102551808,203190656,202928512,135815360,1597632,1048704,0,0,0,0,0,0,0
0,0,0,0,0,0,0,3072,3584,25168384,25271040,58956544,58953984,109482368,113684864,80015552,214757568,206368832,206073952,140013600,142110768,142094352,141565976,3145752,3145736,2097152,0,0,0,0
0,0,0,0,0,0,0,0,4194304,12582912,14778368,31687424,31688448,56790272,57068800,36097280,103074176,103565696,71068032,70809728,205027520,205011008,202913888,135280640,403707904,403707904,403701760,268435456,0,0
0,0,0,0,0,8388736,29360512,29360576,54723520,54756288,40338112,107382464,107791936,103597120,204262496,203967584,137907296,137914400,404256816,404256816,270039064,268449816,12296,12300,4096,0,0,0,0,0
0,0,0,0,0,0,0,0,0,12681984,29590272,29591296,29804416,63358080,63227072,38030528,105671744,105671776,206317600,208156720,142096432,410529808,409997336,271581192,12,0,0,0,0,0
0,0,0,0,0,117448704,125853696,79750656,213968640,214021376,205634944,140623232,140590208,404961472,406010048,405944512,406198336,404101216,270407776,270272544,269221936,524288,0,0,0,0,0,0,0,0
0,0,0,0,0,0,0,24576,14706176,31516160,19983872,53587712,103918336,101788416,68368640,68893056,203043200,201994624,135147648,135147712,134611008,134611040,0,0,0,0,0,0,0,0
0,0,0,0,0,0,0,0,6356992,14909824,15122816,15123328,31769472,32260800,57427648,53241536,103310912,104358976,70790240,205012064,205012064,137377824,1054768,6160,6144,0,0,0,0,0
0,0,0,0,0,0,0,4194304,12582912,14731008,31573760,23186816,52514176,52652416,36927616,104233152,104231104,202797248,203190464,136081472,403202144,805306368,805306368,0,0,0,0,0,0,0
