0,1,2,3,4,5,6,7,8,9,10,11,12,13,14,15,16,17,18,19,20,21,22,23,24,25,26,27,28,29,30,31,32
0,0,0,0,0,0,1966080,8323072,6356992,4292608,4292608,4292608,4292608,6389760,6389760,6389760,3604480,4063232,1835008,133955584,134213632,843776,786432,786432,786432,786432,786432,1572864,1572864,1572864,1572864,524288,0
0,0,0,0,0,0,917504,4128768,2195456,2195456,2195456,2195456,2195456,2195456,2195456,3244032,3211264,3604480,1972224,16775168,33488896,262144,393216,393216,393216,393216,393216,1966080,917504,917504,786432,786432,786432
0,0,0,0,0,0,491520,1032192,1859584,3170304,3170304,3170304,3170304,1097728,2080768,2064384,33553920,33553408,393216,393216,393216,393216,393216,393216,393216,393216,393216,393216,393216,393216,393216,0,0
0,0,0,0,0,0,0,507904,1040384,1597440,1597440,1581056,1581056,1597440,1630208,1687552,2031616,16646144,8388096,786432,786432,786432,786432,786432,786432,786432,786432,786432,786432,1835008,786432,786432,0
0,0,0,0,0,0,2080768,2080768,3194880,3194880,3194880,2146304,2146304,2146304,3194880,3194880,3375104,2031616,67100672,134152192,393216,393216,393216,393216,393216,393216,393216,393216,262144,262144,1835008,786432,786432
0,0,0,0,0,2064384,3719168,3194880,6340608,6340608,6340608,6340608,2146304,3194880,3178496,3244032,1146880,1671168,983040,33553920,409088,393216,393216,393216,393216,393216,393216,393216,393216,262144,786432,786432,786432
0,0,0,0,0,1835008,8257536,14876672,8486912,8437760,8437760,12632064,12599296,12599296,6340608,6340608,3194880,1622016,1933312,134215680,134217472,393216,786432,786432,786432,786432,786432,786432,786432,524288,524288,524288,524288
0,0,0,0,0,0,2031616,8355840,14712832,12632064,12632064,12632064,4243456,6340608,6340608,3244032,1769472,1966080,134217472,268435328,393216,393216,393216,393216,393216,393216,393216,393216,393216,393216,393216,917504,786432
0,0,0,0,0,0,917504,2064384,1687552,1097728,1097728,1097728,1081344,1146880,1769472,2031616,67076096,134215680,786432,786432,786432,786432,786432,786432,786432,786432,786432,786432,786432,786432,786432,786432,786432
0,0,0,0,0,983040,4161536,7438336,6324224,12615680,12632064,4243456,6340608,3244032,3342336,1769472,917504,33550336,33553920,394240,262144,262144,262144,786432,786432,786432,786432,786432,786432,786432,786432,786432,786432
0,0,0,0,0,0,1015808,2080768,3194880,2146304,2146304,2146304,2146304,3244032,3244032,1769472,16777088,16777088,131072,131072,393216,393216,393216,393216,393216,393216,393216,393216,393216,393216,917504,917504,393216
0,0,0,0,0,0,229376,507904,966656,811008,1597440,1622016,1622016,622592,1015808,983040,458752,16775168,8781824,393216,393216,393216,393216,393216,393216,393216,393216,393216,393216,393216,393216,131072,0
0,0,245760,4193280,15732608,62914944,117440704,234881120,201326640,402653232,805306392,805306392,1610612744,1073741836,1073971212,1074233352,1074757656,1611628568,1611595800,1610612752,536870960,805306416,402653280,402653376,201327040,100664192,50333184,25168896,29374464,7401472,4177920,983040,0
0,0,0,4193792,33427328,58720640,50331840,100663392,201326688,402653232,402653232,268435472,268435480,268435480,268501016,268894232,403111960,402849816,402653200,134217776,201326640,201326640,100663344,100663392,100663520,50332096,58721152,29361920,14683648,3677184,2093056,98304,0
0,0,0,0,0,0,33292288,65929216,235134976,402717696,805314048,1610614272,1610613248,1610613248,1610613248,1612186112,1612186112,1614283264,806879744,805306880,805307904,402654720,402654720,201327616,100666368,100666368,50337792,25180160,12644352,7454720,4128768,1966080,0
0,0,0,0,0,1047552,16776960,32506624,117441280,234881408,469762432,402653568,805306496,1610612864,1610612928,1611399360,1612447936,3223060672,3222798528,3221225664,3221225664,3221225856,3221225856,1073742208,1610613504,1610614528,805307904,402656256,503323648,126121984,33349632,4161536,983040
0,0,0,63488,2097024,7865312,14680160,25165872,50331696,100663344,100663312,201326608,201326608,402653208,402882584,403144728,403144728,403144720,402849840,402653232,201326640,201326688,201326688,100663488,100663744,50332544,50333440,25169408,12590080,16773120,4177920,0,0
0,0,0,1048448,4063424,7340256,29360224,58720352,117440608,100663392,201326688,402653216,268435488,805306400,806092832,806223904,806223904,806223904,805699680,805568608,805306560,402653376,402653376,402653568,201326976,201327360,201327360,100664832,117443584,50337792,29784064,16773120,3932160
0,0,0,0,520192,4193792,16254720,62914944,251658432,469762144,805306464,805306400,1610612784,1610612784,1610612784,1610612784,1611530288,1611530288,1611399216,805306416,805306416,805306464,402653280,402653376,201326976,100664064,58721792,31460352,8001536,2093056,507904,0,0
0,0,0,2095104,33553920,65013504,234881792,469762432,402653376,805306560,805306464,1610612832,1610612784,1610612784,1073741872,1073741872,3222143024,3223191600,3222143072,1073741920,1073741888,1610612928,1610612928,805306752,939524992,402653952,201330176,100666368,50337792,29372416,14737408,8372224,2064384
0,0,0,32512,2097088,8257760,31457328,125829144,234881036,469762060,805306374,1610612742,1610612742,1610612742,1610612748,537329676,537329676,537329676,537067528,536870936,536870936,805306416,805306480,805306464,268435648,402653568,402653952,234882816,117443584,31463424,8269824,2088960,114688
0,0,0,0,0,2095104,33554176,130024192,234881408,201326976,402653312,805306560,805306560,536871104,1610612928,1611399232,3223060544,3225157696,2148532320,2147483840,2147484096,3221225856,3221226240,1610614272,1610615808,805309440,805312512,402665472,201355264,100786176,56606720,33030144,14680064
0,0,0,0,268427264,1006663680,805310208,1610614528,1610613120,1610612928,1073742016,3221225664,3221225664,3221225664,3222143168,3223191744,3223191744,1075708096,1611399360,1610612928,536871296,805306752,805307136,402653952,402654720,134221312,201333760,201340928,67137536,100720640,50446336,50528256,26148864
0,0,0,0,0,0,0,0,7864320,33538048,125952000,234893312,201332736,402660352,402656768,268436992,269484800,270271232,270271232,404226816,402653952,201328128,100664832,117443584,50337792,25178112,12611584,12632064,6520832,8323072,3932160,0,0
0,0,0,0,0,0,1835008,33521664,130150400,268434432,536858112,805307136,1610613120,3221487552,8589934528,6442451136,6442451136,6442451392,8589934560,8589934272,6442451136,6442451328,2147484032,3221226240,4294967168,2147404800,805313536,402665472,402710528,214155264,113704960,66977792,33030144
0,0,0,0,0,0,0,2064384,8122368,31471616,127925248,268434944,402653952,402654176,805310432,805437376,1073733824,1073479872,536871296,536871296,536872832,536878976,1073740544,1073726208,805307904,805309440,805312512,268464128,503832576,536854528,402882560,205389824,121372672
0,0,0,15872,2097120,16646264,31457404,134217708,268435334,469762054,939524099,1073741823,2147483647,1610612739,1610612739,1073741827,2147221631,2147483646,1073741826,1610612742,1610612742,2113929228,2147352588,545259512,805322736,402653296,234881248,119537600,33554176,7864320,524288,0,0
0,15360,130944,1032672,1966192,8384540,33554431,58721279,117440515,260046851,268419075,404750335,402655231,469762051,520093699,469237763,411025411,403177347,402657278,402653310,520093700,536608780,406847384,402718704,503316704,536740800,406847232,402684928,201580544,268369920,133693440,8388608,0
0,0,0,0,0,0,0,2080768,8384512,12597248,33553408,58715136,100664832,201330432,205520768,536854912,402653568,402653376,402653376,402653632,478150592,536608896,134218624,201330432,201341952,100790272,63930368,33423360,7340032,0,0,0,0
0,0,523264,4194048,16777152,33554400,123732064,234881072,402653296,809500656,939523856,2139095064,1610612760,1610612856,1610645496,1611661080,1644101656,2145386520,2113929240,536870928,805306480,268451824,403701600,419364960,266338496,234881216,100663680,56624896,65076736,32503808,16646144,3145728,0
0,0,0,0,0,0,0,4193280,16776704,62915328,117440896,268435392,234880960,402653280,402653280,1006633008,536739888,436207600,402685936,402653232,402653280,536870880,402653664,402653568,134218496,201328384,201330176,134216704,50870272,30175232,16572416,4177920,983040
0,0,0,0,130816,1045376,4095968,16777184,31326240,25165872,58720312,67108856,104856624,100663312,67108888,201326616,268435448,268435448,201326608,201326640,201326688,234913760,268435392,201326784,201326976,100664064,130088448,67107840,25180160,12644352,8093696,4128768,0
0,0,0,261120,2096896,8127424,33554400,67104880,125829144,100663548,201359356,268434444,536608774,402653190,805306374,805307391,1073741823,1073737731,805306371,268435462,402653190,402653196,201326616,268435440,134201568,50332544,29363968,16546816,4190208,98304,0,0,0
0,0,0,0,1046528,8387584,31460864,130027392,251658176,469762144,805306416,805306392,1073741816,1619001324,1610612748,1610612748,1610612748,2147483646,2147483596,1610612748,1610612760,536870936,1073217456,1073741808,805306592,805306816,805308160,402669056,536866816,202358784,134086656,132120576,0
0,0,0,0,0,1048544,8388592,31457328,60817392,67108848,100663344,100663344,234881072,268435440,436207608,402653200,402653200,402653232,402653232,536870904,285212664,268435648,268435648,268435840,402653952,536348160,268434432,234895360,117469184,25223168,14909440,8323072,1835008
0,0,0,0,245760,2093056,7871488,31460864,125830016,505413600,2147483616,4278190176,3221225568,6442451040,6442451040,8587837536,8589934560,6442453056,2147483840,3221225664,3221225664,4294967264,4294967232,1073742208,1610613504,1610613504,1610614272,805309440,1073683456,403699712,469884928,235372544,119406592
8388096,33296320,60296432,101455932,201601038,403058695,403070979,805527553,805552129,1610711041,1610711041,2013265921,2130706435,1673527311,552599583,540542963,809271235,821099523,935395206,1056965094,939540606,268558396,402894872,403583024,404494448,205003200,257956736,264248832,125860864,59760640,33488896,6291456,0
0,0,0,0,8372224,32567296,60324864,102264576,101475200,201613504,201769152,134660192,402882656,469991520,503545952,394331104,836771616,879787040,1069580064,1056966624,805306592,806092832,269352992,270401632,404619488,406192576,208012160,241633024,130489344,65533952,16769024,0,0
0,0,0,4192256,16744192,26752896,51917024,51916912,101457968,67919900,201769016,201769080,201556184,201392536,266340120,435691032,404518936,418414360,467673080,520093808,469762096,402653232,402653280,403046624,403636672,403669888,404342528,204536832,106969088,132149248,66109440,33259520,8323072
0,0,510976,1047552,1587200,7872000,15480576,29778816,58966208,117538880,100696160,67108976,100663536,125829616,99615504,70780432,67902480,104603152,108011504,62914608,58728496,50360368,25221216,25286880,12689344,12812032,6742016,4177920,2031616,0,0,0,0
0,0,0,0,0,0,2031616,8372224,31520768,62979072,113348096,207717888,405997056,272500224,807273984,939531776,1040219648,935454208,836994560,820248064,432029184,520095232,469763584,470222336,101649408,102697984,57776128,31567872,29417472,16236544,8257536,1048576,0
0,0,0,0,0,49152,8380416,133823488,255004416,204669696,404619648,404489088,807145344,805321920,939585728,1040302176,1874983008,1643134512,1613760432,1617953264,1675624688,1870659632,2081161264,807141600,808846272,813041408,417532928,432224256,226619392,117686272,50790400,31195136,16252928
0,0,0,61440,1571840,1998592,7889792,14205376,59556032,51216864,235373344,201788976,402857008,402665520,503341080,536375320,469515288,406327064,148898776,264700152,252117048,235110448,201818160,67551328,67944672,101499072,101245824,102264576,56163328,33546240,16515072,0,0
0,0,0,114688,1044480,8140800,15744000,32519680,53502848,119038336,236503232,202211520,202211424,201785568,201785824,201720752,251660080,264242736,217058352,204999728,205262840,267386936,125837360,67137584,100782128,100767984,100867008,101064448,101465600,51372032,67076096,33030144,0
0,0,114688,4192256,33062400,127452928,235716992,403669184,403144928,805372384,805307184,805307952,2013269008,2130712600,1736454168,1639997464,1640022024,1740734472,1845747720,2013527960,1879050236,3759145084,8056733920,544735680,819463040,831004160,428669952,253747200,134152192,32505856,27262976,0,0
0,0,0,0,0,0,0,4190208,16776192,65211392,123930112,237176320,405996288,943063808,808845696,807142272,941363072,1056972160,868227264,819998912,820050112,432045696,461375360,235111296,235390720,51301888,60611584,32536576,15757312,8380416,2064384,0,0
0,0,0,0,0,16776704,32636416,62397184,102242688,470560960,403452096,805724352,939745376,1040433376,931254240,834772576,275787808,406609952,142376928,232784352,260046944,100794400,101122144,51314880,51216768,26788608,32570880,15793152,8118272,8323072,786432,0,0
0,0,0,0,0,0,260096,1048064,1843072,7346624,30421216,127430704,505004048,404455448,403570716,403439868,469764076,532684556,435167212,409997308,434110520,260046856,234913816,201572376,101138480,101081328,101474752,51917696,60309248,32652288,8384512,1032192,0
0,0,0,0,0,0,0,0,0,0,0,67092480,268435200,1046480832,2082472160,1277165616,1814036496,1814036504,1814036504,1008730136,1008730136,476053528,476053552,213909552,247464032,125829312,33030592,4187008,261632,30720,0,0,0
0,0,0,0,0,0,0,0,3840,524224,2096352,33030256,66060336,252706840,521666584,454557720,857210904,857210904,857210928,857210976,991428800,530056064,133697280,16776192,520192,0,0,0,0,0,0,0,0
0,0,0,0,0,0,0,0,0,0,4194240,33554416,266338364,526385164,857735182,1714421767,3425697795,3627024385,3627024385,3492806657,2419064835,4029677582,4163895324,2016411704,1043333232,268435392,33554304,3145728,0,0,0,0,0
0,0,0,0,0,0,0,0,0,1048544,8388592,33030264,265814040,530055192,990380044,1661468684,3792175110,3322413062,6543638534,6543638540,6543638540,3323461656,3860332592,974127584,523243456,134217216,8384512,0,0,0,0,0,0
0,0,0,0,0,0,0,0,0,0,0,524160,16777184,66075744,535822368,1001390112,1664090144,1647312928,909115424,909115424,506462432,268435392,134216704,56623104,0,0,0,0,0,0,0,0,0
0,0,0,0,0,0,0,0,0,0,1048320,8331008,66068224,118489984,101712352,235929712,504365072,470810640,1007681584,1009778736,1815085168,1818231008,1010828160,532680448,268434432,67104768,0,0,0,0,0,0,0
0,0,0,0,0,0,0,0,0,131064,8388600,33292302,127401990,503840771,1007419395,2014052354,4161536006,6845890566,6845890566,4698144780,6577192972,7719092248,4231528504,1070597104,134217664,33554432,0,0,0,0,0,0,0
0,0,0,0,0,0,0,0,0,0,0,8380416,67106816,126623232,260835200,453771744,839647480,906756158,1712062470,1712062470,1712062470,1712062492,1712062584,856426464,520912640,268431360,67076096,0,0,0,0,0,0
0,0,0,0,0,0,0,0,0,0,0,16776192,134217600,523240440,1041236028,1846542350,1812987910,1745879046,2014314508,2014314508,2014314556,942670320,531636160,268434432,0,0,0,0,0,0,0,0,0
0,0,0,0,0,0,0,0,0,0,0,33554176,267387840,533725280,865075448,856686652,1712848908,1712848900,3323461636,3323461644,1712848924,1980760312,1043341280,268434944,8380416,0,0,0,0,0,0,0,0
0,0,0,0,0,0,0,0,0,0,1048064,67108848,265027824,520880184,973340684,1711538182,3322150918,3322150918,1711538182,1711538182,1057226758,503578638,126615800,33308640,4193792,0,0,0,0,0,0,0,0
0,0,0,0,0,0,0,0,262016,2097148,16253048,133169180,254803974,456130566,909115394,640679938,1712324610,1712324610,1712324610,907018246,909115398,506462222,439353404,253755888,132153280,33553408,0,0,0,0,0,0,0
0,0,8126464,33423360,25624576,25362432,98304,98304,98304,98304,98304,32768,831488,847872,450560,450560,245760,229376,98304,100352,104448,104448,1159168,1679360,909312,1040384,516096,245760,98304,229376,98304,0,0
131072,1015808,4030464,6340608,12632064,50176,52736,56320,55296,454656,253952,253952,114816,49536,50048,50944,19968,19456,1857536,1996800,487424,258048,126976,57344,24576,24576,24576,0,0,0,0,0,0
0,0,0,0,0,0,0,0,0,3932160,16515072,30146560,25952256,9175040,786432,802816,5038080,13484032,7307264,7274496,4063232,3932160,1835008,794624,811008,5029888,7127040,7176192,4030464,4128768,1966080,1835008,786432
0,0,0,0,0,0,917504,2031616,1769472,3342336,6488064,6488064,204800,1269760,3923968,1818624,983040,458752,196608,196608,198656,199680,1775616,1781760,749568,1007616,1032192,491520,491520,196608,65536,0,0
0,0,0,0,491520,2064384,3768320,7372800,6324224,49152,49152,52224,56320,454656,253952,253952,114688,49152,49152,49152,1622784,1884928,837120,443904,183296,260096,126976,114688,0,0,0,0,0
0,0,0,0,0,0,0,98304,1032192,311296,49152,49152,50176,836608,445440,260096,258048,114688,49664,1885696,838656,448512,456704,253952,114688,114688,49152,49152,49152,0,0,0,0
0,0,0,0,0,0,917504,2031616,3866624,2293760,196608,65536,71680,604160,1662976,901120,884736,458752,458752,65536,196608,196608,196608,2293760,7538688,3348480,1781760,1794048,1032192,491520,196608,65536,196608
0,0,0,0,0,0,0,917504,1966080,3342336,196608,196608,65536,98304,98304,98304,98304,98304,105472,105472,104448,913408,516096,509440,1674752,1674240,890880,520192,516096,98304,0,0,0
0,0,0,0,0,1015808,2080768,3170304,2121728,2109440,12288,12288,12288,12288,15872,112128,130048,63488,29440,13056,13056,406016,472576,210432,113664,113664,64512,63488,0,0,0,0,0
0,0,0,0,0,0,0,0,0,1572864,3932160,3538944,6684672,2293760,196608,196608,98304,104448,112640,651264,909312,1032192,491520,229376,65536,1114112,1641472,1772544,989184,882688,909312,491520,0
0,0,0,0,786432,3932160,3538944,3538944,393216,131072,131072,139264,2252800,3301376,1753088,1802240,1015808,983040,134144,138240,145408,4337664,6447104,3325952,3325952,1277952,1802240,2031616,917504,131072,0,0,0
0,0,0,0,1966080,4063232,3538944,3276800,2228224,131072,133120,137216,2256896,3334144,3915776,1802240,983040,983040,458752,198144,200192,6495232,6516736,3399680,1818624,1015808,983040,458752,458752,0,0,0,0
0,0,0,0,0,0,0,0,50331648,58720256,12582912,6295552,3158016,3174400,1630208,1622016,1671168,983040,917504,1835008,4063232,6422528,14876672,12779520,12779520,12779520,12779520,12976128,14417920,7864320,0,0,0
0,0,0,0,0,3145984,1835776,919296,462336,105472,126976,61440,57344,122880,204800,401408,798720,798720,1585152,1585152,3158016,3158016,3158016,1581056,794624,516096,253952,0,0,0,0,0,0
0,0,0,0,0,8388608,12585984,6297600,7352320,3170304,1622016,1933312,983040,393216,917504,2031616,3735552,3244032,6389760,6340608,6340608,4243456,4243456,4243456,4243456,4243456,6520832,4128768,1835008,0,0,0,0
0,0,0,0,25165824,31457280,7340416,3933952,921088,210944,126976,122880,114688,245760,475136,933888,802816,1589248,3170304,6316032,6316032,4218880,12607488,12607488,12607488,12632064,6406144,6520832,4128768,1835008,0,0,0
0,0,0,0,0,0,6291456,7341056,1575936,800768,454656,245760,229376,1015808,1933312,3768320,7438336,6389760,6389760,6389760,6389760,6389760,6389760,6389760,6389760,8323072,4063232,0,0,0,0,0,0
0,0,0,0,0,0,29360128,14682112,3676160,1863680,843776,491520,458752,983040,1933312,3719168,6340608,12632064,8437760,8404992,12607488,12607488,12607488,6316032,7364608,3792896,2080768,0,0,0,0,0,0
0,14680064,7864384,1966272,491968,116480,52736,31744,30720,12288,28672,61440,102400,202752,399360,792576,788480,527360,1575936,1575936,1573888,1574400,1574400,1574400,1838080,1046528,253952,0,0,0,0,0,0
0,0,0,0,0,0,0,0,0,50331840,62915456,15730432,3935744,997376,258048,122880,253952,471040,929792,1841152,3676160,3147776,6294528,6294528,12585984,12585984,12585984,6294528,7346176,1994752,516096,0,0
0,0,0,12583936,6292992,3148800,1587200,815104,507904,229376,196608,491520,835584,1622016,1073152,3158016,3158016,3158016,3151872,3151872,3151872,3151872,1054720,1587200,1634304,2080768,983040,0,0,0,0,0,0
0,0,16777216,29360256,15729536,3673856,932864,487424,253952,229376,507904,942080,3694592,6303744,12595200,25171968,25171968,50334720,50334720,50334720,50334720,25168896,12589056,7368704,4186112,983040,0,0,0,0,0,0,0
0,0,0,50331648,62914560,14680064,7340032,1573376,787968,400384,210944,225280,114688,245760,1032192,1859584,3694592,6316032,14692352,12595200,25169920,25169920,25178112,8400896,12607488,6348800,3391488,4161536,0,0,0,0,0
0,0,0,0,0,7340224,3932608,918400,460544,101376,55296,28672,57344,122880,466944,925696,1581056,3153920,3153920,6299648,6299648,4202496,4218880,4218880,4243456,6406144,8355840,1966080,0,0,0,0,0
0,0,0,32768,245760,1015808,1884160,3719168,3194880,2146304,3194880,3719168,1622016,966656,507904,114688,49152,49152,24576,24576,24576,24576,24576,24576,24576,24576,24576,24576,24576,24576,24576,24576,24576
0,0,0,0,0,0,0,0,8355840,16744448,12681216,25264128,50429952,50429952,50429952,25264128,12681216,7438336,4177920,507904,98304,98304,98304,98304,98304,32768,32768,49152,114688,114688,114688,32768,0
0,0,0,0,0,0,0,0,8323072,16711680,29556736,25362432,16973824,25362432,25362432,14876672,8323072,2031616,196608,196608,196608,196608,65536,65536,65536,65536,65536,65536,65536,65536,98304,0,0
0,2080768,4161536,7389184,6340608,4243456,6340608,6340608,3194880,1884160,966656,507904,114688,49152,49152,49152,49152,49152,49152,49152,49152,49152,49152,49152,49152,49152,16384,0,0,0,0,0,0
0,0,0,0,0,0,114688,507904,966656,835584,1622016,1622016,1589248,1589248,1589248,933888,516096,122880,24576,24576,24576,24576,24576,24576,8192,12288,12288,12288,12288,12288,12288,12288,12288
0,0,0,0,0,0,458752,983040,1638400,1638400,1671168,1671168,1671168,1671168,884736,1015808,229376,98304,98304,98304,98304,32768,32768,49152,49152,49152,49152,49152,49152,49152,49152,0,0
0,0,0,0,0,0,0,65536,458752,983040,1769472,1245184,3342336,3342336,2293760,3342336,1769472,983040,491520,98304,98304,98304,98304,98304,98304,98304,98304,98304,98304,98304,98304,98304,98304
0,0,0,0,0,983040,884736,622592,1671168,1671168,1671168,622592,622592,950272,507904,114688,49152,49152,49152,49152,49152,49152,49152,49152,49152,49152,49152,49152,16384,16384,0,0,0
0,65536,983040,2031616,1638400,3211264,3211264,3244032,3244032,3244032,1671168,1015808,491520,98304,98304,32768,32768,49152,49152,49152,49152,49152,49152,49152,49152,49152,49152,49152,0,0,0,0,0
0,0,0,0,0,65536,1015808,1933312,1671168,3244032,3244032,3178496,3178496,1622016,1884160,1032192,245760,49152,49152,49152,49152,49152,16384,16384,16384,16384,16384,16384,16384,24576,24576,0,0
0,0,0,0,0,0,0,4063232,8257536,12779520,25296896,25296896,25296896,12713984,14811136,8257536,2031616,196608,196608,196608,196608,196608,196608,196608,196608,196608,65536,65536,65536,98304,98304,98304,229376
0,0,0,0,0,0,0,0,507904,1032192,3686400,7389184,4243456,6340608,6340608,3194880,3702784,2064384,229376,98304,98304,98304,98304,98304,98304,98304,98304,98304,98304,98304,98304,98304,0
0,0,0,0,0,0,0,0,0,0,0,1610612736,2145386504,1207959548,1610612796,1610612748,1610612744,536870936,805306392,469762296,264243168,67108608,4190208,0,0,0,0,0,0,0,0,0,0
0,0,0,0,0,0,0,0,0,0,0,0,0,65472,67108832,267911648,939524864,805307904,805313536,469776384,251686912,67100672,4161536,0,0,0,0,0,0,0,0,0,0
0,0,0,0,0,0,0,0,0,0,0,0,1073741836,2145386524,1677721596,1610612748,805306380,402653208,503316592,133695456,16777088,126976,0,0,0,0,0,0,0,0,0,0,0
0,0,0,0,0,0,0,0,0,0,0,1,1,524287,1073741823,1069547535,805306492,402653680,402655104,264257024,134215680,2064384,0,0,0,0,0,0,0,0,0,0,0
0,0,0,0,0,0,0,0,0,0,0,0,6,2146959422,2147483646,1610612748,1610612792,1610612976,1879050112,939540224,473954304,134086656,0,0,0,0,0,0,0,0,0,0,0
0,0,0,0,0,0,0,0,0,0,0,0,0,2147483644,2147483644,1610612760,1610612760,1610612784,1610612848,1610612928,805307264,469765888,234888192,63434752,33538048,0,0,0,0,0,0,0,0
0,0,0,0,0,0,0,0,0,0,0,0,6,2147418172,2147483646,1073741832,1610612744,1610612792,1610612848,1610613696,939556608,536868864,33488896,0,0,0,0,0,0,0,0,0,0
0,0,0,0,0,0,0,0,0,0,0,0,0,2147483646,2147483646,1610612748,1610612764,1610612848,805306848,939556736,536869888,67043328,0,0,0,0,0,0,0,0,0,0,0
0,0,0,0,0,0,0,0,0,0,0,0,0,4294934534,4294967294,1610612760,805306416,805306464,402653376,234881216,125837184,33553920,8372224,0,0,0,0,0,0,0,0,0,0
0,0,0,0,0,0,0,0,0,0,0,0,6,510,2147483644,2147483160,1610612784,1610612832,1610613184,1610614656,805322240,470020096,268419072,7864320,0,0,0,0,0,0,0,0,0
0,0,0,0,0,0,0,0,0,0,6,6,2,1073741822,1073741822,805306370,402653186,402653190,402653198,201326652,260047344,67108736,8386560,0,0,0,0,0,0,0,0,0,0
0,0,0,0,0,0,0,0,0,0,0,0,0,1056964656,2147483640,1614806032,1610612784,1610612832,536871136,805306752,469769984,264502784,67092480,1835008,0,0,0,0,0,0,0,0,0
0,0,0,0,0,0,0,0,0,0,16777184,536870896,402653208,268435472,268435472,268435504,268435504,268435504,268435504,268435504,402653232,534773808,31460400,4080,512,0,0,0,0,0,0,0,0
0,0,0,0,0,0,0,0,0,234881024,268435392,138411968,402653376,268435520,805306432,805306432,536871008,536871008,536871008,536871008,536871008,536871008,536871008,536871008,1069560032,1069563840,7936,0,0,0,0,0,0
0,0,0,0,0,0,0,0,0,2147483646,1610616830,1610612742,1610612742,1610612742,1610612742,1610612742,1610612742,1610612742,1610612742,1610612742,1610612742,1610612742,1610612748,1610612748,1610612856,2146437104,2097152,0,0,0,0,0,0
0,0,0,0,0,0,0,0,100663296,268419072,142605824,134234110,402653188,402653196,402653196,402653196,402653192,402653208,402653208,402653208,268435480,402653208,402653208,402653208,402653208,402653208,535822384,132121072,240,0,0,0,0
0,0,0,0,0,0,0,0,2147483632,2147352624,1610612784,1610612784,1610612784,1610612784,1610612784,1610612784,1073741840,1073741840,1073741840,3221225488,3221225488,2143289360,1069555696,4080,0,0,0,0,0,0,0,0,0
0,0,0,0,0,0,0,0,0,2147483632,2147483640,1073741848,1073741848,1073741848,1073741848,1073741848,1073741848,1610612760,1610612760,1610612760,1635842072,1065418520,2040,248,0,0,0,0,0,0,0,0,0
0,0,0,0,0,0,0,0,0,2147483136,2147483640,1610612988,1610612748,1610612748,1610612744,1610612744,1610612744,1073741832,1073741848,1073741848,1073741848,1073741848,1205878776,2143297528,0,0,0,0,0,0,0,0,0
0,0,0,0,0,0,0,0,67104768,2145648632,1879050232,1610612760,1610612760,1610612760,1610612752,1610612752,536870960,536870960,1610612784,1610612784,3221225520,3221225520,3221225488,4278218736,1065385952,16801792,0,0,0,0,0,0,0
0,0,0,0,0,0,0,0,0,536838144,838860796,805322748,268435480,402653208,402653208,402653200,402653200,402653200,402653208,402653208,402653208,402653208,534773784,534775704,2040,112,0,0,0,0,0,0,0
0,0,0,0,0,0,0,0,0,67108864,1073610752,4034920432,3221233656,3221225502,3221225484,3221225484,3221225480,3221225496,3221225496,3221225496,3221225488,4227858480,1057030128,65077184,0,0,0,0,0,0,0,0,0
0,0,0,0,0,0,0,0,2080374784,4294967280,3221225488,2147483672,2147483672,2147483672,2147483672,2147483672,2147483656,2147483656,2147483656,2147483656,2147483656,2147483656,3221225480,3221226488,3221227512,4278190080,4278190080,0,0,0,0,0,0
0,0,0,0,0,0,0,0,2147483646,1610616831,1610612739,1610612738,1610612742,1610612742,1610612742,1610612742,1610612742,1610612742,1610612742,1610612742,1610612742,1610612742,1879048198,1065354252,532678652,504,0,0,0,0,0,0,0
0,0,0,0,0,0,917504,2065152,102336256,205506304,205505280,104392448,53509632,28867584,16576512,7131136,6789120,6789120,6752256,132321248,65212352,6491136,6491136,6491136,6491136,31656960,66259968,51449344,35208704,2093568,1041152,512,0
0,0,0,0,0,0,229376,1015808,1884160,1818624,70762944,71066080,108028352,124794752,66190848,32765952,8329216,6166528,14424064,517740544,267140992,12853120,12849152,12857344,12869632,12869632,7127040,32370688,67090432,104732672,104598528,201329664,3072
0,0,0,0,0,0,135264304,203394096,204537392,104332832,104799840,54410848,65435584,31876992,4637440,13075200,15172360,1072104444,13042656,13042432,12976640,12977664,4392448,6489600,65211904,56724992,54103552,104734464,101184384,201326720,201326592,0,0
507904,1044480,1587200,1628224,1308864,404699200,203168960,133701568,66600704,8154112,13550592,13091840,8619644,8587260,8587136,130221568,126027264,8586752,12782592,12787200,12795648,29487488,56738176,107184320,109019328,104595648,100663488,100663488,100663744,33554880,192,0,0
0,0,0,983040,1032192,1612242944,1613770752,809480576,947910848,477130944,241202112,133234432,33159168,14522368,13572096,8787968,8790000,1065754592,2122717184,8521728,8521728,12781568,63118336,130233856,247674368,409166592,812892928,1614775040,1075708672,384,384,0,0
0,0,0,0,0,4063232,4161536,8355840,16369152,1089570304,3252782592,3246507520,3246640640,1669856256,1072068608,511467520,104620032,68694016,68697088,1008222176,1041772992,70791168,71053312,102510592,101462016,102266880,253262848,253281792,160990720,433686016,418578944,410976768,471597824
0,0,0,0,0,0,0,1574912,3935232,37161984,53709824,62375936,14665728,16308224,3993600,3600384,3649536,3641408,3350464,28516096,1072891904,271682560,3247104,3247104,1149952,1149952,7964672,16358400,26850816,27125248,51364608,51315456,34079488
0,0,0,0,61440,260096,461824,919040,51348992,51373568,27262512,16637552,3198688,3178432,3177216,65041152,65037056,6316824,6317048,6308320,3170688,3170688,7889280,14180736,30171392,25608960,50841344,50593152,50337984,192,128,0,0
0,131072,983040,4030464,7389184,6348848,822075504,838400224,864059264,1056997120,534837248,125357056,35490816,50793472,50793472,822479872,1065750496,264636352,12977152,6685696,6687744,32903104,268311520,236853344,68120672,67624992,98336,32,0,0,0,0,0
0,0,0,0,114816,1040768,929984,25948352,26163392,27031744,16284096,8179584,8359680,7048192,509674496,266405872,6359032,6358016,6358016,3736576,1935104,16615296,13436352,25627712,50560064,33683520,96,192,64,0,0,0,0
0,0,0,0,0,0,16646144,27754496,50446336,102744064,109036288,115405568,3279975168,1661074944,662944768,935727104,510398464,208410624,205264896,205002752,137369600,3893370864,4161806328,135796736,202905600,202905600,102242304,51910656,51920384,60325632,114942336,208634240,205455744
0,0,0,0,0,0,0,0,2080768,3960928,6303840,275773536,419428416,418412992,150011776,268029440,131696128,26150400,26085360,32376800,535560704,529269248,25952768,25428480,25559552,25560576,8785408,130162176,132332288,208925440,406831488,807338368,939524480
0,0,0,0,0,0,67125504,100688256,251716480,453044096,453109376,822208192,822305984,830696640,830876736,562445408,1623997552,1623996464,1618483216,1618483216,1613760512,1075838976,3221225472,3221225472,0,0,0,0,0,0,0,0,0
0,0,0,0,0,0,0,58720256,59113472,109972480,114953728,215621120,215620096,416420608,410137344,275985152,812856064,812851456,812851584,1618174336,1618174336,1613980032,1614004608,1614004608,1610727808,1610711424,98432,192,0,0,0,0,0
0,0,0,0,0,0,0,0,0,100925440,252577792,253630464,454958080,421215232,296956928,833828352,833709568,568418816,568443648,1625408256,1623294208,3225420160,384,192,0,0,0,0,0,0,0,0,0
0,0,0,0,0,0,0,0,0,12582912,29360128,29755392,63314944,105847808,105854464,206517760,207304192,408499712,408527616,812770048,812770048,1617019648,1617019328,6341056,4227456,0,0,0,0,0,0,0,0
0,0,0,0,0,0,0,0,7168,7168,100678656,235288064,235288064,504324608,504324864,303784704,840655232,859005312,590438592,1664204992,1663156320,1633796192,1633730608,1642119216,1639989296,29360152,29360152,12582912,0,0,0,0,0
0,0,0,0,0,0,0,0,0,16777216,50331648,117833728,126223872,227479040,227478272,227220224,429595392,429462272,277975808,816952064,821146368,820031872,551612800,1625354432,1625354432,1625321536,1088450560,3233820672,3225427968,3221225472,0,0,0
0,0,0,0,0,0,50332032,117441408,251659136,252053376,453904256,429524096,429591680,294849728,833817792,833722560,548509888,1625397312,1625395296,1088467040,3235950688,3227578416,3227578416,2147541016,24600,24600,24588,8192,0,0,0,0,0
0,0,0,0,0,0,0,0,0,131072,101058048,118425088,252645120,252382976,253300096,454658432,454662528,454138048,858822848,858837184,858837088,1629548640,1642098736,3252711472,3250610192,3250585624,8388616,0,0,0,0,0,0
0,0,0,0,0,469762048,1040236544,906084352,637652480,1661193728,1661160192,1661360896,1636203264,1636202880,1099198848,1082945920,3234623616,3234623680,3235410112,3229102272,3229102144,3228577888,2150629488,3145760,0,0,0,0,0,0,0,0,0
0,0,0,0,0,0,0,0,49152,58838016,109304832,214162432,415424000,415684096,281474560,809955840,812446464,544011008,1617748736,1613291904,1614307712,1614307712,1612185792,1612185792,524288,0,0,0,0,0,0,0,0
0,0,0,0,0,0,0,0,0,59113472,59704064,59704064,127469440,127502208,227641216,229739904,431066240,431000768,413191360,820037824,820041920,1625315392,1625323616,1623224416,12611680,12320,12288,0,0,0,0,0,0
0,0,0,0,0,0,0,0,50331648,117506048,126062080,126062080,226990848,226990848,142971136,416067968,416067968,819503488,819519872,551084160,1618010304,1618002112,3223371872,3221258304,6442450944,0,0,0,0,0,0,0,0
