0,1,2,3,4,5,6,7,8,9,10,11,12,13,14,15,16,17,18,19,20,21,22,23,24,25,26,27,28,29,30,31,32,33,34,35,36,37,38,39
0,0,0,0,0,0,0,14680064,133169152,263716864,202899456,202899456,202899456,203161600,202113024,202113024,202113024,202113024,236716032,104333312,133693440,65011712,29360128,8585740288,8589901824,16744448,12582912,12582912,12582912,12582912,12582912,12582912,62914560,58720256,58720256,25165824,25165824,25165824,0,0
0,0,0,0,0,0,0,0,66060288,133693440,102236160,102498304,102498304,102498304,101449728,101449728,101449728,101449728,102498304,119013376,54001664,66060288,65134592,536862720,1073725440,6291456,6291456,6291456,6291456,6291456,6291456,6291456,14680064,31457280,31457280,31457280,14680064,14680064,12582912,12582912
0,0,0,0,0,0,0,3670016,8257536,31916032,58916864,50528256,50528256,50528256,50528256,50528256,50724864,66977792,33292288,1073737728,1073739776,6291456,6291456,6291456,6291456,6291456,6291456,6291456,6291456,6291456,6291456,6291456,6291456,6291456,6291456,7340032,7340032,2097152,0,0
0,0,0,0,0,0,0,0,0,16711680,33488896,25362432,25362432,58949632,50561024,50561024,50528256,50790400,59637760,33292288,418906112,536868864,268433408,14682112,12582912,12582912,12582912,12582912,12582912,12582912,12582912,12582912,12582912,12582912,12582912,29360128,29360128,12582912,12582912,0
0,0,0,0,0,0,0,33292288,66977792,50724864,50724864,117833728,101056512,101056512,101056512,101056512,101056512,101056512,118358016,52166656,58458112,66519040,4294934528,4294836224,39845888,6291456,6291456,6291456,6291456,6291456,6291456,6291456,6291456,6291456,6291456,6291456,31457280,29360128,12582912,12582912
0,0,0,0,0,0,33292288,66977792,117833728,101056512,101056512,235274240,235274240,235274240,101056512,101580800,101580800,118226944,51118080,51118080,59506688,27000832,536608768,1073739776,1073739776,6291456,6291456,6291456,6291456,6291456,6291456,6291456,6291456,6291456,6291456,6291456,14680064,12582912,12582912,12582912
0,0,0,0,0,0,29360128,133169152,259522560,471334912,941359104,940441600,939917312,403046400,403046400,403046400,201719808,201719808,235274240,117833728,51249152,25952256,33292288,4294950912,8589934080,7372288,14680064,12582912,12582912,12582912,12582912,12582912,12582912,12582912,29360128,29360128,29360128,25165824,25165824,25165824
0,0,0,0,0,0,0,32505856,133693440,536608768,470548480,403570688,403570688,403046400,470155264,201719808,202244096,235798528,118226944,62390272,61865984,32505856,8589934080,8589934080,6291456,6291456,6291456,6291456,6291456,6291456,6291456,6291456,6291456,6291456,6291456,6291456,6291456,6291456,14680064,14680064
0,0,0,0,0,0,0,6291456,16252928,33292288,59637760,51249152,51249152,51249152,51249152,51118080,52166656,54001664,66060288,32505856,4294950912,8589918208,12582912,12582912,12582912,12582912,12582912,12582912,12582912,12582912,12582912,12582912,12582912,12582912,12582912,12582912,12582912,12582912,29360128,29360128
0,0,0,0,0,0,15728640,66584576,127664128,235667456,470548480,403439616,470679552,201719808,201719808,235798528,102498304,119013376,62390272,32505856,15728640,2147475456,2147481600,6303744,6291456,6291456,6291456,6291456,14680064,12582912,12582912,12582912,12582912,12582912,12582912,12582912,12582912,12582912,12582912,12582912
0,0,0,0,0,0,0,16252928,33292288,59637760,117833728,101056512,101056512,101056512,101056512,101580800,101449728,119275520,54001664,66060288,536870656,536870656,3145728,3145728,3145728,7340032,6291456,6291456,6291456,6291456,6291456,6291456,6291456,6291456,6291456,6291456,6291456,14680064,14680064,6291456
0,0,0,0,0,0,0,1572864,3932160,8257536,15138816,29556736,25362432,25624576,25559040,26083328,31195136,30932992,16252928,15728640,536862720,536862720,7340032,7340032,7340032,7340032,7340032,7340032,7340032,7340032,7340032,7340032,7340032,7340032,7340032,7340032,7340032,7340032,0,0
0,0,0,33538048,134215680,1056996864,2080378624,3758097280,7516193216,15032385728,30064771296,25769803872,60129542256,120259084344,103079215128,206158430232,206158954520,206160265240,206162362392,206174945336,206174945328,206174683184,240533897264,103079215216,103079215200,120259084384,51539607744,25769804224,30064771456,15032386432,6442454528,7516199936,3758110720,1879076864,939581440,503562240,132055040,66846720,15728640,0
0,0,0,4186112,268434432,1071660544,2013267712,3758097152,7516193152,15032385984,12884902080,30064771296,25769803872,60129542256,51539607600,51539607600,51539607600,60131115056,60133212208,25777668144,25777668144,25772949552,30064771120,12884901984,12884901984,12884901984,6442451040,6442451168,7516192960,3221225920,3758097280,1610614528,1879051776,939531264,503330816,125890560,67100672,16744448,786432,0
0,0,0,0,0,0,0,260046848,2145386496,8471969792,16110288896,64425025536,51539671040,103079221248,103079221248,103079221248,103079221248,103079221248,103104387072,103137941504,103137941504,103137941504,120284256256,51539613696,51539613696,60129548288,25769809920,30064777216,12884914176,6442463232,7516205056,3758120960,1879105536,939638784,470253568,236912640,121372672,66060288,32505856,0
0,0,0,0,0,0,6291456,268433408,1073740800,2013268992,8053067264,15032387072,12884903424,25769805568,60129542912,120259085056,103079215872,103079215872,240522363648,206187791104,206221345536,206221345536,206183596800,206158430976,206158430976,206158430976,206158432000,206158431744,206158431744,206158433792,240518171648,120259090432,51539621888,60129554432,32212283392,8321622016,4274487296,533594112,66846720,15728640
0,0,0,0,4190208,67108352,132128640,503317440,1006633152,1879048288,3758096480,3221225568,7516192864,6442450992,12884901936,12884901936,30064771120,25773473840,25777930288,25777930288,25777930288,25777930352,25773473888,30064771168,12884901984,12884902080,15032385728,6442451392,6442451328,3221226240,3221227264,3758099968,1879055360,805337088,939581440,535281664,268402688,16515072,0,0
0,0,0,4193792,16776960,132121472,251658624,1006633408,2013266112,1610612928,3221225664,6442451136,15032385728,30064771264,25769803968,51539607744,51539607744,51552190656,51572113600,51572113600,51571065024,51554287808,51545899200,51545899200,51539607936,60129542528,25769804544,25769804544,30064772864,12884903424,12884905472,15032388608,6442458112,7516207104,3221237760,3758120960,1885396992,1048559616,536838144,62914560
0,0,0,0,0,8372224,67106816,532708352,2080378368,8321500928,16106128256,30064771520,60129542336,51539607744,103079215296,103079215200,240518168672,206158430304,206158430304,206164721760,103094943840,103110672480,103091798112,120259084384,51539607776,51539607744,60129542336,25769804224,30064771968,15032387328,6442454528,7516199936,4160763904,1040216064,263249920,67092480,16744448,3670016,0,0
0,0,0,229376,67100672,1073739776,4261428224,8053067264,15032387072,30064772864,60129542912,51539608448,120259084672,103079215552,240518168768,206158430432,206158430304,206158430304,206158430304,206173110368,206189887584,206190936288,206164721856,206158430656,206158430592,206158430592,240518169344,103079215872,120259086080,60129543680,25769807360,12884909056,15032399872,7516221440,3758153728,1879162880,469991424,240058368,134086656,66584576
0,0,0,0,1048320,33554304,267911616,1040187616,2013266032,8053063728,32212254744,64424509468,120259084300,103079215118,103079215118,103079215118,103079215116,103079215116,103082360844,103087079452,103087079448,103087079448,103082885144,103079215160,103079215152,103079215216,120259084384,51539607776,51539608000,51539608448,25769805568,25769807360,12884909056,16106142720,8053092352,2080432128,528596992,134184960,16711680,1966080
0,0,0,0,0,0,0,536869888,4294966272,8321500672,15032387072,12884902656,30064771840,60129542912,51539608320,51539608448,103079215488,103079215488,206166819200,206171013504,481099252096,412379775360,412333638016,412316860800,412316861184,412316862208,481036340736,206158437376,206158436352,240518182912,103079243776,120259108864,60129599488,30064885760,15032614912,7516651520,3791519744,2147221504,1056964608,201326592
0,0,0,0,0,17179803648,66572500992,51539671040,103079230464,103079218688,240518170368,206158431104,206158430592,206158430592,206158430592,206158430592,206160527744,206173110656,206189887872,206223442304,206189887872,206189887872,240530752384,103079215872,103079215872,120259086080,51539609088,60129545728,25769806848,25769810944,30064785408,12884930560,12884959232,15032500224,6442680320,7516651520,3222142976,3759931392,1886912512,955252736
0,0,0,0,0,0,0,0,0,0,266338304,2147352576,4034854912,7516422144,15032500224,12884959232,25769832448,25769818112,25769809920,25769809920,25828527104,25832721408,25832721408,25799166976,25769806848,12884909056,15032391680,7516207104,3221254144,1610637312,1879162880,939753472,403144704,470679552,238813184,133693440,132120576,58720256,0,0
0,0,0,0,0,0,0,0,535822336,2147352576,4162813952,17179865088,34359670784,66572000256,120259087872,240518201088,481044725504,1099511627648,1099507433856,824633721216,824633721216,824633722752,1099511627648,1099511626112,824633721600,824633721600,962072676096,412316861952,481036340736,274877906432,274877906432,103079243776,51539664896,60129787904,30065262592,15437004800,6849036288,3639607296,4292870144,2139095040
0,0,0,0,0,0,0,0,32505856,66977792,253739008,1006755840,4034916352,17179867136,33283905536,25769806848,60129544128,51539623872,51539869568,51606709120,68719215360,137405399808,103079215872,103079216640,103079220736,103079247360,103079476736,137438940672,68719352832,51539621888,51539619840,51539668992,51539722240,60129771520,33294319616,34359607296,30064508928,12892766208,15097397248,8183087104
0,0,0,0,1048064,33554368,267912176,1056964728,4294967256,8589934540,15032385550,30064771078,60129542150,128849019135,137438953471,120259084163,240518168579,206158430211,206158430211,206158430215,274877906942,274877906942,206158430214,206158430214,206158430222,206158430220,274743689244,137438691384,103347650544,51540131824,60129542368,30064771520,16106129280,8388607744,2147482624,528482304,125829120,0,0,0
0,0,523264,4194048,16516032,65011952,268370044,536870910,2147483647,4026532351,7516192771,16911433731,17179344899,30601641859,25770852351,25769804031,30064771075,33822867459,30031216643,26305626115,25836896259,25771900679,25769836542,25769804030,25769803788,34326183964,34359214136,25836912368,25770328032,30064773056,34351353728,34359688704,25786578944,25770323968,12889030656,17179607040,8587837440,2013265920,0,0
0,0,0,0,0,0,0,0,0,134152192,268402688,469876736,1073733632,2147479552,3758110720,7516198912,15032434176,12952010240,34359723520,30031218432,25769804544,25769804672,25769804160,25769805184,25803358080,34359738112,34351351552,12884905472,12884933632,15032512512,7517224960,3766419456,2113404928,1069547520,251658240,0,0,0,0,0
0,0,516096,16775168,134102528,536870784,1073741696,4290773440,8053063904,32212254816,60129542624,51673825264,122406567728,137405399088,136365211696,103079215152,103079216112,103079346160,103087603504,103213367344,107369988144,137304735792,135291469872,103079215152,51539608048,51539611616,60131639264,25803354304,30601118144,17163092352,16911434624,6442452736,3288337920,3959438336,2114451456,1048567808,536608768,264241152,0,0
0,0,0,0,0,0,0,0,0,134215680,1073740800,2013269504,8053065216,8587839232,17179869056,30073159552,25769804224,25769803968,60129542368,68685922400,34359737440,26038239200,25769836512,25769803872,25769804000,34359738304,34359738304,25769805760,25769805568,30064774656,12884909056,15032391680,8589930496,8589930496,3766607872,1891745792,1070039040,533659648,66846720,15728640
0,0,0,0,0,1047552,8388096,66600896,268435392,536870592,1002438848,1879048416,1879048288,4294967288,3758096368,7516192864,6442451056,6442450992,6442450992,17179869168,17179869168,12884901936,12884902000,12884901984,12884902112,12884902080,17179869120,17179869056,15032386432,6442452736,6442454528,8321506304,4294965248,2147479552,1879171072,940032000,471793664,268173312,133169152,0
0,0,0,0,4192256,67107840,264244992,1073741760,2147483616,4290773104,3758096432,7516193784,6442713080,12952010268,34359607308,34326183948,60129542150,51539607558,51539608575,60129673215,68719476483,60129509379,51539607559,60129542150,25769803790,25769803788,12884901916,12884902008,17179869168,8589934528,3758098304,1879056128,1006697472,532934656,134184960,8126464,0,0,0,0
0,0,0,0,0,33538048,268427264,520124416,2013273600,8589934336,17179869056,30064771520,60129542368,51539607664,137438953456,137438953464,103280541720,103079215128,103079215116,103079215116,103079280636,274877906940,137438949388,103079215128,103079215128,103079215160,103079215152,137438953328,68719476704,51539608000,51539609472,51539611136,60129573888,30081413120,34359721984,34359672832,16172187648,8585740288,4227858432,0
0,0,0,0,0,0,16777088,134217696,532676832,939524192,2147483616,4294967264,8455716960,6442451040,15032385632,16106127456,17179869168,31138512880,30064771184,25769803888,25769803888,25769803872,64424509664,34359738360,34359738360,25769804160,25769804672,25769804544,60129543936,25769807360,25769810944,34359736320,17179865088,16106250240,3758325760,1879506944,1008599040,519831552,133169152,62914560
0,0,0,0,0,4063232,33538048,132243456,520122368,2080390144,8321502720,33353105344,137438953408,274860998848,481036337344,412316860608,412316860608,412316860608,412316860608,549755813824,549755813824,412316860800,412316860800,412316861312,412316861184,481036338048,274877906880,274877906816,206158431744,206158433280,240518171648,103079221248,103079229440,128849031168,68718489600,68719468544,30066860032,15034417152,7524319232,3823108096
268433408,1072758528,2072018880,3787481584,7528833080,15047180318,30071160838,25777373187,60132884483,51543736323,120261050369,103081050113,103081050113,120259084289,135291469825,119722213383,107239964687,104119402559,103205044723,120322129859,51670155011,52597618694,60062957318,68182607814,64424509934,51540591100,60131606648,25777766448,25785647216,30094180576,12943672256,13136588544,17112792576,8455780352,8322019328,4030693376,4294705152,534773760,0,0
0,0,0,0,33030144,268304384,1066369024,1929637888,3817043968,7545757184,6455232256,6457590656,12891586944,12891586944,30073029056,30068703424,30068703424,33289929152,59862681536,53619998656,52043185344,67075567808,68652629184,68451049408,64424510432,51552190656,51552190656,51571065024,60160999616,25835864512,30118249344,12992907008,15274610176,7724874752,4168118272,2021122048,1073709056,133955584,0,0
0,0,0,1966080,268427264,536083456,998366976,1904314240,3783360992,3246489696,7529005168,6455230520,6457589880,15039070704,12888965616,12888834992,12886476592,17112768048,34351380528,25899954224,25895878704,26290028336,29997694960,34091303408,32212254816,30064771168,25769804000,25773998528,25784484224,25785533312,25786058496,30091779584,12944553984,15150346240,7616978944,7986200576,2064056320,2065563648,1073479680,267386880
0,0,0,8351744,33546240,63037440,125890560,264371200,1021550080,1886848768,3762160512,7518028160,6443237824,6442451168,6442451424,7516193760,8455718752,7482642016,6702505056,6505396320,6505422944,6568345568,3456172000,4227859424,4160815200,1610842208,1611120864,805748928,806150592,941391744,406453760,204994560,259981312,133955584,33030144,0,0,0,0,0
0,0,0,0,0,0,0,7340032,66846720,536805376,2081415168,4161794048,7986753536,15235553280,30301231104,25890920448,60195608576,51571070976,51543832576,66572122112,68183103488,55769503744,52550309888,52011464704,61069588480,29796349952,33822873600,32212260864,32215406592,6458716160,7547154432,3348652032,1847377920,2081275904,940539904,528351232,267911168,130023424,0,0
0,0,0,0,0,0,393216,66977792,2147475456,8558213120,7620541440,12938382848,30122444288,25801262848,60158910208,51564804864,51539731328,128849527168,133146018240,119992713408,111603081440,103599373408,103129554784,103314098144,104119403488,111534932192,119722213472,133173346528,128914031552,120315711360,51663347200,60371777536,26242772992,31008088064,16913498112,8054046720,3762028544,1894776832,1069547520,528482304
0,0,0,0,2080768,58716160,66172928,264445440,528942848,969278336,1892549504,3771467712,7532449472,15040265440,30067947616,25770975328,25770049648,27917746224,34326642736,30060830768,30127749168,30324833840,13388222384,14901314544,16919298288,16109797488,15036317792,6450577504,6449529024,6457524672,6455427968,7546013440,3246857728,3246619648,4010799104,2147467264,1073217536,0,0,0
0,0,0,0,4063232,16744448,266584064,260173824,1040316416,1929616384,3808628224,3280406272,6468010752,15062664064,12899320192,12899058112,12901155264,12892243904,12892243808,16108232288,16911439968,14965289056,13405007968,13010743392,12947849208,15565078520,8556380256,8321728608,6442942560,6443417696,6444335584,6446172096,6445625088,7522515968,3236165632,3772743680,3825074176,2146435072,1040187392,0
0,0,0,16744448,268427264,2139617280,8481283072,16135884288,12900501248,25777931136,60133214144,51540657856,120259087584,103079222368,120259098720,133144014960,136365269040,111400828976,104018968624,103482327064,107241930776,111402287128,135295647768,133148180280,120259149816,240518169084,515446407400,1065277719488,103339263744,52034539008,52504312832,26587953152,30884741120,16709976064,8588886016,2113929216,1040187392,268435456,0,0
0,0,0,0,0,0,0,0,0,268419072,1073737728,2081976320,3994562560,7618435072,30168587264,25873615872,60253277696,51596232192,120322002432,120322014720,135320862464,137170543360,122272400128,52009485056,51774980864,60599827200,27783331584,33823399680,16110063104,15040519168,3236313088,1640394752,1938219008,1057472512,503545856,261062656,67043328,16252928,0,0
0,0,0,0,0,0,536866816,1073739776,1996516352,3816877568,7541409536,32241730304,30077453184,60136063360,51547144576,64428638592,66573960128,59863089088,53554773184,52043571392,26034274496,25832979648,13145472960,13925351360,17045651904,8053063872,6445596864,3229090240,3774350208,1625032448,1905004032,864427008,1057486848,504360960,264175616,267911168,65011712,0,0,0
0,0,0,0,0,0,0,507904,8384512,33324032,130055680,251717504,1057014720,4085481696,16668622944,32239386736,25798639664,25802309688,25784484344,30064775160,33822883608,34326214680,26826801112,26021478392,31104958712,17045651480,16642998328,15033303088,6444417072,6446514288,7523992032,3236103104,3234006784,3783364096,1937898496,1057028096,536862720,134184960,7340032,0
0,0,0,0,0,0,0,0,0,0,0,0,0,67108864,8589930496,34359737856,135392137088,264241152448,221291479264,219143995488,219143995440,253503733808,116064780336,133244649520,64525172784,64525172784,32447135792,32413581424,15502147808,16508780736,8053064128,8522826624,1071646464,134192640,4193280,258048,0,0,0,0
0,0,0,0,0,0,0,0,0,0,32256,8388480,33551296,131596480,1056964704,4211081328,16693329968,33881587760,63375933488,54785998896,54785998896,123505475632,121894862944,121894863040,61765321088,66328725376,16668172032,8581577728,1073737728,33538048,0,0,0,0,0,0,0,0,0,0
0,0,0,0,0,0,0,0,0,0,0,0,66977792,536870848,8556904432,34292629564,66135785500,124117843980,110696071182,221291479047,219160772611,442499072003,438136995843,472496734211,463906799619,463906799631,463906799646,266338304056,266338304112,66622325216,17179869120,4294967040,50331648,50331648,0,0,0,0,0,0
0,0,0,0,0,0,0,0,0,0,0,33554368,268435424,528483312,2038431792,17070817328,34116468760,130484797464,104714993676,243764559884,484282728462,419862413318,968544485390,831105531932,831105531928,968540291128,488577695856,260977983712,136415544256,33336344448,8573287424,2147475456,134152192,0,0,0,0,0,0,0
0,0,0,0,0,0,0,0,0,0,0,0,0,0,134217600,536870848,4278247616,34342961344,68501373120,121920028864,106350772416,106350772416,123530641600,59106132192,66622325184,32262602688,17179868928,4294959104,3858759680,0,0,0,0,0,0,0,0,0,0,0
0,0,0,0,0,0,0,0,0,0,0,0,16776192,134216704,1065416704,4211145728,3808431616,7566526336,6492783072,15082717296,32262586416,32262586480,66622324832,133194317920,116064780512,116064780736,116165445504,134687493888,68585290752,17045909504,8589918208,1073610752,0,0,0,0,0,0,0,0
0,0,0,0,0,0,0,0,0,0,0,2097136,134217712,1072693308,2105540622,8078229510,32241614854,64453869574,133156569094,253415653382,1060869505030,850416107534,850416107532,854727852060,837543788568,974982742040,493946404920,272789143664,68635594720,17179869120,3489656832,0,0,0,0,0,0,0,0,0
0,0,0,0,0,0,0,0,0,0,0,0,0,133955584,536838144,4253540352,8350922752,16924032512,31687968640,63363351520,54773416440,123492892702,106315120646,110607990790,110607990790,110607990814,106313023548,106313023984,123492900800,68195319296,34342952960,8589803520,535822336,0,0,0,0,0,0,0
0,0,0,0,0,0,0,0,0,0,0,0,0,268304384,2147482624,8573419392,33873203192,136415543548,127825608764,118161932300,253453402124,236273532940,231978565644,266338304028,128899350584,133194318320,64541953984,34359738112,8589930496,536805376,0,0,0,0,0,0,0,0,0,0
0,0,0,0,0,0,0,0,0,0,0,0,0,268434432,2147483392,17163093888,34275852736,62058922480,55348035832,106350772252,243798114316,213699788812,213699788812,213699788812,213733343260,248084693240,127825610720,68501438336,17179867136,1073709056,0,0,0,0,0,0,0,0,0,0
0,0,0,0,0,0,0,0,0,0,0,0,8386560,1073741632,8587841504,16924017144,33837547640,63365447708,123486601228,248040652812,212607172622,212607172622,246966910990,109527957510,136371503110,68188897294,16120807548,8468300792,2143354816,268434944,8355840,0,0,0,0,0,0,0,0,0
0,0,0,0,0,0,0,0,0,517632,8388352,67108856,532677624,2113929340,8422162462,33873199110,63401099270,54811164678,110645739526,109571997702,109571997702,109571997702,109571997702,126751866886,59106131974,63401099278,29108469788,33386659960,16743663600,8556396416,4294966272,268419072,0,0,0,0,0,0,0,0
0,0,260046848,532676608,954204160,812646400,808976384,1572864,1572864,786432,786432,786432,786432,786432,819200,13467648,15695872,7274496,8323072,4063232,4063232,3932160,1835008,811008,811008,843776,835584,51216384,59736064,30375936,15663104,7274496,4128768,4063232,786432,1835008,1835008,0,0,0
0,16252928,66846720,260833280,470679552,403046400,397312,407552,421888,450560,2539520,7847936,3637248,2031616,2031616,918272,395008,396800,400384,407552,405504,483328,29876224,31965184,7585792,3915776,2080768,1015808,458752,196608,196608,196608,196608,0,0,0,0,0,0,0
0,0,0,0,0,0,0,0,0,0,8388608,130023424,532676608,1019215872,817889280,952107008,281018368,12582912,14680064,13041664,415694848,483262464,215744512,116916224,116391936,130023424,62914560,29360128,12648448,12812288,147259392,482738176,214827008,248250368,131596288,66584576,66060288,31457280,29360128,12582912
0,0,0,0,0,0,0,15728640,32505856,28311552,62390272,121110528,104333312,238551040,204996608,3768320,37453824,54460416,29229056,33292288,16252928,7864320,3670016,3670016,3670016,3698688,3698688,28893184,28950528,29065216,16449536,16711680,16646144,8126464,7864320,7864320,3670016,0,0,0
0,0,0,0,0,7864320,33292288,63700992,118226944,101449728,67895296,786432,917504,929792,946176,3072000,8372224,4161536,4128768,1966080,917504,393216,393216,393216,396288,25562112,29756416,15079424,6699008,3567616,3600384,2080768,2031616,917504,0,0,0,0,0,0
0,0,0,0,0,0,0,0,0,8126464,16515072,4587520,393216,393216,393216,405504,15085568,15101952,3661824,4177920,2031616,917504,395264,29759488,29767680,15101952,6742016,3653632,4161536,1966080,917504,393216,917504,917504,393216,0,0,0,0,0
0,0,0,0,0,0,0,0,32505856,66060288,121110528,104333312,1572864,1572864,1597440,1630208,10076160,26968064,31391744,14548992,16515072,7864320,7864320,1572864,1572864,1572864,1572864,1572864,68681728,236470272,119070720,60407808,26968064,31424512,16646144,16515072,7864320,1572864,3670016,3670016
0,0,0,0,0,0,0,0,0,31457280,66060288,120586240,103809024,3670016,1572864,1572864,1572864,1572864,1572864,1572864,1572864,1835008,815104,815104,843776,13484032,15695872,8323072,8263680,25966592,25980928,30171136,13484032,8355840,8323072,1966080,0,0,0,0
0,0,0,0,0,0,8126464,33423360,63373312,117637120,100892672,100761600,98304,98304,98304,98304,98304,112640,1685504,1945600,1044480,517120,232448,101376,101376,101376,7445504,3250176,3782656,1683456,1961984,847872,1040384,507904,0,0,0,0,0,0
0,0,0,0,0,0,0,0,0,0,0,58720256,62914560,132120576,241172480,238026752,70254592,3670016,1572864,1572864,1572864,1630208,1687552,10190848,31391744,14548992,16646144,8126464,3932160,1572864,1572864,51904512,26767360,26763264,14213120,14270464,14647296,16646144,7864320,0
0,0,0,0,0,29360128,65011712,123731968,123731968,40894464,3145728,3145728,3145728,3145728,3244032,104038400,121044992,62259200,29097984,33292288,16252928,7340032,3158016,3174400,3203072,3260416,204701696,238485504,104202240,121503744,54263808,62652416,28835840,32505856,15728640,3145728,0,0,0,0
0,0,0,0,0,31457280,65011712,124780544,108003328,120586240,36700160,3145728,3145728,3203072,3268608,104038400,121044992,62783488,29097984,33030144,15728640,15728640,7340032,3151872,3160064,3207168,204595200,104038400,121044992,62783488,33292288,16252928,16252928,7340032,7864320,1048576,0,0,0,0
0,0,0,0,0,0,0,0,0,0,1610612736,1879048192,1006632960,201359360,100712448,117555200,50561024,59179008,25559040,27000832,33292288,15728640,15728640,31457280,65011712,124780544,238026752,472907776,406323200,404226048,404226048,405798912,405798912,409993216,501219328,264241152,117440512,0,0,0
0,0,0,0,0,0,50333184,58723840,31460352,7354368,3698688,1892352,1032192,491520,458752,983040,2031616,3899392,7438336,14778368,12681216,29458432,25264128,58818560,50429952,50429952,50429952,50429952,58818560,29589504,16711680,8323072,917504,0,0,0,0,0,0,0
0,0,0,0,0,0,268435456,402665472,469819392,234930176,100909056,50823168,59637760,25952256,14417920,16252928,7340032,15728640,32505856,60293120,51904512,102498304,101449728,235274240,201719808,201719808,201719808,201719808,201719808,201719808,202244096,203161600,242745344,133169152,62914560,0,0,0,0,0
0,0,0,0,536870912,1879048192,1006632960,503318016,125832704,65027072,15759360,3792896,1818624,2031616,917504,1966080,4063232,3538944,6750208,15138816,29818880,59179008,117637120,100859904,235077632,201523200,469958656,402849792,402849792,402849792,403111936,470679552,203161600,238551040,133169152,65011712,0,0,0,0
0,0,0,0,0,0,0,201326592,234881024,117452800,58748928,29483008,6520832,8323072,3932160,3670016,16252928,30932992,60293120,119275520,236716032,202113024,202113024,202113024,202113024,202113024,202113024,202113024,202113024,203161600,267911168,133169152,58720256,0,0,0,0,0,0,0
0,0,0,0,0,0,0,805306368,1006632960,520118272,125952000,29605888,13565952,8257536,7864320,7864320,16252928,31195136,59506688,252575744,470155264,403046400,403046400,403046400,402849792,402849792,402849792,469958656,201523200,235077632,126287872,66977792,16515072,0,0,0,0,0,0,0
0,469762048,234881024,130023808,32506752,8128256,1973760,407552,487424,253952,245760,98304,229376,491520,1032192,1884160,3719168,7397376,14704640,12607488,29384704,25178112,25178112,25178112,58732544,58732544,58734592,25171968,25180160,29388800,16769024,8372224,0,0,0,0,0,0,0,0
0,0,0,0,0,0,0,0,0,0,0,1610613504,4160751360,1040195072,260062208,65073152,15851520,4161536,2031616,2031616,3899392,7438336,14729216,29409280,58777600,117465088,100687872,201355264,201338880,469774336,402665472,402665472,469774336,234905600,117497856,63160320,16744448,8257536,0,0
0,0,0,0,469768192,234895360,117469184,58777600,29605888,15171584,8257536,3932160,3670016,8126464,15466496,30277632,25624576,50528256,50561024,117538816,117538816,117555200,117489664,50380800,50380800,50380800,50380800,50380800,50446336,50823168,67043328,33292288,0,0,0,0,0,0,0,0
0,0,0,1879048192,2080375552,520097536,125844992,31520768,7462912,4161536,2031616,1835008,4063232,16187392,63111168,126058496,234979328,469811200,939573248,805363712,1879072768,1610637312,1610625024,1610625024,1610625024,1879060480,939552768,469819392,251904000,134184960,33423360,0,0,0,0,0,0,0,0,0
0,0,0,0,1610612736,2013265920,469762048,251658240,125831168,29367296,12597248,6320128,7462912,3899392,2031616,917504,8257536,16121856,31916032,58916864,117637120,235110400,469860352,402767872,939573248,805355520,805355520,805421056,939622400,402882560,470220800,235798528,133955584,66584576,0,0,0,0,0,0
0,0,0,0,0,0,234881408,125830016,31459072,15732224,3685376,1863680,974848,507904,229376,983040,2064384,7962624,15826944,29458432,58818560,117538816,100761600,201424896,201424896,469860352,201555968,201523200,201523200,201785344,202244096,238813184,133693440,65011712,0,0,0,0,0,0
0,0,0,0,917504,4063232,16515072,32243712,59506688,118358016,101056512,101056512,101056512,50724864,59113472,29753344,15073280,8257536,1966080,393216,393216,393216,196608,196608,196608,196608,196608,196608,196608,196608,196608,196608,196608,196608,196608,196608,196608,458752,196608,196608
0,0,0,0,0,0,0,0,0,0,268173312,536608768,941359104,807141376,1880883200,3759931392,3223060480,3759931392,1880883200,941359104,471597056,266076160,134086656,8257536,786432,786432,786432,786432,786432,786432,786432,786432,786432,786432,786432,1835008,786432,786432,262144,0
0,0,0,0,0,0,0,0,0,0,267386880,536346624,941096960,806879232,1880621056,1612185600,1880621056,941096960,404226048,253231104,133693440,33030144,1572864,1572864,1572864,1572864,1572864,1572864,1572864,1572864,1572864,1572864,1572864,1572864,1572864,1572864,1572864,1572864,0,0
0,16515072,66846720,118226944,235798528,201719808,202244096,201719808,235274240,101056512,117833728,63307776,31850496,8257536,1966080,917504,393216,393216,393216,393216,393216,393216,393216,393216,393216,393216,393216,393216,393216,393216,393216,393216,393216,0,0,0,0,0,0,0
0,0,0,0,0,0,0,393216,4063232,8257536,15073280,29753344,25559040,25559040,25559040,25559040,25559040,25624576,15138816,16711680,4128768,196608,196608,196608,196608,196608,196608,196608,229376,98304,98304,98304,98304,98304,98304,98304,98304,114688,114688,114688
0,0,0,0,0,0,0,3670016,16252928,30932992,26738688,60293120,60293120,60293120,60293120,26738688,26738688,30932992,16252928,7864320,1835008,786432,786432,786432,786432,786432,786432,786432,786432,786432,917504,917504,393216,393216,393216,393216,917504,393216,0,0
0,0,0,0,0,0,0,0,0,1572864,16252928,33030144,28835840,60293120,51904512,119013376,102236160,102236160,119013376,60293120,30932992,16252928,7864320,1572864,1835008,1835008,1835008,1835008,1835008,1835008,786432,786432,786432,786432,786432,786432,786432,1835008,1835008,786432
0,0,0,0,0,0,7864320,16252928,14155776,27000832,25952256,25952256,25952256,30146560,30146560,30146560,15466496,8257536,4063232,393216,393216,393216,393216,393216,393216,393216,393216,393216,393216,393216,393216,393216,393216,393216,393216,393216,131072,0,0,0
0,0,16252928,33030144,33030144,60293120,51904512,51904512,102236160,102236160,119013376,51904512,60555264,30146560,16515072,3932160,786432,786432,786432,786432,786432,786432,917504,917504,393216,917504,393216,393216,393216,393216,393216,393216,393216,393216,0,0,0,0,0,0
0,0,0,0,0,0,0,8126464,16515072,30146560,59506688,118226944,101449728,118226944,51118080,51118080,51118080,30146560,16646144,8257536,1966080,393216,393216,393216,393216,393216,393216,393216,393216,393216,393216,393216,393216,393216,458752,196608,196608,196608,0,0
0,0,0,0,0,0,0,0,65011712,133169152,238026752,1009778688,942669824,808452096,808452096,942669824,405798912,472907776,267386880,66060288,3145728,3145728,3145728,3145728,3145728,3670016,1572864,1572864,1572864,1572864,1572864,1572864,1572864,1572864,1572864,1572864,1572864,1572864,1572864,3670016
0,0,0,0,0,0,0,0,0,0,8257536,33423360,63307776,252051456,235274240,201719808,201719808,235274240,101056512,118226944,65798144,33292288,3932160,786432,786432,786432,786432,1835008,1835008,1835008,1835008,1835008,1835008,1835008,1835008,1835008,1835008,1835008,524288,0
0,0,0,0,0,0,0,0,0,0,0,0,0,206158430208,272730423296,274877906840,210453397496,206158430712,206158430232,240518168600,103079215160,120259084344,51539607608,64424509936,16643002336,8573189888,1073739776,33538048,0,0,0,0,0,0,0,0,0,0,0,0
0,0,0,0,0,0,0,0,0,0,0,0,0,0,0,384,1048448,1073741760,17179346880,68182609408,60129549312,51539621888,60129603584,30064885760,16106356736,8556838912,2147352576,66846720,0,0,0,0,0,0,0,0,0,0,0,0
0,0,0,0,0,0,0,0,0,0,0,0,0,0,0,270582939660,274844352636,214748364796,240585277420,120259084316,51539607608,60129542256,33822867936,8573165504,1073741568,33550336,0,0,0,0,0,0,0,0,0,0,0,0,0,0
0,0,0,0,0,0,0,0,0,0,0,0,0,1,3,3,16777215,68719476735,68711088143,51539607612,51539608056,25769807808,30064786944,16911497216,8589926400,536805376,0,0,0,0,0,0,0,0,0,0,0,0,0,0
0,0,0,0,0,0,0,0,0,0,0,0,0,0,0,6,274873712894,274877906940,206175207388,206158430328,206158430704,103079217088,120259092224,60129672192,30131871744,17179803648,4261412864,0,0,0,0,0,0,0,0,0,0,0,0,0
0,0,0,0,0,0,0,0,0,0,0,0,0,0,0,0,137438953468,137438953468,103079215160,103079215152,103079215216,103079215328,103079215552,103079216000,120259088128,60129549824,32212285440,16643125248,4236230656,1073676288,132120576,0,0,0,0,0,0,0,0,0
0,0,0,0,0,0,0,0,0,0,0,0,0,0,12,12,274877878268,274877906940,206159478680,206158430232,206158430264,206158430320,240518169056,103079219136,128849051392,68719474688,17179852800,0,0,0,0,0,0,0,0,0,0,0,0,0
0,0,0,0,0,0,0,0,0,0,0,0,0,0,0,0,137438953470,137438953470,103079215116,103079215164,103079215224,103079215584,120259086272,60129804032,33827060736,8589672448,1071644672,0,0,0,0,0,0,0,0,0,0,0,0,0
0,0,0,0,0,0,0,0,0,0,0,0,0,0,0,0,549755686910,549755813886,240518430712,103079215216,120259084512,60129542592,30064771456,15032386304,8053079808,4261936640,1073733632,133955584,0,0,0,0,0,0,0,0,0,0,0,0
0,0,0,0,0,0,0,0,0,0,0,0,0,0,6,6,68719480830,274877906940,274877905976,206158430320,206158430432,206158430656,240518172544,103079222784,120259147776,60130062336,34309373952,8589672448,260046848,0,0,0,0,0,0,0,0,0,0,0
0,0,0,0,0,0,0,0,0,0,0,0,6,6,6,30,68719476734,68719476734,51539607558,60129542150,25769803782,25769803782,30064771102,12884902140,16642999280,4278255488,1073741312,67076096,0,0,0,0,0,0,0,0,0,0,0,0
0,0,0,0,0,0,0,0,0,0,0,0,0,0,0,0,137170518240,137438953456,103616085936,103079215200,103079215328,103079215552,103079216000,120259086080,64424517120,33286519808,8589930496,2147221504,29360128,0,0,0,0,0,0,0,0,0,0,0
0,0,0,0,0,0,0,0,0,0,0,0,8388480,34359738336,34351350000,25769803824,25769803888,25769803888,25769803872,25769803872,25769803872,25769803872,25769803872,25769804000,25769804000,34292629728,34326184160,14304,16352,7168,0,0,0,0,0,0,0,0,0,0
0,0,0,0,0,0,0,0,0,0,0,16106127360,17179868160,15032385408,30064771968,25769804160,60129542528,51539607936,120259084672,103079215488,103079215296,103079215296,103079215296,103079215296,103079215296,103079215296,103079215296,103079215296,103079215296,137304834496,137304866752,68585324288,0,0,0,0,0,0,0,0
0,0,0,0,0,0,0,0,0,0,268304384,137438953468,137170780158,103079215110,103079215110,103079215110,103079215110,103079215110,103079215110,103079215110,103079215110,103079215110,103079215110,103079215118,103079215118,103079215118,103079215116,103079215132,103079215128,103079215344,137405415408,137405415296,0,0,0,0,0,0,0,0
0,0,0,0,0,0,0,0,0,0,16106127360,17179738112,15032383488,12885426172,30064779260,25769803788,25769803804,25769803800,25769803800,25769803800,25769803800,25769803832,25769803824,25769803824,25769803824,25769803824,25769803824,25769803824,25769803824,25769803824,25769803824,34326184048,34342962784,2016,480,0,0,0,0,0
0,0,0,0,0,0,0,0,0,4194240,137438953440,274875809888,206158430304,206158430304,206158430304,206158430304,206158430304,206158430304,240518168672,206158430304,206158430320,206158430320,206158430320,206158430320,206158430320,274743689328,274743721072,65520,32736,0,0,0,0,0,0,0,0,0,0,0
0,0,0,0,0,0,0,0,0,0,0,274877906912,274877906928,206158434288,206158430256,206158430256,206158430256,206158430256,206158430256,206158430256,206158430256,206158430256,206158430256,240518168624,240518561840,137171564592,137171042096,8176,496,0,0,0,0,0,0,0,0,0,0,0
0,0,0,0,0,0,0,0,0,0,0,137438951424,274877906936,206158438392,206158430232,206158430232,206158430232,206158430232,240518168600,206158430232,206158430232,206158430264,206158430264,206158430264,206158430264,206158430256,206158463024,240451190768,274810863600,120259084288,0,0,0,0,0,0,0,0,0,0
0,0,0,0,0,0,0,0,0,132120576,17179860992,137373941752,128849035256,103079215160,103079215152,103079215152,103079215152,103079215152,103079215216,103079215200,103079215200,103079215200,103079215200,240518168672,206158430304,206158430304,206158430304,206158430320,274341248992,137170780096,805560320,0,0,0,0,0,0,0,0,0
0,0,0,0,0,0,0,0,0,0,0,68719214592,68719476728,51540131832,51539607576,60129542200,25769803824,25769803824,25769803888,25769803888,25769803888,25769803888,25769803824,25769803824,25769803824,25769803824,28017950768,34326183984,34292645424,8589950960,8160,0,0,0,0,0,0,0,0,0
0,0,0,0,0,0,0,0,0,0,0,0,68715282432,274877906880,515404464096,412316860540,412316860476,412316860444,412316860440,412316860440,412316860472,481036337200,481036337200,481036337264,481036337264,515396075616,272730425312,68585783264,4228906880,402653184,0,0,0,0,0,0,0,0,0,0
0,0,0,0,0,0,0,0,0,0,274877906912,549755813856,416611827696,412316860464,412316860464,412316860464,412316860464,412316860472,412316860472,412316860440,412316860440,412316860440,412316860440,412316860440,412316860440,412316860440,412316860440,412316860440,412316864504,412316876792,514859208704,549218942976,266287972352,0,0,0,0,0,0,0
0,0,0,0,0,0,0,0,0,137438945280,137438953470,103079231487,103079215111,103079215110,103079215110,103079215110,103079215110,103079215110,103079215110,103079215110,103079215110,103079215110,103079215110,103079215118,103079215116,103079215116,103079215116,120259084300,137170530316,34225537020,402661372,0,0,0,0,0,0,0,0,0
0,0,0,0,0,0,0,4194304,33031168,6509301248,6493576704,6509436416,6576540672,6569200640,7633844224,4144230400,2139348992,533184512,247906304,216842240,209510400,209215488,209215488,4265115520,4265115520,205025280,202911744,202911744,202911744,202911744,504901632,2115514368,4078448640,3273160704,3248027648,33283072,16718848,14552064,3072,0
0,0,0,0,0,0,0,1572864,8126464,33292288,26083328,60686336,125698816,6576080768,6702695296,7768084352,3993222656,2114975744,1059053568,532201472,233881600,501276672,432037888,32644292608,17125473792,4242669056,417382400,408993792,409042944,409174016,409141248,216399872,216465408,2097119232,4278042624,3354451968,6574596096,6442479616,6442479616,24576
0,0,0,0,0,0,0,16769056,12952006752,12947828832,15150872800,6551500992,7649918144,3286301120,3881950080,2121506560,2088181248,209587200,410782720,410782720,68693789944,68660236280,409997184,409996288,409996288,405806080,472913920,204478464,205010944,2115514368,2115516416,3860363264,3353114624,7583292416,6450827008,6443434752,15032385536,4294967296,0,0
8257536,16760832,29605888,25223168,59695488,54518144,8656634240,30096290176,16169068416,4286643968,1065483264,230928384,417804288,409874432,410791936,943462908,808984572,808984320,8458868736,8458868736,808982528,941111296,404238336,404256768,404290560,941346304,2082407936,3994944256,3460039424,3489137536,3353346432,3221225856,3221225856,3221225856,3221227392,3221227392,896,0,0,0
0,0,0,0,16252928,33423360,206184579072,240577118208,103200686592,51673793280,60262171392,30182458112,15267516160,8305245696,4279171072,1066196992,433635328,418955264,812695552,811656128,4032888800,137176874496,137177882624,808476672,942694400,405823488,942694400,4163956736,8459515904,15436716032,30267907072,60368555008,120393174016,240585018368,206224494080,1536,1536,512,0,0
0,0,0,0,0,0,62914560,133693440,251396096,234752000,530454528,206662539264,207165855744,413257177088,413124139008,482651025408,242539294720,137378643968,33535754240,7646412800,6505562112,6501269504,6467744128,135316766656,136424034176,7575011328,6505463808,6505463808,6488686592,7528873984,7545798656,7541616640,16668585984,14521612288,14789908480,30897084416,26299865088,26306157568,25902976000,30127688704
0,0,0,0,0,0,0,0,0,58744832,65036288,1131438080,3812122624,1931239424,1946050560,1073635328,533651456,130531328,133136384,107839488,108838912,108578688,104398720,909704192,68687519744,68704296960,17298907136,51929088,51929088,51929088,52191232,59531264,260857856,529330176,966653952,836737024,1640963072,1643908096,3791130112,3584
0,0,0,0,196608,507904,2088960,3698688,15740928,1625307136,3791394816,3791591424,1912592448,1071511776,533625280,50822016,117702400,100916224,2114161664,4261645312,100862992,100861496,100863984,101058496,101123584,117638656,251856384,260244992,495126016,969082368,820448768,1886788608,1614757376,3760191232,3758154496,768,768,0,0,0
0,1048576,7864320,66584576,127664128,101580800,235339840,536805600,52613341632,52546757504,53418917632,68182867456,34326700032,8573579264,3284938752,3235655680,3765972992,1617965056,1617965056,137176825728,137176825792,945831424,476065792,207630336,241184768,241204736,2137030528,16969163648,16138682560,6475071680,6459195584,4303290560,192,0,0,0,0,0,0,0
0,0,0,0,0,1966592,8324864,15958784,568296320,1912586624,837927296,837009792,461891328,533096192,133069824,133986304,213397504,32415166464,34327773120,4263002096,202911856,202911744,236466176,127414272,64499712,265829888,1071136512,955790208,813183360,1614541184,1075831168,917888,384,384,0,0,0,0,0,0
0,0,0,0,0,0,0,534773760,1073217536,1882980352,3759013888,3254648832,3355313664,3725495296,210319690752,208037977088,244278343680,107109806080,128722190336,67056484352,32459767808,15145680896,13014974464,12943646720,12943646720,12935258112,545511210992,545511210992,12935258112,12943646720,15057575936,6467674112,7541407744,3783311360,1635907584,4051958784,8481345024,6943540736,13153076736,13018072832
0,0,0,0,0,0,0,0,0,3932160,66977792,132612288,235126976,218022336,52076462464,26298540416,26273376128,13405519616,16635558912,8549840896,836245504,821566464,821043168,819994560,8571067392,34338774016,30882667520,819993600,811604992,811604992,811604992,812660736,942700544,4163959808,8526089216,15270907392,30198859264,60162835968,60158903808,60129543680
0,0,0,0,0,0,0,0,7516390912,16106589696,33823330048,27381407488,61741144832,53151210240,53152004864,53422535040,122141487488,121071972736,103890940352,104033542336,103494574304,103578460256,103305764976,240778272800,206275895296,206275870720,206158430208,481036337152,137438953472,0,0,0,0,0,0,0,0,0,0,0
0,0,0,0,0,0,0,0,1610612736,1881145344,4033880064,4176506880,7951382528,6873446400,15463413760,13349477376,26293095424,26024709120,60384447488,51794513408,51794511360,51794511360,103317472768,103317440000,103183746560,103181649408,103181911552,240620799488,206261061376,206193952512,206160265984,68721312512,768,768,0,0,0,0,0,0
0,0,0,0,0,0,0,0,0,0,2147483648,7520387072,8067743744,14526996480,14528077824,27408789504,27434020864,53472243712,52399028224,52447352832,121166829568,103987223552,104087817216,104086768640,240988718592,481438991872,137438955264,768,768,0,0,0,0,0,0,0,0,0,0,0
0,0,0,0,0,0,0,0,0,0,0,402653184,939524096,945840128,2020630528,4235259904,3438342144,7733833728,15247988736,13113071616,30292940800,25997974528,60383005696,51793038336,120512777216,103315082752,240753968896,68955277056,202245888,202113792,134217728,0,0,0,0,0,0,0,0,0
0,0,0,0,0,0,0,0,0,24576,61440,61440,6442512384,6448871424,15039830016,16121960448,29006994432,29023734784,63379278848,54823421440,54812935680,124069283584,104809300736,104792523648,104792523136,242230428096,208004907200,207971352800,207165522016,69726568544,1006633008,939524144,939524144,402653184,0,0,0,0,0,0
0,0,0,0,0,0,0,0,0,0,0,1610612736,1610612736,3764387840,3765442560,7263501312,7263501312,13705964544,13723298816,30896868352,26601901056,26635455488,61121022976,52531350528,52060605952,120763287040,103583417856,103583024896,103549469440,103549469568,240988422528,206628421632,206628421632,206628421632,412518285312,412451078144,412316860416,0,0,0
0,0,0,0,0,0,0,3221227008,8053065216,8053067264,16643002112,14510202624,31690070784,27412935424,26603434752,26636989184,52396847872,52396843776,52463952768,103986782592,104121295232,103583367552,206662582656,206629028032,206629077184,481238548704,412518678624,412518678624,412317351984,458800,196664,196664,196632,0,0,0,0,0,0,0
0,0,0,0,0,0,0,0,0,0,0,2097152,3228571648,7531935744,7531936768,7532461056,16673963008,14522279424,31702148608,27440998144,27431559936,61791322880,53201388416,53201518976,121987580352,104790933696,104790982848,242632327392,207165292640,207165292656,413256450096,138378477624,24,0,0,0,0,0,0,0
0,0,0,0,0,0,30064771072,66572255232,59056717824,123482288128,106302420992,106841405440,104693398528,104693459968,242136640512,206970275328,206970275328,206978663936,207110784768,206573912832,206573912832,206590690048,481531511680,412543467904,412543467904,412577022336,412434415808,117440736,100663360,0,0,0,0,0,0,0,0,0,0,0
0,0,0,0,0,0,0,0,0,262144,537788416,4028526592,8457711616,15976001536,13291157504,30471018496,26180245504,60606109696,51747724288,51756108800,120473488384,103293619200,103327174144,103209698816,240644457984,240644196096,206217347840,206217151360,206183596416,25165824,0,0,0,0,0,0,0,0,0,0
0,0,0,0,0,0,0,0,0,0,536870912,1885339648,1894779904,4059565056,4053278208,4053278208,7308058112,7299939840,13741340416,13741339392,30971540224,26676589312,61036454656,52445995904,52580213120,103549428096,103549485440,240988176768,206628438464,402899136,229568,98368,98304,0,0,0,0,0,0,0
0,0,0,0,0,0,0,0,0,0,3758096384,3758096384,8323086336,7251720192,7251721216,13697313792,13697338368,13831554560,26185942528,26185926144,60562441728,51968444160,51968410368,103608681216,103331857152,240770810624,206394229632,481137918336,412317122688,962072674304,274877906944,0,0,0,0,0,0,0,0,0
