0,1,2,3,4,5,6,7,8,9,10,11,12,13,14,15,16,17,18,19
0,0,0,0,15360,8704,8704,8704,8704,8704,7168,2048,65408,2048,2048,2048,6144,6144,2048,0
0,0,0,0,7168,8704,8704,12800,12800,4608,5120,8064,31744,2048,3072,3072,3072,2048,2048,2048
0,0,0,0,3840,4352,4352,4352,4864,3584,32704,3072,3072,3072,3072,3072,1024,1024,1024,0
0,0,0,0,1792,2304,4352,4352,4352,7680,11264,8160,2048,2048,2048,2048,2048,2048,2048,0
0,0,0,0,7936,4352,4352,4352,4608,4608,7168,65280,3072,1024,1024,1024,3072,2048,2048,2048
0,0,0,7680,12800,8704,8704,8704,4608,4608,4608,32704,1024,1024,1024,3072,2048,2048,2048,2048
0,0,0,6144,9216,16896,16896,24832,8448,12800,4608,2816,65504,2048,2048,2048,2048,2048,2048,2048
0,0,0,0,15872,8704,8704,8704,8704,4608,3072,131040,1024,1024,3072,3072,3072,3072,2048,2048
0,0,0,0,3584,4608,4608,4608,5632,7168,65408,2048,2048,2048,2048,2048,2048,2048,2048,2048
0,0,0,7168,12800,8704,8704,8704,5632,7168,32640,3264,2048,2048,2048,2048,2048,2048,2048,2048
0,0,0,2048,7680,4864,12544,12800,4608,7168,16368,1024,1024,1024,1024,1024,1024,1024,3072,3072
0,0,0,0,1536,2304,2304,2560,3584,3072,32640,1024,1024,1024,1024,1024,1024,1024,3072,0
0,1536,15840,49168,98312,65548,131076,262148,262662,265732,265732,262148,131084,131080,65552,32816,49216,24960,7936,0
0,0,32736,49168,32792,65544,131076,131076,131076,132612,66564,65540,65548,98312,32776,32784,16416,12352,3968,0
0,0,0,4096,60416,198528,131168,262176,262176,268320,399392,131104,131104,65600,65600,32832,16512,8960,7680,3072
0,0,0,8128,28704,98336,65552,131088,393232,264208,268304,262160,262160,262160,262176,393248,131136,98496,31488,3072
0,0,4064,12312,16392,32772,98308,65540,65540,69124,69124,66564,65544,65544,32784,32816,16480,24960,7680,0
0,0,8176,28680,49160,32776,65544,131080,131080,134152,134152,134152,131096,65552,65584,65568,98400,32832,19840,15872
0,0,0,16352,57392,98328,131080,131080,262152,262152,265228,133132,131080,131080,65552,32800,57408,7552,1792,0
0,0,16320,57440,65552,131088,131080,262152,262156,262148,269320,262152,262168,262160,131088,65568,98368,49280,8448,7680
0,0,4080,12296,49156,196614,393218,262146,262146,132098,134146,132100,131076,131080,131096,196656,65632,49344,15744,1792
0,0,0,16320,57440,65552,196624,131088,393232,264216,268296,524312,524304,262176,262208,131136,196736,98560,65024,28672
0,0,130816,197056,393312,262160,262160,262160,263184,269328,269328,262160,131088,131104,196640,65600,65664,33024,33280,19456
0,0,0,0,0,31744,49920,65664,196672,131168,137248,137248,65568,98368,32960,16768,8960,15872,6144,0
0,0,0,0,32256,99200,261216,393264,1048560,524304,524304,1048560,524304,524336,264160,523328,131200,74496,41984,63488
0,0,0,0,7680,29568,65472,213024,131128,133072,261136,131088,131184,262112,131168,131264,131456,261888,67072,104448
0,0,4088,30732,65530,65538,131073,524287,262145,262145,524287,262147,262146,522246,135164,196616,98352,32704,0,0
0,1008,7196,16326,49215,98305,98177,65791,98305,129025,69601,65599,245762,163588,131320,261168,197568,102144,63488,0
0,0,0,0,7936,8576,32704,32864,67568,130096,65552,65552,131056,114736,65760,34560,31744,12288,0,0
0,1984,14576,65304,98312,133116,261636,262148,262268,270212,389124,131076,131100,198648,129032,98320,40992,26560,15360,0
0,0,0,0,8128,28768,32784,98288,65544,229384,131068,65540,65544,131064,65584,65568,131008,51328,31488,3584
0,0,448,3632,16376,16392,49164,49148,98308,98308,131068,65540,65544,131064,65552,32800,65472,16768,13824,2048
0,0,4064,12400,65420,32772,67578,130050,131074,131199,262081,131073,196610,65542,131064,49200,30912,3840,0,0
0,0,1920,15552,49264,98296,131084,262140,262150,262146,524286,262146,393220,131076,262136,131120,131296,130816,130048,16384
0,0,0,8184,24588,65532,32772,98308,131068,65540,131076,260104,143356,131088,131120,262112,100288,49408,26112,6144
0,0,0,8064,24672,98360,524232,786440,524296,1048328,524536,786448,262160,524280,262176,262176,131136,262080,66304,35840
32736,55388,100486,66817,132353,132609,393729,491521,155655,137341,146369,246011,131358,132868,67724,77976,123104,50112,31744,0
0,0,7680,29056,39264,100624,69400,67080,198152,180792,209352,246008,131096,133128,136200,70672,109664,58560,16128,0
0,0,16352,20656,35208,100614,69388,67092,114740,96452,78276,114812,196620,65544,68624,69168,70464,41344,54016,15360
0,1856,6592,14528,27952,34328,98312,98328,122932,71780,104644,41020,49420,17288,17112,9696,15872,3072,0,0
0,0,0,0,16128,58304,107072,210016,138272,196832,246560,141216,180448,98400,66624,40640,57984,29440,15360,0
0,0,0,3584,65472,103456,203824,133232,131472,492040,324040,274488,319496,493576,137240,144480,91328,115456,52736,30720
0,0,1984,7520,26896,51736,101928,66764,65796,129412,71908,90172,116236,67084,69128,35088,39264,65408,30720,0
0,0,1792,14784,29024,37168,100880,68104,68632,66600,114760,77896,79998,122888,99208,34456,34032,35264,65024,0
0,1536,32192,117024,69136,132120,131112,393284,376964,278788,320004,460740,393278,921608,143408,149728,118528,61440,16384,0
0,0,0,0,7936,29888,42048,78880,138272,137264,229584,155792,140240,245872,99872,35648,20928,12544,7680,0
0,0,0,32736,53472,100496,199056,197896,230200,156392,203016,94712,114696,33800,36368,23072,29120,15872,2048,0
0,0,0,0,4032,14512,61832,103172,134148,131102,245986,209150,90124,98308,100100,36120,35120,20704,16256,0
0,0,0,0,0,0,0,131040,499768,339980,339972,208900,204804,73732,122888,114712,16176,960,0,0
0,0,0,0,0,2032,8008,28684,102404,167940,169988,165900,251928,127072,16256,0,0,0,0,0
0,0,0,0,0,0,16376,122892,172034,364545,331777,921601,659459,397318,462860,131064,4096,0,0,0
0,0,0,0,0,0,16380,59396,215046,296962,821250,559106,559108,430092,233528,65472,0,0,0,0
0,0,0,0,0,0,0,16376,127112,249864,299016,167944,233496,65504,32768,0,0,0,0,0
0,0,0,0,0,0,8160,28896,36912,102412,200708,200708,339976,466992,123104,65408,0,0,0,0
0,0,0,0,0,252,16318,51203,198657,460803,854018,591874,591878,462852,262136,32768,0,0,0,0
0,0,0,0,0,0,0,32640,116832,231448,165902,296963,296962,296974,166136,130944,0,0,0,0
0,0,0,0,0,0,0,65520,233502,495618,331778,331778,462860,233720,65408,0,0,0,0,0
0,0,0,0,0,0,8128,127024,217112,167942,299010,299010,299014,233592,65472,0,0,0,0,0
0,0,0,0,0,0,8160,124956,231430,428034,296962,296962,231426,116750,32752,0,0,0,0,0
0,0,0,0,0,4092,28684,118786,167937,167937,299009,167939,167938,102406,110648,32704,0,0,0,0
0,14336,19456,17408,512,512,512,2688,3840,1792,1536,512,704,4736,6912,3840,1792,1536,512,0
1024,14848,8704,576,960,1408,1280,768,304,352,320,6528,1408,896,256,256,256,0,0,0
0,0,0,0,0,6144,30720,18432,18432,2304,11008,11776,7168,6144,2304,10496,10752,7680,7168,2048
0,0,0,3072,3072,5120,9216,1024,5376,7680,3072,1024,1088,3264,7552,3328,3584,1024,1024,0
0,0,0,7680,12800,512,512,704,1920,1792,512,512,6688,2592,1600,1920,768,0,0,0
0,0,0,0,512,3584,512,512,2624,1920,512,2592,2624,1920,1792,768,768,512,0,0
0,0,0,0,7168,5120,1024,1728,2944,2816,3584,1536,1024,1024,9216,5248,3328,3584,1024,1024
0,0,0,0,2048,5120,1024,1536,512,512,512,704,2688,2816,1600,6720,3968,1792,0,0
0,0,0,3584,4352,8448,384,128,128,704,960,160,160,1248,1728,704,896,0,0,0
0,0,0,0,0,0,6144,9216,1024,1024,640,896,2816,3584,1536,5120,7232,3200,3840,3072
0,0,0,6144,5120,1024,1024,1280,5888,3584,3072,1216,1152,9472,5888,5632,3072,3072,0,0
0,0,0,7168,13312,1024,1152,1408,5888,7680,3072,1056,1088,9600,5888,3584,3072,1024,0,0
0,0,0,0,0,49152,8192,12416,4352,6656,3072,3072,5120,9216,25600,17408,17408,14336,0,0
0,0,0,4128,3104,1728,896,768,1792,3328,2432,4224,4224,4352,6400,3840,0,0,0,0
0,0,0,16448,8384,4480,6656,3584,3072,7168,4608,8704,8960,8448,8960,8704,15360,0,0,0
0,0,16384,24576,6240,1216,768,512,1280,3328,6400,4352,8448,8448,8448,8960,9728,7168,0,0
0,0,0,0,12352,6336,3840,1536,3584,4608,8704,8704,8704,8704,8704,15872,0,0,0,0
0,0,0,0,28672,6528,2816,1024,2560,12800,25344,16640,16640,8448,8448,7936,1024,0,0,0
8192,12288,3088,608,448,384,384,640,1152,2176,2112,4160,4160,4160,6208,3968,0,0,0,0
0,0,0,0,0,16,57392,6208,1408,768,1408,2176,4224,8256,8256,8256,8256,6272,3840,0
0,0,8256,4288,2432,1536,1536,2560,4352,4352,4224,4224,4224,4224,4480,7680,0,0,0,0
0,0,24592,6240,1408,512,3840,6400,8320,16512,49216,32832,49216,24768,16256,3072,0,0,0,0
0,0,49152,8192,6176,2112,1408,768,3584,6400,12544,24704,16512,16512,16768,8960,7680,0,0,0
0,0,0,12312,3120,1632,896,256,1792,2304,4352,8448,8448,8448,8448,8704,7168,0,0,0
0,0,512,3584,4608,8704,4608,6656,3840,768,256,256,256,256,256,256,256,256,256,256
0,0,0,0,0,15872,16896,49664,33280,16896,12800,7936,512,512,512,512,512,512,512,0
0,0,0,0,0,15360,17408,17408,17408,9216,7168,1024,1024,1536,1536,1536,1536,1536,512,0
0,7680,8704,8704,12800,4608,3584,768,256,256,256,256,256,256,256,256,256,0,0,0
0,0,0,0,1536,2560,2816,4352,4352,3328,1792,256,256,256,256,256,256,128,384,128
0,0,0,0,3584,5632,4608,4608,6656,3584,512,512,512,512,512,512,512,512,512,0
0,0,0,0,0,3072,5120,5120,9216,5120,3584,1536,512,512,512,512,512,512,512,512
0,0,0,3584,2560,2560,2560,2560,3584,512,512,512,512,512,512,512,256,256,0,0
0,3072,5632,5632,4608,4608,6656,3584,512,512,512,512,512,512,512,512,512,0,0,0
0,0,0,1536,3584,4608,4608,4608,6656,3584,512,256,256,256,256,256,256,256,256,0
0,0,0,0,7168,25600,17408,17408,25600,15360,1024,1024,1024,1024,1024,1024,1536,512,512,1536
0,0,0,0,0,3840,14592,8960,8704,4608,7680,512,512,512,512,512,512,512,512,0
0,0,0,0,0,0,0,516096,278526,262146,393220,196620,123000,8064,0,0,0,0,0,0
0,0,0,0,0,0,0,0,8176,254008,131168,196800,114944,15872,0,0,0,0,0,0
0,0,0,0,0,0,0,2,524286,393218,131076,122904,16352,0,0,0,0,0,0,0
0,0,0,0,0,0,0,1,32767,245763,131100,98528,65408,0,0,0,0,0,0,0
0,0,0,0,0,0,0,0,524286,262150,262172,131184,130944,0,0,0,0,0,0,0
0,0,0,0,0,0,0,0,524286,262148,262156,262168,131120,98496,65408,0,0,0,0,0
0,0,0,0,0,0,0,2,524286,262148,262148,262168,197600,65024,0,0,0,0,0,0
0,0,0,0,0,0,0,0,524287,262146,393228,131184,131008,0,0,0,0,0,0,0
0,0,0,0,0,0,0,0,524287,262148,131080,65552,49392,16128,0,0,0,0,0,0
0,0,0,0,0,0,0,2,524286,393156,262152,262192,131520,130816,0,0,0,0,0,0
0,0,0,0,0,0,3,1,262143,131073,196611,65542,114744,16352,0,0,0,0,0,0
0,0,0,0,0,0,0,0,524028,401284,393224,131088,196832,65280,0,0,0,0,0,0
0,0,0,0,0,0,131064,229388,131076,131076,131080,131080,229384,122888,120,0,0,0,0,0
0,0,0,0,0,0,131056,65552,131096,131096,131080,131080,131080,131080,131080,254200,0,0,0,0
0,0,0,0,0,262112,262175,262147,262147,262147,262146,262146,262146,262146,262148,520316,0,0,0,0
0,0,0,0,0,129024,69630,65542,65538,65542,196612,131076,131076,131076,131076,196612,127032,0,0,0
0,0,0,0,0,524284,262148,262148,262148,262148,262148,262148,262148,516340,12,0,0,0,0,0
0,0,0,0,0,524160,262396,262148,262148,262148,262148,262148,508804,229500,12,0,0,0,0,0
0,0,0,0,0,126976,524286,262150,262150,262148,262148,262148,262148,286972,491520,0,0,0,0,0
0,0,0,0,0,262140,262148,262148,262148,393220,131084,262148,262156,262148,508412,16640,0,0,0,0
0,0,0,0,0,130048,132094,131076,131076,131076,131076,131076,131076,192516,196732,8,0,0,0,0
0,0,0,0,0,0,524032,787452,786434,786438,262148,262148,262148,492028,25344,0,0,0,0,0
0,0,0,0,0,524284,786436,524292,524292,524292,524292,524292,524292,786436,262268,507904,0,0,0,0
0,0,0,0,0,524287,262145,262145,262146,262146,262146,262146,262146,393218,254078,0,0,0,0,0
0,0,0,0,7712,73312,73504,37184,31104,10880,11904,42176,58480,9280,9280,29760,37952,40864,3872,32
0,0,0,0,3584,4608,73488,45336,58336,30592,11392,80000,125424,10368,10624,10496,27392,48768,38976,64
0,0,0,384,73676,71624,40168,46544,26400,9760,255038,25648,25632,9312,25664,41568,39584,67504,65536,0
3840,2176,5072,72904,129264,31168,12096,17986,17532,123968,17472,17472,26016,58128,44560,38928,32784,32784,16,0
0,0,3584,267008,138896,209296,111088,29376,20096,19584,247032,410816,17600,17600,107744,206112,400928,266272,16,0
0,0,0,7168,11776,275040,287296,280128,518080,47360,104704,200952,104624,104576,35200,35200,105280,88608,78880,72736
0,0,0,0,0,7232,38464,24512,15232,7040,5760,5872,259776,4672,4672,4672,12992,24544,53024,34848
0,0,256,1728,3136,36448,32680,4984,4528,61856,8484,8508,4368,12560,26912,19744,34800,32784,16,0
0,3072,4608,11528,162776,246256,127936,39488,35904,148544,115832,9280,13376,128248,72840,69384,8,0,0,0
0,0,0,3856,20368,19856,31696,15968,9792,127612,8768,12864,6752,27216,17496,33688,24,0,0,0
0,0,0,14336,28160,33536,48672,311712,444352,191616,80000,71808,69760,463100,69760,102528,36992,55776,125744,80912
0,0,0,0,0,7944,8328,147336,74224,129600,20000,19576,129056,18464,18464,17504,50400,124320,204320,196656
0,0,0,0,98608,99120,148304,149328,148824,413000,272584,274564,266240,262144,0,0,0,0,0,0
0,0,0,0,16384,52288,126176,79008,210080,144800,144672,144688,275728,275728,267792,262672,16,0,0,0
0,0,0,0,0,32768,100352,120000,152768,152896,156448,418336,287264,16,16,0,0,0,0,0
0,0,0,0,0,0,24576,60608,44224,76992,79776,144160,144160,271152,8720,0,0,0,0,0
0,0,0,0,0,192,98496,101728,101664,171296,169232,430864,291592,287496,286980,24580,16388,0,0,0
0,0,0,0,0,0,49152,52320,85088,85152,218784,152224,152224,156304,271120,270592,270592,270336,0,0
0,0,0,0,32816,116784,85072,152656,152656,152208,287384,287368,270984,795396,524548,260,256,0,0,0
0,0,0,0,0,0,35936,101472,101472,103120,168592,184976,152456,287112,286980,286724,0,0,0,0
0,0,0,196608,164352,165728,296416,279968,281008,280976,289168,272784,274568,274568,0,0,0,0,0,0
0,0,0,0,0,49728,116416,92096,141216,141728,141728,272672,268560,266256,4096,0,0,0,0,0
0,0,0,0,0,16384,52256,56864,119376,86608,86608,156240,156048,287112,270728,392,0,0,0,0
0,0,0,0,0,49152,50784,83616,84640,215712,142096,144144,275216,275224,786432,0,0,0,0,0
