0,1,2,3,4,5,6,7,8,9,10,11,12,13,14,15,16,17,18,19,20,21,22,23,24
0,0,0,0,0,126976,200704,200704,200704,202752,202752,71680,126976,57344,16384,2096640,16384,16384,16384,16384,49152,49152,49152,49152,0
0,0,0,0,0,126976,69632,69632,69632,71680,71680,104448,102400,61440,130816,520192,24576,8192,8192,8192,24576,24576,24576,24576,16384
0,0,0,0,12288,30720,50176,99328,99328,99328,35840,63488,524160,8192,8192,8192,8192,8192,8192,8192,8192,8192,8192,8192,0
0,0,0,0,0,14336,31744,50176,33792,33792,33792,38912,61440,262016,32640,16384,16384,16384,16384,16384,16384,16384,49152,16384,0
0,0,0,0,30720,64512,35840,101376,68608,67584,67584,100352,47104,60416,1047552,24576,8192,8192,8192,8192,8192,24576,24576,49152,16384
0,0,0,0,63488,100352,67584,67584,67584,67584,100352,104448,38912,53248,524160,9088,8192,8192,8192,8192,8192,8192,24576,24576,16384
0,0,0,0,122880,208896,137216,133120,133120,134144,199680,67584,100352,55296,1047552,1048512,24576,16384,16384,16384,16384,16384,16384,16384,16384
0,0,0,0,0,129024,198656,133120,133120,198656,67584,104448,61440,28672,2097088,8192,8192,8192,8192,8192,8192,8192,8192,8192,24576
0,0,0,0,0,28672,55296,34816,34816,34816,38912,45056,1046528,1048064,16384,16384,16384,16384,16384,16384,16384,16384,16384,16384,16384
0,0,0,0,61440,104448,198656,133120,198656,198656,102400,61440,24576,524160,8576,24576,24576,24576,24576,16384,16384,16384,16384,16384,16384
0,0,0,0,28672,63488,100352,68608,68608,67584,104448,36864,262112,262112,8192,8192,8192,8192,8192,8192,8192,8192,8192,24576,24576
0,0,0,0,0,14336,27648,17408,52224,51200,22528,20480,28672,261888,8192,8192,8192,8192,8192,8192,8192,8192,8192,8192,0
0,0,130816,459200,917536,1572912,3145752,2097160,6291468,12582916,8392708,8402948,12613644,12611596,4194312,4194312,6291480,3145776,1048672,524480,786816,393984,232960,63488,0
0,0,65408,508352,786464,524336,1048592,3145752,2097160,2097160,2097160,2109448,2109448,3145736,1048584,1048584,1572888,1572880,524336,786528,393408,196992,115456,32256,0
0,0,0,0,98304,1040384,1588224,2098048,4194432,4194432,4194432,4210816,4243584,4243584,6291584,2097280,3145856,1048960,1573248,786688,393984,200192,104448,61440,8192
0,0,0,0,65408,491712,1835072,1048672,3145824,6291488,4194336,12582944,12632096,8437792,8388640,8388640,8388704,8388672,12582976,4194432,6291840,3670784,937472,252928,28672
0,0,0,65504,229424,393240,786440,524296,1572872,1048584,3145736,2111496,2127880,2111496,3145736,1048600,1048592,1572912,524320,786496,262528,393984,261632,14336,0
0,0,32736,122912,196624,393232,786448,1572880,3145744,2097168,6291472,6316048,6316048,6316048,2105360,2097200,2097184,3145824,1048640,1048768,1572992,524672,262912,474624,122880
0,0,0,32256,254912,917600,1572912,3145744,6291480,4194328,12582936,12582920,4218888,4218888,4194328,6291480,2097168,3145776,1048672,1573056,917888,246528,65024,4096,0
0,0,7936,523136,1835200,3145824,2097184,6291504,4194320,12582936,12582920,8388616,8413192,8445976,8388624,8388656,12582944,4194400,2097216,3145920,1573248,787200,394752,257024,61440
0,0,0,65504,229400,917516,3670020,6291462,4194306,4194306,4194310,4206598,4222980,4206596,4194316,4194312,4194312,6291472,2097200,3145824,1048768,786816,492288,130560,7168
0,0,0,0,130944,983488,1572960,3145760,2097184,6291488,4194336,12599344,8437808,8437808,25165872,25165856,8388672,12583104,12583296,6291712,2097920,1050112,556032,520192,196608
0,0,0,4193280,6293376,4194752,12583008,12582944,8388656,8388656,8396848,8446000,8446000,12640304,4194336,4194400,6291520,2097344,3145856,1048960,1049344,1574400,527360,792576,421888
0,0,0,0,0,0,245760,1047552,1574400,1049344,3146112,2097280,2130112,2146368,2146368,3145920,1572992,524672,787200,394752,134144,210944,126976,32768,0
0,0,0,0,0,258048,925184,2097024,6815936,12583008,16777184,33546272,16777248,16777328,33554400,16777248,25165920,8388672,16777152,4194688,6292224,3148800,1710080,946176,507904
0,0,0,0,0,61440,237056,397056,2097024,3145920,2097392,6293472,8387616,8323104,4194400,4194496,4196288,8387776,6291584,2097920,2098688,2112512,4192256,1060864,1687552
0,0,0,65528,245788,1048574,1966082,3145731,8388607,8388607,12582913,12582913,16769087,16777215,12582914,12582914,16515078,5242876,6293496,3145752,1835120,524224,114688,0,0
0,4032,31856,57368,262086,393727,524289,2064385,3407857,3146239,3670017,4128769,3274753,3153907,3145791,3670022,4190220,2113528,3670128,4192480,2113408,3153408,2093056,393216,0
0,0,0,0,0,63488,261632,132864,524160,524416,1050560,4194112,3145824,3145760,3145760,3276768,4178016,1048768,1574784,793600,516096,229376,0,0,0
0,1792,65472,262128,1044528,1572888,3145784,6553592,8257548,4194316,4194556,4210668,4714508,8257548,6291464,6291512,2101240,3276304,2064432,1572960,590016,855936,491008,114688,0
0,0,0,0,0,32512,524224,917568,2089056,3670000,3145744,3145752,4186120,3211256,3145736,3145752,4194288,3145824,3145792,1048704,2097024,1048320,411136,252928,28672
0,0,0,8128,61552,262128,450576,262168,1048572,655240,1572872,1572872,2097144,1048584,1048584,1048600,2097136,1572784,1572960,524480,1048448,262912,138752,126976,0
0,0,7936,65472,237552,524248,786444,1573116,1179590,4177922,2097154,6291487,8388607,8387585,2097155,2097154,3145734,1638396,1048560,262368,459648,130560,0,0,0
0,0,0,65024,246144,917696,2097136,3145752,6291464,8388604,4194308,4194310,4194310,16777214,4194310,4194308,4194316,8388600,6291504,2097248,2098112,4193792,1112064,2080768,0
0,0,0,0,131056,229400,524280,1048568,1572872,1572872,2097148,3145736,2097160,2097160,4194300,2359292,2097200,2097248,2097344,4194176,2096896,787968,396288,258048,49152
0,0,0,15360,128768,196992,1835232,7864304,16711696,25165840,25165840,25165840,33554416,25165872,8388640,8388640,16777200,8388672,12582976,4194496,4194688,8381184,3178240,1055744,581632
262080,950768,541468,1073670,3154947,6306817,4200449,4200449,6291457,8126465,4653063,4292669,6342641,6787011,8126706,3147838,2104332,2110988,3195416,1147760,2032064,1967872,982016,253952,0
0,0,0,261120,427776,574912,1590368,1076272,1058832,3160080,3160080,2887792,2556888,3344152,4064248,2097208,2121752,2154512,2138160,3252320,1667264,930176,523776,126976,0
0,0,15872,255936,296560,837144,541704,1600524,1058844,1062956,1577068,4178316,3196684,3639272,4063288,3145736,3145752,2121776,3174432,3201248,1084800,1672960,986624,432128,258048
0,0,32512,50944,246656,421088,800800,1579056,1572888,1572920,1966184,1818824,1598216,1688568,721016,918536,265752,264752,398304,210880,113664,61440,0,0,0
0,0,0,0,0,129024,462592,920448,1775744,3256448,2154624,6308736,7866240,7281792,2301568,2491264,3932288,3154048,1601920,578304,989696,396288,260096,114688,0
0,0,0,0,30720,1048320,1946048,3186752,2154592,2146784,6293280,7347248,6168080,4424664,4292728,4653112,6029320,7397392,6414432,2171328,3355392,1318400,800768,942080,245760
0,0,3584,49024,124096,248928,411696,555120,1061336,3150600,3147272,4131848,4187916,3244492,1515644,1847320,1062920,1583128,1599536,1592416,576704,954240,523264,0,0
0,0,0,32256,116480,493440,820288,1625120,1067056,1069072,1077296,1056888,1835224,1507736,1147160,1163772,2064408,1574424,1575448,529200,537568,550784,818176,516096,0
0,0,130816,511872,1887296,3176544,2109552,6291544,4194440,6291848,6030092,4588556,4590596,6172676,7356292,6291708,12615708,29458480,6537408,2508672,3440128,2093056,491520,0,0
0,0,0,0,0,63488,261888,856448,1642624,3256512,6398016,4251712,7389664,8127328,6489632,2297632,2492320,3936480,1587392,813440,446208,230912,130048,12288,0
0,0,0,0,262016,820160,1622624,3163680,2122800,7355408,7870576,7216080,2328080,3198928,1279984,1835056,1581072,553008,284768,444608,231296,252928,126976,0,0
0,0,0,0,0,32640,115648,230192,951832,3726344,2158604,2121756,3670260,4129668,2195964,3604508,1835012,1054732,1588232,551992,803936,296896,501504,130048,0
0,0,0,0,0,0,0,0,245760,2097088,7929968,13697048,13697032,5308424,7405580,3211276,3211276,1245208,1703952,1966128,260192,16320,1536,0,0
0,0,0,0,0,0,448,32752,118808,1015816,1867788,2916364,6864908,5029900,5029912,6602800,1884384,1048448,32256,0,0,0,0,0,0
0,0,0,0,0,0,0,0,262136,2031628,7143430,4816899,13729793,11632641,10584065,10518531,10518534,15761420,3702808,2097136,32768,0,0,0,0
0,0,0,0,0,0,0,65528,491576,2015244,3424260,4997126,13123586,25706498,26755078,26755076,14204936,6848568,3965408,1048320,0,0,0,0,0
0,0,0,0,0,0,0,0,448,262128,2064920,8159256,5013528,4751384,6848536,3702832,2097120,1046528,0,0,0,0,0,0,0
0,0,0,0,0,0,0,16256,131008,1016768,819296,1605688,3702792,3178504,7372808,5341208,5439600,8257728,1968000,523264,0,0,0,0,0
0,0,0,0,0,0,0,32764,516110,1884163,3162115,7356419,15745026,19939330,19939334,17842180,30457868,7962680,2097136,0,0,0,0,0,0
0,0,0,0,0,0,0,0,129024,524032,1851840,3948656,6832188,4734982,4743170,4743170,4743182,6840440,3950528,2096128,0,0,0,0,0
0,0,0,0,0,0,0,0,261888,1048544,3965052,7897102,5275650,15761414,15761414,7372812,7438584,2097088,0,0,0,0,0,0,0
0,0,0,0,0,0,0,0,262080,2064496,3571768,7110684,4751366,13139974,8945670,13139980,6848632,4194240,261120,0,0,0,0,0,0
0,0,0,0,0,0,0,0,524272,1982520,3956748,6840326,13131778,8937474,5791746,8151042,1597454,1032440,131008,0,0,0,0,0,0
0,0,0,0,0,0,16352,123004,1015822,4030466,6848515,4751363,4751363,4751363,4751362,6848514,2719750,1671228,2032624,524032,0,0,0,0,0
0,114688,253952,405504,4096,4096,6144,6144,2048,19968,27648,11264,14336,6144,6400,6912,6656,40448,23552,31744,15360,6144,6144,0,0
12288,63488,231424,133120,2432,2304,11776,15872,7168,7200,3168,3264,3456,3328,61184,13824,7680,3072,1024,1024,1024,0,0,0,0
0,0,0,0,0,0,16384,114688,475136,409600,147456,24576,27648,227328,94208,122880,57344,24576,25600,158720,96256,126976,61440,57344,16384
0,0,0,0,24576,61440,45056,102400,69632,5120,39936,55296,28672,12288,4096,4352,4352,53760,22016,23552,30720,12288,12288,0,0
0,0,0,12288,63488,100352,67584,2048,2432,2816,11776,15360,6144,2048,2048,51264,51392,26752,10624,16128,7168,0,0,0,0
0,0,0,0,0,0,30720,2048,2048,2176,27008,15104,7680,6144,18560,27008,11008,15872,7168,3072,3072,2048,0,0,0
0,0,0,0,0,57344,110592,4096,4096,4864,22016,23552,22528,28672,12288,4096,4096,4096,102400,37376,54784,23552,12288,4096,12288
0,0,0,0,0,24576,57344,110592,4096,4096,4096,4096,4096,6144,6912,6912,32256,15488,55680,22784,32256,15360,0,0,0
0,0,0,0,30720,35840,66560,67072,1536,1536,1536,6016,8064,3904,1600,1728,9856,13952,4992,6912,3840,0,0,0,0
0,0,0,0,0,0,0,49152,122880,73728,77824,4096,4096,4864,5632,23552,30720,14336,4096,36864,53504,21248,22016,31744,8192
0,0,0,49152,122880,106496,8192,8192,8192,74752,44032,63488,28672,24576,8960,8704,206336,76800,108544,47104,61440,24576,8192,0,0
0,0,0,57344,106496,106496,73728,8192,8960,75264,109568,63488,28672,28672,12416,12672,78592,114176,63488,30720,28672,12288,0,0,0
0,0,0,0,0,0,262144,393216,197120,98816,33792,52224,55296,28672,24576,122880,77824,143360,135168,143360,139264,221184,114688,0,0
0,0,0,0,49216,24768,12672,6912,3584,3072,7168,13312,26112,50688,34304,34304,34304,34304,50176,31744,0,0,0,0,0
0,0,0,0,131328,197376,99840,35840,55296,28672,8192,28672,36864,104448,67584,198656,198656,198656,198656,202752,126976,57344,0,0,0
0,0,0,393216,196672,114880,24960,14080,7168,6144,15360,27648,19456,52224,99328,66560,197632,132096,132096,134144,202752,126976,0,0,0
0,0,0,0,0,98304,49920,26112,15360,12288,28672,53248,102400,202752,202752,202752,202752,202752,71680,126976,0,0,0,0,0
0,0,0,0,262144,459008,99072,19968,30720,12288,28672,51200,198656,133120,134144,134144,132096,197632,99328,64512,28672,0,0,0,0
0,229376,57392,14432,2240,3328,1536,1536,3584,6656,13056,25344,16640,49408,49536,33152,33152,33152,49408,32256,0,0,0,0,0
0,0,0,0,0,0,0,786528,491712,115072,30464,7168,7168,13824,25088,33536,65792,196864,131328,131328,196864,99072,65024,14336,0
0,0,131200,196992,99072,17920,14336,12288,14336,18432,52224,99328,99840,98816,98816,33280,33280,33280,36352,63488,0,0,0,0,0
0,0,393216,229600,50048,13824,7168,14336,27648,115712,198144,393728,262912,786688,786688,262528,393472,197376,130048,0,0,0,0,0,0
0,0,262144,393216,196608,49280,24960,8960,13824,6144,14336,27648,99328,67072,198144,393728,393728,393728,132608,199680,129024,0,0,0,0
0,0,0,0,98352,57440,12480,6912,3584,3072,7168,25600,50176,99328,66560,197632,197632,197632,199680,71680,126976,0,0,0,0
0,0,0,14336,26624,51200,100352,100352,34816,51200,30720,14336,2048,3072,1024,1024,1024,1024,1024,1024,1024,1024,1024,3072,1024
0,0,0,0,0,0,129024,200704,397312,790528,790528,397312,135168,260096,63488,6144,6144,6144,6144,2048,2048,6144,6144,6144,0
0,0,0,0,0,0,126976,258048,397312,266240,266240,135168,258048,61440,4096,4096,4096,4096,4096,4096,4096,4096,4096,4096,0
0,63488,100352,198656,198656,67584,100352,59392,14336,6144,2048,2048,2048,2048,2048,2048,2048,2048,2048,2048,3072,0,0,0,0
0,0,0,0,2048,14336,26624,18432,51200,52224,52224,19456,15360,1024,1024,1024,1024,1024,1024,1536,1536,1536,1536,1536,512
0,0,0,0,4096,28672,53248,36864,36864,36864,53248,28672,12288,6144,6144,6144,2048,2048,2048,2048,2048,2048,2048,2048,0
0,0,0,0,0,0,28672,61440,36864,36864,69632,102400,53248,28672,4096,4096,4096,4096,6144,6144,6144,6144,6144,6144,6144
0,0,0,0,28672,20480,55296,55296,22528,22528,26624,14336,2048,2048,2048,2048,2048,2048,2048,2048,2048,3072,3072,0,0
0,4096,61440,36864,102400,102400,102400,36864,63488,14336,6144,6144,2048,2048,2048,2048,2048,2048,2048,2048,2048,0,0,0,0
0,0,0,0,12288,30720,55296,104448,100352,34816,51200,26624,14336,2048,2048,2048,3072,3072,3072,3072,3072,3072,1024,1024,0
0,0,0,0,0,57344,204800,401408,270336,401408,139264,253952,61440,12288,12288,12288,4096,4096,4096,4096,4096,4096,4096,4096,4096
0,0,0,0,0,0,15360,60416,101376,198656,67584,67584,51200,30720,2048,6144,6144,4096,4096,4096,4096,4096,4096,4096,0
0,0,0,0,0,0,0,0,8388608,16711684,13107196,12582916,4194308,6291460,3145756,1966320,524160,0,0,0,0,0,0,0,0
0,0,0,0,0,0,0,0,0,0,32752,2097136,7340224,6291840,3146496,1836544,523264,0,0,0,0,0,0,0,0
0,0,0,0,0,0,0,0,0,4,16777214,4325374,6291460,3145740,2031728,262080,0,0,0,0,0,0,0,0,0
0,0,0,0,0,0,0,0,1,1,131071,8384515,6291486,2097264,3670976,1048320,28672,0,0,0,0,0,0,0,0
0,0,0,0,0,0,0,0,0,2,16777214,12615678,12582940,4194416,6292416,3800576,1032192,0,0,0,0,0,0,0,0
0,0,0,0,0,0,0,0,0,0,8388606,4194308,4194316,4194328,4194352,6291680,3146112,1838848,523264,0,0,0,0,0,0
0,0,0,0,0,0,0,0,0,2,16777214,12591092,12582916,12582940,4194416,7342016,4193792,0,0,0,0,0,0,0,0
0,0,0,0,0,0,0,0,0,0,8388607,4259842,4194318,4194328,6292448,4194176,516096,0,0,0,0,0,0,0,0
0,0,0,0,0,0,0,0,0,0,16777214,16777212,4194328,2097168,3145760,787424,524032,0,0,0,0,0,0,0,0
0,0,0,0,0,0,0,0,0,2,6291710,16777164,12582936,12582960,4194528,6292352,4095488,1040384,0,0,0,0,0,0,0
0,0,0,0,0,0,0,2,2,3,4194303,2097155,2097155,3145730,3145742,1835128,524256,14336,0,0,0,0,0,0,0
0,0,0,0,0,0,0,0,0,0,8323576,4718584,4194328,4194352,6291552,3146688,2080640,258048,0,0,0,0,0,0,0
0,0,0,0,0,0,0,0,4194296,2097160,2097160,2097160,2097176,2097160,2097176,2097176,4128792,504,128,0,0,0,0,0,0
0,0,0,0,0,0,0,2096896,1572832,3145776,2097200,6291504,4194320,4194320,4194320,4194320,4194320,4194320,8258096,8258544,0,0,0,0,0
0,0,0,0,0,0,129024,8388606,4194306,4194306,4194306,4194306,4194306,4194306,4194306,4194306,4194310,4194308,4194332,8356344,0,0,0,0,0
0,0,0,0,0,0,1572864,4193792,3147774,3145734,2097156,2097156,3145732,2097164,2097164,2097164,2097164,2097164,2097164,3145736,4161656,120,0,0,0
0,0,0,0,0,0,8388600,12582920,12582920,12582920,12582920,12582920,12582920,12582920,8388616,8388616,16646152,1016,0,0,0,0,0,0,0
0,0,0,0,0,0,0,16777212,12582924,12582924,12582924,12582924,12582924,12582924,12582924,12848652,8261612,124,0,0,0,0,0,0,0
0,0,0,0,0,0,0,8388592,12583036,12582916,12582916,12582916,12582916,12582916,12582916,12582924,12583436,16712700,4194304,0,0,0,0,0,0
0,0,0,0,0,0,2096896,7866364,4194316,4194316,4194312,4194312,4194312,4194312,12582920,8388616,8388616,16252984,8128496,1024,0,0,0,0,0
0,0,0,0,0,0,0,4194300,2099196,2097164,2097164,2097160,2097160,2097160,2097160,2097160,2162696,4128776,504,0,0,0,0,0,0
0,0,0,0,0,0,0,4063232,16777200,8389628,8388614,8388612,8388612,8388620,8388616,8388616,15728664,2035704,0,0,0,0,0,0,0
0,0,0,0,0,0,15728648,16777208,25165832,25165836,25165836,25165828,25165828,25165828,25165828,25165828,25165828,8388612,8389116,16515072,4194304,0,0,0,0
0,0,0,0,0,0,8388607,4194311,4194307,4194306,4194306,4194306,4194306,4194306,4194306,4194306,4194306,7340038,4063742,0,0,0,0,0,0
0,0,0,0,0,61504,1611968,1177664,1674432,886656,509696,248320,228096,209664,733680,995824,200960,200960,70016,496000,823680,578432,32384,22720,0
0,0,0,0,0,30720,51200,47104,1698928,623728,856000,499456,258560,221952,3326720,2049984,156160,156160,157184,224256,224256,1048064,647936,1573120,256
0,0,0,0,15872,1113992,1150872,1702360,582576,861920,470208,145600,209092,4141308,143552,139456,139392,209024,987520,856448,643968,1605344,1048576,1048576,0
31744,17920,49920,48944,3203888,1950560,509888,216448,141696,145566,405756,1978496,929920,397696,135552,136896,466016,989216,651296,639008,524320,524384,524336,0,0
0,0,28672,30720,12619264,4307488,3272224,1115744,1019840,514816,152064,422656,418808,8266688,401664,139520,406272,930688,1709696,2178240,4323392,12644416,96,0,0
0,0,0,0,126976,96256,252032,12785792,8788096,8665472,15609600,3894272,1688576,1623552,7915504,7915104,1623552,1623552,542208,1623808,1887616,3459200,3559552,3387584,3203264
0,0,0,0,0,0,57600,635136,825600,456960,249600,126464,113152,111216,111584,4165888,2199808,37120,37120,39168,252672,450432,318592,817344,540736
0,0,0,3584,15104,24960,817280,818816,252824,36272,100320,460480,459840,66668,68728,101472,99424,246848,410688,273600,802784,788256,32,0,0
0,12288,63488,100352,261144,6815536,6555360,4067200,1018624,579968,815488,270720,8266224,139648,205184,74112,500208,1893136,1603088,1080344,16,0,0,0,0
0,0,0,7200,29728,286240,423472,444192,248160,129472,209280,4133360,201208,70016,119168,53696,250336,422320,800560,7728,48,0,0,0,0
0,0,0,0,245760,520192,792576,654400,761536,13504192,4988800,7222016,3891712,1163776,1164032,1082112,15762424,7373624,1082112,1606400,573952,836480,969920,1824864,1175648
0,0,0,0,0,0,63488,99856,228880,2359088,3346400,1804736,972928,290944,286960,4153472,3424384,286848,417920,401792,139648,2045632,3259456,2158656,7340128
0,0,0,0,0,1576032,3935456,2362528,2366624,6559136,4470192,4597008,4343576,4408072,4309768,12681216,8388608,8388608,0,0,0,0,0,0,0
0,0,0,0,0,262144,925696,680320,1762176,1221248,3384000,2340416,6403648,6403136,4305984,4297792,4299872,12687456,12589152,4200480,32,0,0,0,0
0,0,0,0,0,0,524288,1859584,1893120,3465984,2405248,6657664,6657152,4660416,4659264,12785728,8388704,32,0,0,0,0,0,0,0
0,0,0,0,0,0,0,131072,401664,942848,750464,1790592,1300096,3380928,6526144,6526016,4398176,202848,198688,0,0,0,0,0,0
0,0,0,0,0,0,768,896,1582976,1599104,3699904,2683968,6853696,5018720,5086240,4529200,12913680,12913688,4656136,393228,393220,131072,0,0,0
0,0,0,0,0,0,0,262144,794624,1859712,1339840,1340352,3592896,2527936,2265664,6527552,4394560,4394528,4394528,12781056,8586752,8586240,8388608,0,0
0,0,0,0,524352,1835104,1310944,3432672,3465632,2421152,2527520,6787360,4428592,4397616,12786192,8588816,8588808,8392200,3084,1036,1028,0,0,0,0
0,0,0,0,0,0,0,8320,553344,1864128,1888576,3985760,3971936,2399008,6654512,6654480,4525584,12912152,8848392,8781836,4,0,0,0,0
0,0,0,0,3147776,6821888,4725120,4996480,4468672,12857152,13002304,8808032,8537632,8537632,8635952,8488496,8487440,98328,0,0,0,0,0,0,0
0,0,0,0,0,0,268288,923904,1719168,3287680,2239104,6515328,6516416,4279872,4279360,4312160,12633120,12632112,0,0,0,0,0,0,0
0,0,0,0,0,0,0,286720,815296,839872,1872096,1350112,3643680,2591008,2558240,6490928,4394544,12781072,132624,1552,1536,0,0,0,0
0,0,0,0,0,0,786432,790912,1847680,1457088,1473088,3308096,2248288,6474848,4361248,4426784,12684336,8456208,25165824,0,0,0,0,0,0
