0,1,2,3,4,5,6,7,8,9,10,11,12,13,14,15,16,17,18,19,20,21,22,23,24,25,26,27,28,29,30,31,32,33,34,35,36,37,38,39,40,41,42,43,44,45,46,47,48,49
0,0,0,0,0,0,0,0,0,1006632960,17146314752,34342961152,32262586368,25828524032,25828524032,25828524032,25828524032,25828524032,25794969600,25794969600,30089936896,30094131200,30094131200,15091105792,15292432384,17163091968,8556380160,4160749568,805306368,2198754820096,4398045986816,2199022731264,838336512,805306368,805306368,939524096,805306368,805306368,1879048192,1879048192,4026531840,4026531840,4026531840,4026531840,4026531840,1879048192,1879048192,1610612736,0,0
0,0,0,0,0,0,0,0,0,0,8556380160,17163091968,16231956480,15091105792,15091105792,15091105792,15091105792,15091105792,15057551360,15057551360,15057551360,15057551360,15091105792,15091105792,6501171200,7633633280,8036286464,4261806080,4294836224,137438822400,137438691328,133546639360,402653184,402653184,469762048,469762048,469762048,469762048,469762048,469762048,1006632960,2080374784,2080374784,2080374784,2080374784,2013265920,2013265920,939524096,939524096,939524096
0,0,0,0,0,0,0,0,0,260046848,532676608,2112880640,4176478208,3761242112,7519338496,7519338496,7519338496,7519338496,7523532800,7523532800,7530872832,3906994176,4290772992,2139095040,137438937088,274877890560,137438937088,469762048,469762048,469762048,469762048,469762048,469762048,469762048,469762048,469762048,469762048,469762048,469762048,469762048,469762048,469762048,201326592,201326592,201326592,201326592,201326592,0,0,0
0,0,0,0,0,0,0,0,0,0,0,534773760,1072693248,2020605952,1882193920,3761242112,3761766400,3761766400,3761766400,3761766400,3765960704,3765436416,3789553664,3821010944,2139095040,2130706432,68652417024,68719468544,34359730176,939524096,939524096,939524096,939524096,939524096,805306368,805306368,805306368,805306368,805306368,805306368,805306368,805306368,805306368,1879048192,1879048192,1879048192,2013265920,939524096,268435456,0
0,0,0,0,0,0,0,0,0,2143289344,4292870144,8587837440,7530872832,7530872832,6457131008,6457131008,15047065600,15047065600,15047065600,15047065600,15047065600,15044968448,15044968448,7545552896,7579107328,8044675072,4278190080,4294443008,1099511103488,1099494850560,1098907648000,469762048,469762048,469762048,469762048,469762048,469762048,469762048,469762048,469762048,469762048,469762048,469762048,402653184,402653184,2013265920,2013265920,2013265920,939524096,939524096
0,0,0,0,0,0,0,1065353216,4290772992,8585740288,7528775680,15047065600,15047065600,12899581952,12899581952,12899581952,12899581952,12899581952,15044968448,15061745664,15061745664,6471811072,7545552896,7545552896,7541358592,3816816640,3816816640,2130706432,137438691328,274877890560,137438937088,469762048,469762048,469762048,469762048,469762048,469762048,469762048,469762048,469762048,469762048,469762048,469762048,469762048,402653184,939524096,939524096,939524096,2013265920,939524096
0,0,0,0,0,0,0,0,8455716864,34326183936,68702699520,60246982656,120317804544,120288444416,120288444416,120273764352,120273764352,120273764352,51554287616,60135833600,60135833600,30071062528,30079451136,15047065600,16118710272,7528775680,3787456512,4190109696,2071986176,2199023190016,2199023251456,236974080,469823488,939524096,939524096,805306368,805306368,805306368,805306368,805306368,805306368,1879048192,1879048192,1879048192,1879048192,1879048192,1879048192,1879048192,1879048192,1879048192
0,0,0,0,0,0,0,0,0,2113929216,8581545984,34351349760,66601353216,60158902272,60158902272,60142125056,60142125056,60142125056,60142125056,25782386688,30077353984,30077353984,15061745664,16164847616,8178892800,4278190080,2113929216,1040187392,4398046509056,4398046509056,469823488,469762048,469762048,469762048,469762048,469762048,469762048,469762048,469762048,469762048,469762048,469762048,469762048,469762048,469762048,469762048,469762048,469762048,939524096,939524096
0,0,0,0,0,0,0,0,0,469762048,1056964608,2139095040,3821010944,3787456512,3233808384,3233808384,3233808384,3233808384,3250585600,3250585600,3279945728,3347054592,4009754624,4261412864,4227858432,2199022993408,2199023124480,551777206272,1879048192,805306368,805306368,805306368,805306368,805306368,805306368,805306368,805306368,805306368,805306368,805306368,805306368,805306368,805306368,805306368,805306368,805306368,805306368,1879048192,1879048192,1879048192
0,0,0,0,0,0,0,100663296,2130706432,8573157376,16970153984,32241614848,30094131200,60158902272,60158902272,60158902272,60142125056,60142125056,30077353984,30094131200,15091105792,7642021888,8170504192,4127195136,2113929216,1040187392,549755682816,549755797504,473939968,469860352,469762048,402653184,402653184,402653184,402653184,939524096,939524096,939524096,939524096,939524096,939524096,939524096,939524096,939524096,939524096,939524096,939524096,939524096,939524096,939524096
0,0,0,0,0,0,0,0,0,1065353216,4290772992,8350859264,7530872832,15047065600,15047065600,15047065600,15047065600,15047065600,15047065600,15061745664,15061745664,6501171200,7574913024,3875536896,4261412864,68719475712,68719475712,8589932544,234881024,234881024,234881024,201326592,201326592,201326592,201326592,201326592,469762048,469762048,469762048,469762048,469762048,469762048,469762048,469762048,469762048,469762048,1006632960,1006632960,469762048,469762048
0,0,0,0,0,0,0,0,0,58720256,264241152,534773760,1021313024,946864128,1886388224,1886388224,1886388224,1893728256,1893728256,1908408320,1941962752,1937768448,1996488704,1056964608,1040187392,68719345664,137438887936,68719345664,201326592,201326592,201326592,201326592,201326592,201326592,201326592,201326592,201326592,201326592,201326592,201326592,201326592,201326592,201326592,201326592,201326592,469762048,469762048,201326592,0,0
0,0,0,0,4294836224,17179852800,68451561472,270583003136,1082331765760,1030792154624,1924145352448,3848290699136,8246337209216,7696581395392,15393162789312,30786325577952,65970697666800,61572651155568,123145302310960,246290604621872,246290604621872,246290663342128,246290730450992,246291133104240,246291669975152,105554181619808,105554181619936,123146359275744,123146174726368,52776558133472,61572651155904,61572651155904,30786325578624,30786325578624,15393162790656,16492674420480,7696581402112,3848290712576,1924145379328,2061584363520,1030792273920,515396583424,257698496512,128850984960,66580119552,34157887488,8587837440,2130706432,0,0
0,0,0,0,536838144,17179860992,137423220736,272730454016,515396082688,1030792154624,2061584305664,4123168605952,3848290699136,7696581395328,15393162789312,15393162789312,15393162789056,30786325577952,30786325577952,30786325577952,30786325577952,30786375909600,13194256974048,13194391191776,15393682882784,15393682882784,15393397670112,6597069766880,7696581394656,7696581394624,7696581394880,3298534883776,3848290697664,3848290697664,1924145349504,1924145349504,1924145350400,962072677888,962072681984,481036352512,240518199296,257698099200,133144109056,32212500480,16644014080,8589869056,2147221504,267386880,0,0
0,0,0,0,0,0,0,0,1073741824,68182605824,549621596160,1096256847872,4261143379968,17042564186112,34084877205504,30786326609920,61572651401216,52776558190592,52776558190592,52776558190592,52776558190592,52776558190592,52776558190592,52778168803328,52780584722432,52784879689728,52784879689728,61580972711936,61574261825536,26388279123968,30786325635072,30786325635072,15393162846208,15393162903552,7696581509120,7696581509120,3848290926592,1924145577984,2061584531456,962073133056,515397058560,257700003840,120267210752,64440762368,32278315008,16231956480,8573157376,2113929216,1006632960,0
0,0,0,0,0,0,0,0,1073725440,34359730176,137438949376,547608358912,1030792179712,4260607571968,4123168618496,7696581408768,16492674422784,15393162796032,30786325584896,61572651162624,61572651162624,123145302313984,123145302313984,123146241838080,105557277019136,246294765374464,246294631156736,246294631156736,246290604624896,246290604624896,246290604624896,246290604628992,246290604628992,246290604627968,246290604636160,246290604636160,246290604650496,123145302339584,123145302368256,131941395390464,65970697781248,32985349062656,16492674646016,8521216098304,2164936081408,1096172699648,137337241600,17175674880,2130706432,1040187392
0,0,0,0,0,134184960,2147479552,8589933568,33822899968,66571997056,128849019776,257698038144,481036337600,1030792151488,962072674496,1924145348800,1924145348832,3848290697440,3298534883552,7696581394656,7696581394656,15393162789088,15393427030240,15393695465696,15393695465696,15393695465696,15393691271392,15393422835904,15393397670336,6597069767104,7696581394880,7696581395328,3298534884224,3848290699008,3848290699008,1924145352192,1924145356288,962072681472,962072688640,481036365824,481036394496,240518414336,120260100096,128853147648,68668882944,34359214080,4290772992,0,0,0
0,0,0,0,268431360,1073740800,4294966784,16911437312,66571994880,133143987968,257698038528,515396076288,1030792151808,2061584302976,1924145349504,3848290698112,7696581395328,16492674417536,15393162789760,30786325578624,30786325578624,26388547502976,26389285700480,26390392996736,26390392996736,26390359442304,30787332211584,30786795340672,30786795340672,30786459797248,30786325579520,30786325581312,15393162792448,15393162792448,6597069773824,6597069772800,7696581408768,7696581408768,3848290725888,3848290725888,3848290754560,1924145463296,1924145463296,962072903680,481036795904,515866755072,266824712192,68719214592,34359214080,4160749568
0,0,0,0,0,0,268173312,1073676288,17179852800,68451299328,272730454016,1082331773952,4329327042048,8521215119104,16492674418432,32985348834048,30786325578624,61572651156352,61572651156352,52776558133632,123145302311360,123145302311360,123145302311360,123145302311360,123145772073408,123146308944320,123147382686144,123146241835456,61573053809088,61572651155904,26388279067008,30786325578624,30786325578624,15393162789632,15393162790656,7696581398272,7696581401600,3848290728960,1924145410048,2061584424960,1082331873280,545461338112,136366194688,17030840320,4294705152,1073217536,125829120,0,0,0
0,0,0,0,8126464,4294901760,68719443968,549688958976,1090921820160,4260607586304,8246337222656,16492674432000,15393162796032,30786325581312,30786325581312,61572651157248,61572651157248,123145302311808,123145302311808,123145302311360,105553116266944,246290604622272,246290604622272,246290604622272,246291544146368,246292684997056,246292684997056,246292684997504,246290604622720,246290604623616,246290604623616,246290604625408,123145302314496,123145302313984,61572651162624,61572651162624,30786325592064,32985348864000,16492674478080,7696581517312,3848290942976,4123168833536,2061584760832,515396993024,257702100992,128857145344,64440238080,34357641216,17175674880,4278190080
0,0,0,0,0,16775168,2147483136,8589934336,68585260928,135291470784,541165879776,2164663517408,4260607557744,17042430230584,34084860461116,65970697666588,131941395333148,123145302310924,123145302310924,123145302310940,123145302310940,52776558133276,52776558133272,52776809791544,61573171249208,61573171249208,61573171249208,61573171249200,61572751818864,61572651155568,61572651155680,61572651155680,61572651155904,61572651155904,26388279067520,30786325579520,30786325581568,30786325585408,15393162804224,15393162819584,7696581455872,8246337331200,4260607803392,1065152118784,270583922688,136367177728,34355281920,4294443008,267386880,62914560
0,0,0,0,0,0,0,0,8589869056,68719468544,549755809792,1082331787264,2061584316416,3848290704384,7696581401600,16492674423808,15393162796032,30786325580800,30786325581312,61572651159040,61572651159040,123145302314496,123145302312448,105553921574400,246292483671552,246294765373184,492589530744576,492585235777280,492581209245440,492581209247232,492581209251328,492581209250816,492581209257984,246290604652544,246290604679168,246290604679168,123145302425600,123145302540288,61572651646976,65970698125312,30786326495232,15393164754944,7696585326592,3848298561536,1924177854464,964218060800,511096913920,274341036032,135291469824,30064771072
0,0,0,0,0,0,4398045462528,17592185782272,34084864589824,65970698706944,61572651413504,123145302374400,123145302325248,123145302318080,105553116270080,246290604625408,246290604625408,246290604625408,246290604625408,246290604625408,246290604625408,246291074387456,246292685000192,246294832483840,246294832483840,246294832483840,246292685000192,105555129536000,123145302314496,123145302318080,61572651162624,61572651162624,26388279080960,30786325592064,30786325606400,15393162817536,15393162846208,6597069889536,7696581640192,7696581885952,7696582377472,3848291614720,3848294629376,1924153212928,1924161077248,962104131584,962135588864,481162166272,516453040128,258738225152
0,0,0,0,0,0,0,0,0,0,0,0,0,68685922304,549753716736,1082867580928,2061600555008,3848294629376,8246339174400,7696582377472,15393163280384,15393163018240,13194139648000,13194139648000,13195213332480,13198166126592,13198166093824,13198166093824,13198166093824,15395041865728,15393162817536,7696581423104,8246337265664,3848290811904,1924145594368,962072903680,1030792609792,481037254656,240520134656,120263016448,120266948608,60145270784,30094131200,32472301568,17163091968,17112760320,8053063680,0,0,0
0,0,0,0,0,0,0,0,0,1879048192,34326183936,274869518336,1095349829632,2130320293888,4398046478336,17592184979456,35184238125056,65970697728000,131941395363840,263882790927360,527765849767424,562949953420800,1125899904749056,985162418490880,985162418490880,844424930135552,844424930147840,1125350151552768,1125899906842112,1125899906829824,844424930135552,985162418494464,985162418494464,985162418501632,492581209257984,492581209272320,281474976708608,281474976708608,140737488076800,61572651646976,65970698649600,32985352896512,15393170653184,7713793769472,3908485251072,1984400719872,2122233937920,1095149551616,549621596160,274341036032
0,0,0,0,0,0,0,0,0,0,1006632960,4290772992,17179344896,66605416448,270587068416,1082465943552,4398046494720,4398045708288,16763257413632,15393162817536,30786325593856,30786325643008,26388281163520,26388312620544,61581241028096,70368739986944,70368609963008,61572651162624,61572651162624,61572651161600,61572651169792,61572651415552,61572652201984,65970714425344,70368743944192,35184370053120,26388279189504,30786325692416,30786326069248,30786326560768,30786327543808,30786329509888,13194206117888,17592184995840,17592183947264,17592177655808,7696833052672,8253282975744,4131691429888,2198754820096
0,0,0,0,0,16773120,1073741568,8589934528,68652369888,272730423792,549755813880,2199023255480,4398046510620,8246337208348,16492674416654,32985348833286,30786325577735,70368744177663,70368744177663,125344325565959,123145302310919,123145302310919,246290604621831,246290604621831,246290604621855,281474976710654,281474976710654,255086697643790,246290604621838,246290604621838,105553116266524,105553116266524,140187732541496,140736414613560,140737486782704,61641370632176,61572919590880,30786325578176,32985348834176,16492674418560,8521215123200,2132451261952,1099511625728,274877890560,68182605824,16642998272,0,0,0,0
0,0,4177920,33552384,268434944,1069555456,4227860416,16911434224,34359607548,137438953470,274877906943,515396091903,1030792151043,1924145348611,4363686772739,8796059467779,7971459293187,7698728878079,15393166983167,15393162789887,16492674416647,17454747090951,17575006175239,16492137545735,15530584965127,15397457494023,15393431222279,15393166983118,15393162854398,15393162789886,15393162788892,17583596109884,17592051826744,15668038598896,15397457756128,15393179566016,15393163050880,17583596117760,17592118967296,17592185124864,15394236522496,15393179549696,7696614686720,8658921455616,4398038122496,2198956146688,1098974756864,103079215104,0,0
0,0,0,0,0,0,0,0,0,0,0,8588886016,34359214080,66580119552,60131508224,274877841408,274877874176,515395272704,962072788992,1924145405952,3848290957312,7697655134208,8796093018112,8796088842240,7692286441472,6597069773824,6597069773824,6597069770240,6597069770240,6597069778432,6598143507968,8796093021696,8796092963840,8787503102976,7696581457920,7696581652480,3848291729408,4123176927232,2061651148800,1031058489344,549739036672,274810798080,68182605824,32212254720,0,0,0,0,0,0
0,0,0,268402688,2147467264,8589144064,33957084672,137438952960,549755813632,1098974758784,4260607558528,8521215115712,16492674417600,32985357221824,30820685316032,61847529061600,70368609960160,140668768878816,130841883705440,123145302311008,123145302312928,123145303359456,123145335865184,123146376048736,123179659952224,124244679721056,131939247849568,70231305224416,68169720922336,61572651155680,61572651157184,30786325585856,30786326626240,15393297006464,15397457724288,6631421118208,8795556153088,4389456580096,3848290704896,1924145355776,1924145362944,992137506816,511102148608,528348069888,273267228672,137434759168,68652367872,7516192768,0,0
0,0,0,0,0,0,0,0,0,0,0,17179836416,68719468544,273804292096,532575973376,2130303793152,2190433328128,4398046510080,8796093021696,7696715609600,6597069768448,15393162789632,32985348834176,34084860461952,17590038561216,17592185520320,15668040695744,15394236530624,15393162789056,15393162789312,15393162789824,17592186029952,17592186044160,17592186044288,6597069774592,6597069782016,7696581408768,7696581423104,7696581451776,3848290811904,4398044659712,2199023222784,1099511562240,482917351424,242401148928,135030898688,68617764864,34357641216,1065353216,503316480
0,0,0,0,0,0,16760832,268431360,1073544192,8557428480,34359738112,68719476480,137434760064,257698038656,515396075904,481036337536,1099511627760,1099511627760,893353197504,1924145348800,1924145348832,1649267441888,3848290697440,3848290697440,4398046511072,4398046511072,3848290697184,3298534883552,3298534883776,3298534883776,3298534884224,3298534884224,4123168734976,4398046510848,4398046510592,3848290704896,3848290704384,3848290711552,1924145377280,2164663705600,1099511611392,549755781120,515392897024,240522231808,120275599360,64490569728,34355544064,17163091968,1006632960,0
0,0,0,0,4063232,268419072,2147475456,17146378240,68451188224,137438953216,274877906816,549747426240,1095216660704,2061584302192,1924145364976,3848292794360,3848827567928,8796092989464,8796084633628,17587891077148,30786325577740,30786325577742,26388279066750,26388279099391,28587306516479,35184372088327,35184371826695,30786325577735,30786325577734,30786325577742,15393162788878,15393162788892,7696581394492,7696581394552,3298539077360,4398046511072,2199023255424,2196875779840,1030792182784,515396139008,266288488448,68455219200,34359607296,8589410304,264241152,0,0,0,0,0
0,0,0,0,0,0,536608768,8589803520,34359705600,136365457408,541166006272,1099511626752,4398046510592,8383776161536,16492674418560,32985348834240,30786325578208,65970697666784,70368744177648,70368744177648,52810917871600,123145302310968,123145302310968,123145302310936,123145302310936,123145302376444,140737488355324,140737488355320,123145302310968,123145302310968,52776558133360,52776558133360,52776558133472,61572651155680,70368744177088,70368744177600,35184372088704,30786325585664,30786325593088,30786325641216,30786325835776,13194141614080,17592185978880,17592185520128,8796090925056,3856863854592,2198889037824,2196875771904,532575944704,0
0,0,0,0,0,0,0,0,4294967040,17179869056,68451043264,133143986624,257698038208,549755813824,1099511627712,2196875772352,1924145349056,3848290697664,3848290697664,4260607557824,8796093022176,8246337208288,6631429504992,15393162789056,15393162789056,15393162789056,15393162789312,13194139533760,17557826306944,17592186044400,15393162788848,13194139535104,13194139536896,13194139536896,13194139540480,13194139548672,13194139564032,15393162850304,17317308260352,17592186028032,8796092989440,4123169587200,2061586268160,1030800015360,515411804160,266352984064,64688750592,34342961152,17112760320,4026531840
0,0,0,0,0,0,62914560,536346624,4294836224,17047683072,67646226432,270583193600,1082331820032,4329327066880,17325898071808,70368744177408,140737488291584,281337537758080,492581209244544,492581209244544,422212465066880,422212465066880,422212465066880,562945658454784,562949953421056,562949953421056,422212465264384,422212465067520,492581209247232,492581209247232,492581209247232,211106232540160,281474976710400,281474976710400,281474976710144,246290604636160,105553116295168,105553116295168,123145302368256,123145302433792,52776558247936,61572651384832,70368207798272,35184372023296,35184372023296,15393431158784,7696647454720,3848554938368,1925202313216,1035020009472
17179852800,137438951424,549219204864,1068910460864,963952182240,1925085790456,3849232056444,8246808805406,7697054826511,15393401339911,30786567798791,30786450358275,61572783276035,61572716167171,52776621047809,52776616853505,61572667932673,68169720922113,70093866270721,61503931678727,53867479826463,53047141073023,61605937153019,61589562654691,61576681881479,61589579365383,26455941562374,26933756688398,35167196413454,35115652628366,34084860463068,30786340259836,30786358084600,13194273226864,15393418379488,15394204811744,15395176842176,7700608847744,7713225318144,7729867815936,4325032589312,4389457092608,2181845450752,2164680228864,1065419800576,1099507433472,274844352512,67645734912,0,0
0,0,0,0,0,1056964608,34355544064,137438429184,273820680192,523457495040,965838626816,2063470948352,1926165985280,1650214312960,3848700694016,3848775142912,7697065838336,7696795305728,6597334009600,15393427030784,16492800246656,17042556060544,35115778449280,31851527831424,31052613812096,30921621234560,34666836886400,35180085494656,35167196412800,35115652677504,34084860469120,30786325578624,30787265102720,30788338844544,30788405953408,30788405953408,15397122213632,15401450737408,7704332475904,7712117111808,3881006299136,4153736818688,2122234183680,1091426025472,541434249216,274877644800,34358689792,1073741824,0,0
0,0,0,0,132120576,34359672832,68719468544,137172613120,244278164480,484796276480,1034552086400,963953296256,1926028067264,1924954325232,1650214306040,3849237561840,3848775140320,3298799126496,3298799128288,7696707231456,7696631741536,8778913216608,8795019407456,6871679746272,6605395427552,6605395198176,6664719692000,15665895309024,17575006437344,17523466569696,17042430230976,16492674417088,15393162789312,15393162789760,15393565443968,15393632554752,15394202979840,15394219768832,15395167696896,6599011790848,7700371070976,8253869637632,3863331405824,1956361666560,2126016937984,543329615872,540123594752,273934188544,68711088128,17146314752
0,0,0,266403840,536313856,2147418112,4030660608,8055095296,34092335104,68452999168,129863579648,258208709632,515662421504,1030922178048,2061647218432,1924170516224,3848290698176,1649267442560,1924145350592,2061584306112,2181843402176,2194728319168,1716913238208,1666178998464,1653428699328,1653429174464,1932467880128,1957432393664,891205844928,1090921693632,1082331759040,481040007616,481044464000,206174946176,240533768064,240548450048,120318270976,120385960960,60385392640,30316363776,32446087168,17175674880,4286578688,2113929216,0,0,0,0,0,0
0,0,0,0,0,0,0,0,0,503316480,8581545984,34357641216,135324762112,541182590976,1082345357312,2121743433728,4187651948544,8276460814336,15408312664064,15400930697216,13202695970816,30790553493504,30787265355776,32985349873664,34634618363904,35046941319168,32968235081728,31057040695296,30850883313664,30850884296704,30915191365632,16475494801408,17523466690560,8521215164416,17042497454080,17042665226240,3848810905600,1925202542592,1928424030208,978774851584,514381971456,545492172800,266321002496,126734041088,67106766848,34351349760,34292629504,3758096384,0,0
0,0,0,0,0,0,0,0,12582912,8587837440,274877775872,1099041849344,2196994252800,4138452774912,7704332496896,7704600918016,15397390661632,15397323602944,30788204755968,30788205140992,30786327612928,61572659416576,68169753954048,69819053377280,61538358002560,54971319911296,53049290645888,52792664521088,52784074390976,52808770396096,53047141076928,53867479828416,57140244906432,61298578555328,69271245816704,68173881675648,61580637118208,26396265053184,30801827786752,30816625475584,15457822670848,7825549885440,7937233518592,4363753357312,2130368790528,962336915456,1031312244736,534656319488,137170518016,68451041280
0,0,0,0,0,66977792,2415853568,8583626752,8560177152,34094512128,68189961216,130742754816,259591769600,516364967680,963070934784,1925210733440,3848810853248,7696816529792,15393264484800,6597071798720,6597073699008,6597077631200,8521222455520,8795564015840,16492544262368,6605527548128,7713224650976,7729867520224,7829725396960,8237982162912,4363938432992,4329578692832,4123428651456,3848550744512,3848521384384,3848789820288,3848773043968,1650221649664,1925099560448,1926040140800,1926040188928,828399415296,983014817792,544521256960,549755289600,137430564864,66571993088,0,0,0
0,0,0,0,0,130023424,535822336,27917025280,34227486720,68184670208,135293288448,265218023424,488556261376,1034020730880,2065349745664,1925770648576,3850199109120,3300443295232,7697579640576,7697579640576,7697101490048,7697084718976,7697084727168,8246538566016,8521215177152,8727373668800,8229157454272,7969312047552,7764227359168,3306588176832,3852317491184,3882382262256,4397509640688,4389457625536,2130307449280,1649275568576,1649283957184,1924175627200,1924204990336,1924263722752,1924397431808,1924649185280,1924617199616,963020554240,963011936256,1035085021184,549747425280,274609471488,51539607552,0
0,0,0,0,2146959360,17179803648,137313107968,1098981302272,4365580562432,4125062346752,7697550285824,15393695473152,15393691274752,30786577252096,30786325592960,61572651185024,61572651213248,61572651278784,136339442090176,139637977219296,140600050385120,127474631311584,123660702056544,123265568735344,123274167058544,123686531104880,125327204417648,127406161526896,140188000944240,138538733534320,136339508953072,131941395365880,263882790667256,545365283571584,554170503401216,343081450749440,61638686308352,30916785270784,30908464226304,15635564167168,16734199087104,8729519980544,4346498514944,1099243192320,547608330240,272730423296,120259084288,0,0,0
0,0,0,0,0,0,0,0,0,0,0,17179607040,68719411200,274676547584,545578516480,1043794608128,1937147805696,8261487091712,7711714500608,15408430084096,30793237819392,30794311546880,61581106886656,61576811968512,65974858545152,69820867663872,70300025199616,63737315662848,61838941096960,30850754022400,30816398216192,30850766855168,15659459148800,15908559125504,17523491796992,8658779928576,3848554999808,1924678148096,963094102016,483064512512,244559839232,128320405504,136373338112,32220119040,34359214080,8588886016,2139095040,0,0,0
0,0,0,0,0,0,0,17179803648,68719460352,137438945280,540092657664,1038845702144,2065343330304,4125048577024,8248218098688,16493615779328,32986359139840,30786832565760,30786567800576,34084985243392,34909626310400,35115717689088,31851536710400,31052673311616,30852899537792,15427257762688,15401626370944,7713635431296,7764772388736,3431678885760,4380866645888,4329327035264,1924145349504,1924380230528,962592769792,963129642496,482034588672,517304498176,244574089216,244291067904,127783657472,66588753920,68249452544,34358689792,34342961152,8522825728,536870912,0,0,0
0,0,0,0,0,0,0,0,0,33423360,268402688,1073725440,4228378624,16911890432,67646668288,273805086464,536337975168,2134069739968,8525005717952,17044172964064,15395033448672,15395276718176,15395243164152,15394102317048,16492674449400,17454747221560,17583596625976,16491601166392,15460809047864,15426449047536,6732361237488,8237747274224,8761733283952,4260607557744,3848320057440,3848355709152,1924411687136,1924654957504,1924622454720,825580593024,963015883776,963955423232,485064765440,248573321216,273872289792,137438887936,34359476224,4293918720,0,0
0,0,0,0,0,0,0,0,0,0,0,0,0,0,0,0,0,549755682816,4398046494720,17592186042368,70108898721280,140202764934912,127008625395584,250153927705536,109416439349696,109416439349472,127008625393888,127008625393888,65435974238304,65435974238320,34649648660592,34649648660592,17057462616160,17072495001824,8276401979840,3908420239808,4183298147200,4312147166976,4363686776576,2194728295936,137371859968,17178851328,4294701056,67100672,8355840,0,0,0,0,0
0,0,0,0,0,0,0,0,0,0,0,0,114688,17823744,536870400,2147458816,8587839360,274341036928,273804165568,1089847951552,4336843227360,8731131642080,17458505187424,31752156348512,31752156348512,27351962353760,62536334442720,62536334442976,61986578629568,62055298107264,31268972529408,34601867156992,17561584434176,4384624801792,1099243708416,274877874176,8589803520,0,0,0,0,0,0,0,0,0,0,0,0,0
0,0,0,0,0,0,0,0,0,0,0,0,0,0,0,4278190080,34359738112,274877906880,4389456577520,8791798055160,35130684997692,67016522203196,62549756215326,125084480045070,267737523814407,254543384281095,218809256378371,507981888225283,507981888225283,505782864969731,523375051014151,523375051014159,523375051014174,277084446392444,279283469648112,138545981293024,69276748743616,17462263287680,4398046510848,1099511626752,8589930496,7516192768,2147483648,0,0,0,0,0,0,0
0,0,0,0,0,0,0,0,0,0,0,0,0,0,2147483392,17179869120,68719476704,272193553376,1092800741600,8780792201328,17559705354352,33468264218680,66453613051960,124109254033436,264846742388764,528729533055004,494507233640460,424138489462796,987088442884124,986813564977208,986813564977272,986813564977264,529691605729504,265810694111680,137167833662400,69135014829952,17324824395520,4371203487744,2199023247360,274877775872,17178820608,0,0,0,0,0,0,0,0,0
0,0,0,0,0,0,0,0,0,0,0,0,0,0,0,0,0,536868864,34359737856,137438953216,1098439919488,4396973294464,35157528544128,69757785080704,132429947863936,124114891178880,124114891178880,62404801069952,63504312697728,32717987120000,34917010376576,17324824362752,8734906514944,4398046509056,1099511496704,977105059840,416611827712,0,0,0,0,0,0,0,0,0,0,0,0,0
0,0,0,0,0,0,0,0,0,0,0,0,0,0,0,536866816,8589930496,68686962688,273805205504,1085554028544,1034013407232,2064805543424,1927366582144,4126389831616,8524436341216,8249558434016,17045651456224,34637837500608,34642132468160,64878702232000,56090125402560,56090125404032,56105157791488,64901250825728,70291434830848,35107062935552,8718785691648,4398046445568,1099511365632,137434759168,0,0,0,0,0,0,0,0,0,0
0,0,0,0,0,0,0,0,0,0,0,0,0,131040,134217712,8589934560,137434760184,274341036092,1067030937630,4331206082574,8523094163462,34636495323142,69271111598086,139639855775758,271581251108878,534364530147342,991761367302156,991761367302172,851023878946844,851023878946872,852123390574648,992860878929968,1063229354672240,549209816170720,280933273960928,70359080533952,17592186044288,2199023253504,825170526208,0,0,0,0,0,0,0,0,0,0,0
0,0,0,0,0,0,0,0,0,0,0,0,0,0,0,0,4261412864,34358689792,274877775872,1092809064448,2166543597568,4364492337152,8728313134080,16356175003392,33948361035744,31749337778160,62398224400636,63497736028222,54701643005966,54701643005966,125070387183630,125070387183646,125070387183740,125070387184120,62398224404448,62535663419264,33948362079744,17455569166336,8796092891136,2199021158400,274844352512,0,0,0,0,0,0,0,0,0
0,0,0,0,0,0,0,0,0,0,0,0,0,0,0,0,17146314752,68719460352,549755811840,4388387028736,8734889770992,35054449332216,67902359208184,136067785162812,126996814233628,130845104930844,130845104930844,112153407258652,112153407258648,129745593303096,129745593303288,68172942148592,69276748750784,34092376784640,8796093021184,4398046494720,274877382656,0,0,0,0,0,0,0,0,0,0,0,0,0
0,0,0,0,0,0,0,0,0,0,0,0,0,0,0,0,8589918208,274877904896,2199023255040,8795019288320,17586817337216,33503966136256,31270583142384,62537945055736,133868761907256,125073205755932,248218508066844,248218508066844,248218508066844,248218508066840,248218508066936,125072668885496,63500017733600,70101382528960,35174710509056,8796093014016,1099511496704,0,0,0,0,0,0,0,0,0,0,0,0,0
0,0,0,0,0,0,0,0,0,0,0,0,0,0,0,134184960,34359737600,1099511627648,4397912301504,8762672808944,16974650278128,33948361031800,66933172994104,133865943334940,265807338668060,248215152623628,248215152623628,248215152623628,124794972405772,133591065427980,68032684621836,35047335788572,17455149744252,4261547082744,2191372861424,549487902592,68719475712,4294934528,0,0,0,0,0,0,0,0,0,0,0,0
0,0,0,0,0,0,0,0,0,0,0,0,134215680,536870416,8573222904,68585267184,273804165624,2196875772028,4370129223710,17530982760462,33954937700366,31755914444814,63504312696846,63504312696846,54708219674638,125076963852302,125076963852302,54708219674638,63504312696846,63504312696846,28319940608014,32717987119118,16225312702492,16361677914236,8673686455280,8673686462432,4344359550720,2199023254528,549755797504,34359607296,0,0,0,0,0,0,0,0,0,0
0,0,0,34091302912,68585259008,129855651840,241021485056,240769826816,68836917248,50331648,58720256,58720256,58720256,25165824,25165824,25165824,29360128,29360128,836239360,972816384,972554240,502267904,502267904,267386880,266338304,132120576,130023424,125829120,58720256,25362432,25624576,59179008,59637760,60555264,7578845184,8115453952,1941438464,1001390080,1072693248,502267904,266338304,132120576,62914560,58720256,125829120,58720256,58720256,0,0,0
0,520093696,2139095040,17104371712,33315356672,64453869568,60142125056,17192452096,14794752,14925824,14909440,15138816,15597568,217972736,251396096,251133952,133169152,66060288,65011712,31460352,14687232,14694400,14710784,14737408,6414336,6520832,6520832,1617362944,4167958528,2088632320,511574016,259784704,133955584,66846720,33030144,15728640,7340032,7340032,7340032,7340032,7340032,0,0,0,0,0,0,0,0,0
0,0,0,0,0,0,0,0,0,0,0,0,0,4026531840,16911433728,34091302912,134083510272,121198608384,104018739200,121198608384,121198608384,939524096,939524096,941621248,946864128,61084794880,61100523520,31067209728,31130124288,16089350144,16072572928,8455716864,8455716864,4160749568,2013265920,939524096,943194112,947388416,18135121920,61083746304,31033655296,31033655296,16030629888,17171480576,8573157376,4261412864,4227858432,2013265920,2013265920,939524096
0,0,0,0,0,0,0,0,201326592,1040187392,2113929216,2113929216,3875536896,8170504192,7633633280,15149826048,32329695232,30182211584,13003390976,121110528,2272788480,7649361920,3890216960,2009071616,2139095040,1056964608,520093696,251658240,117440512,117440512,117440512,117637120,117637120,1728512000,1728970752,1729888256,2000420864,2004353024,2003828736,1071644672,1071644672,532676608,528482304,520093696,251658240,117440512,33554432,0,0,0
0,0,0,0,0,0,117440512,1065353216,2139095040,8350859264,16135487488,15061745664,12914262016,12914262016,29360128,29360128,12681216,12828672,13074432,214892544,215744512,251133952,267911168,133169152,65011712,62914560,29360128,12582912,12582912,12582912,12607488,4039143424,4039143424,952164352,1019273216,482459648,247709696,247955456,132055040,133955584,66584576,31457280,0,0,0,0,0,0,0,0
0,0,0,0,0,0,0,0,0,0,0,125829120,1069547520,1069547520,14680064,14680064,14680064,14680064,14680064,283213824,954318848,1021542400,519012352,251592704,133955584,66060288,65011712,31457280,551608320,1893851136,2028191744,954695680,484900864,519962624,251396096,133693440,132120576,65011712,31457280,14680064,31457280,31457280,31457280,14680064,0,0,0,0,0,0
0,0,0,0,0,0,0,0,0,0,2080374784,4261412864,8153726976,15149826048,6559891456,117440512,117440512,50462720,50790400,52363264,591265792,1664614400,1936719872,1944059904,1002438656,998244352,520093696,520093696,251658240,50331648,117440512,117440512,117440512,117440512,117440512,13002342400,32329695232,16223961088,7634550784,3877371904,3879469056,2004353024,2012217344,1069547520,528482304,251658240,50331648,50331648,117440512,117440512
0,0,0,0,0,0,0,0,0,0,0,1006632960,4227858432,8287944704,16341008384,6543114240,117440512,117440512,50331648,58720256,58720256,58720256,58720256,58720256,58720256,58720256,58720256,59179008,59211776,25657344,26148864,832307200,968622080,972554240,535822336,266387456,1870774272,3783507968,4052189184,1904672768,965607424,1069285376,536346624,267386880,62914560,0,0,0,0,0
0,0,0,0,0,0,0,0,1069547520,4292870144,4042260480,7523532800,15036055552,15036055552,12888571904,1572864,1572864,1572864,1835008,1835008,1835008,1933312,18857984,60669952,64978944,33521664,16711680,8286208,1863680,1863680,1863680,1859584,203218944,505208832,236830720,119390208,119390208,60784640,60784640,32473088,33488896,16646144,262144,0,0,0,0,0,0,0
0,0,0,0,0,0,0,0,0,0,0,0,0,0,3758096384,8321499136,8455716864,15502147584,30534533120,30299652096,13119782912,117440512,117440512,117440512,50331648,58720256,59113472,59637760,60686336,599523328,1945632768,1004535808,1004535808,532676608,264241152,125829120,58720256,50331648,1124073472,3808428032,3808657408,1996947456,1996947456,1997406208,859701248,1006370816,1072693248,532676608,520093696,0
0,0,0,0,0,0,805306368,4160749568,8455716864,7985954816,6912212992,6912212992,234881024,234881024,234881024,234881024,234881024,235929600,4533518336,15275130880,7758413824,8302624768,4022337536,2143289344,2139095040,1056964608,1040187392,503382016,235110400,235372544,235864064,236716032,26008616960,64667254784,32454475776,15281946624,6692012032,7780433920,7780433920,4018143232,4278190080,2113929216,1040187392,503316480,201326592,0,0,0,0,0
0,0,0,0,0,0,2013265920,4227858432,8522825728,7717519360,15267266560,15267266560,6677331968,234881024,234881024,234881024,235274240,235864064,238944256,15275130880,16356737024,7782531072,4022337536,2139095040,2130706432,1040187392,1040187392,503316480,503365632,234930176,235126784,235372544,13120765952,30301618176,15271198720,7766802432,8302624768,4290772992,2139095040,1065353216,1056964608,503316480,520093696,251658240,33554432,0,0,0,0,0
0,0,0,0,0,0,0,0,0,0,0,0,412316860416,481036337152,532575944704,128849018880,64424509440,32213041152,15034220544,7518027776,7519862784,3765436416,3773825024,3789553664,1941962752,2004877312,2130706432,1040187392,1006632960,2013265920,8522825728,16575889408,32447135744,30299652096,60246982656,60246982656,51657048064,51657048064,51657048064,51640270848,51774488576,52042924032,61136175104,68585259008,34091302912,16106127360,0,0,0,0
0,0,0,0,0,0,0,0,8053078016,8321529856,2013294592,1006755840,503431168,117932032,59703296,31326208,16515072,16252928,15728640,32505856,66584576,129499136,255328256,506986496,473432064,941096960,1880621056,1880621056,3759669248,3759669248,7517765632,7517765632,7517765632,7517765632,7519862784,3761766400,1882718208,2084044800,1073217536,267386880,31457280,0,0,0,0,0,0,0,0,0
0,0,0,0,0,0,0,0,34359803904,120259313664,60130000896,30065688576,32214089728,16110059520,7524057088,3773825024,3787456512,1941962752,1065353216,1056964608,503316480,503316480,1040187392,1996488704,3875536896,7574913024,15091105792,15061745664,12914262016,30077353984,30079451136,30079451136,25784483840,60144222208,60144222208,60144222208,60144222208,60144222208,60158902272,30127685632,32472301568,17146314752,8522825728,1610612736,0,0,0,0,0,0
0,0,0,0,0,137438953472,515396075520,257698037760,133143986176,66572007424,16643028992,4160876544,2080628736,504332288,253689856,129761280,66584576,32505856,31457280,65011712,132120576,266338304,509607936,1012924416,945815552,1885339648,3764387840,8060403712,16113467392,15039725568,30072111104,30072111104,60136882176,60136882176,60136882176,60136882176,60136882176,60136882176,60145270784,60160999424,25832718336,30190600192,17163091968,17146314752,4160749568,0,0,0,0,0
0,0,0,0,0,0,0,0,0,30064771072,32212254720,16106225664,8053293056,4027547648,2015232000,477888512,519569408,266338304,125829120,251658240,1065353216,2139095040,4085252096,8111783936,15091105792,15091105792,30123491328,25828524032,25794969600,25799163904,25799163904,25799163904,25799163904,25799163904,25799163904,30094131200,30123491328,30190600192,17163091968,8556380160,4026531840,0,0,0,0,0,0,0,0,0
0,0,0,0,0,0,0,0,0,257698037760,266287972352,66572189696,16107110400,8057126912,1887174656,955252736,501219328,528482304,251658240,520093696,1056964608,2071986176,4055891968,16672358400,32241614848,64439189504,128863698944,120273764352,120265375744,120265375744,120266424320,120266424320,51546947584,60136882176,60136882176,30072111104,32219594752,16113467392,8119123968,4292870144,1069547520,0,0,0,0,0,0,0,0,0
0,60129542144,66571993088,33285997056,8455718400,4261416448,1056980480,130055168,31518720,14802944,7569408,7798784,4063232,4063232,3932160,7864320,16515072,33292288,64749568,126746624,252575744,235798528,470155264,939982848,939982848,1879506944,1879277568,1879277568,3758325760,3758325760,3758194688,3758194688,3758211072,3758211072,3758211072,3758211072,1879277568,2014248960,1073676288,536608768,0,0,0,0,0,0,0,0,0,0
0,0,0,0,0,0,0,0,0,0,0,0,0,0,481036344320,1065151904768,545460877312,67645861888,16911687680,4228874240,1042219008,255590400,66584576,32505856,66060288,129499136,255590400,471597056,940441600,4027449344,3758489600,7516651520,15032844288,32212713472,30065000448,30065000448,60129771520,60129771520,60129771520,60129771520,60129771520,30065229824,32213237760,16644964352,4168876032,2146959360,535822336,125829120,0,0
0,0,0,0,17179869184,60129591296,64424624128,32212500480,16106618880,3760128000,1883111424,947388416,502267904,264241152,260046848,117440512,260046848,528482304,968884224,1893728256,3772776448,3765436416,7519862784,7519862784,6444285952,6444285952,6444285952,6443368448,6443368448,7517110272,7517110272,7517110272,7517110272,7517110272,3222142976,3760062464,3766222848,3791126528,4292870144,2139095040,0,0,0,0,0,0,0,0,0,0
0,0,0,137438953472,515396075520,266287975424,135291485184,33822997504,8321757184,2014298112,1042219008,259784704,133169152,65011712,130023424,266338304,1054867456,2087714816,8328839168,16646668288,32214089728,60131377152,128849936384,120260001792,240518627328,515396534272,481036795904,412317089792,412317089792,412317089792,481036566528,481036566528,240518397952,120259543040,60130525184,66576056320,17179344896,8588886016,2139095040,0,0,0,0,0,0,0,0,0,0,0
0,0,0,0,0,481036337152,515396075520,266287972352,64424509440,33285996544,16643022848,4026589184,2013388800,939769856,470777856,236912640,255590400,133693440,66060288,62914560,130023424,534773760,2128609280,4168089600,8060403712,16109273088,15036055552,30068441088,60131377152,128850853888,120259870720,103080001536,103080001536,103080001536,103081050112,120260919296,120262754304,60137406464,30080499712,32243712000,17175674880,8581545984,2080374784,0,0,0,0,0,0,0
0,0,0,0,0,0,0,12884903424,33286000128,16911441408,4160764928,1006663680,503377920,117694464,59211776,30343168,16646144,8126464,7864320,32505856,66584576,263716864,506986496,2084044800,1882718208,3761766400,7519862784,15036055552,15036055552,30068441088,30068441088,60133212160,60133212160,60133212160,60132687872,60136882176,60136882176,30079451136,30096228352,17175674880,17171480576,8556380160,0,0,0,0,0,0,0,0
0,0,0,0,0,29360128,132120576,532676608,1069547520,2042626048,4055891968,8082423808,16118710272,15044968448,15044968448,15047065600,7530872832,8067743744,3772776448,1893728256,1021313024,534773760,266338304,65011712,14680064,14680064,14680064,6291456,7340032,7340032,7340032,7340032,7340032,7340032,7340032,7340032,7340032,7340032,7340032,7340032,7340032,7340032,7340032,7340032,7340032,7340032,7340032,7340032,7340032,3145728
0,0,0,0,0,0,0,0,0,0,0,0,17137926144,34351349760,68711088128,128907739136,120317804544,240576888832,481095057408,481095057408,962131394560,1030850871296,515454795776,240576888832,120317804544,128907739136,33344716800,17175674880,8587837440,264241152,25165824,25165824,25165824,25165824,29360128,29360128,29360128,29360128,29360128,29360128,29360128,29360128,29360128,62914560,62914560,62914560,29360128,29360128,0,0
0,0,0,0,0,0,0,0,0,0,0,0,8556380160,34326183936,68702699520,128966459392,257815478272,240635609088,481153777664,481153777664,240635609088,240635609088,120376524800,64541949952,67763175424,17163091968,8573157376,117440512,117440512,117440512,117440512,117440512,117440512,117440512,50331648,50331648,50331648,50331648,50331648,50331648,50331648,50331648,50331648,50331648,50331648,50331648,50331648,0,0,0
0,12582912,4290772992,8585740288,16135487488,32224837632,30077353984,25782386688,25782386688,30077353984,30077353984,15044968448,15044968448,8065646592,4039114752,2092957696,534773760,266338304,65011712,31457280,14680064,14680064,14680064,14680064,14680064,14680064,14680064,14680064,14680064,14680064,14680064,14680064,14680064,14680064,14680064,14680064,14680064,14680064,14680064,14680064,6291456,0,0,0,0,0,0,0,0,0
0,0,0,0,0,0,0,0,0,14680064,132120576,534773760,1054867456,954204160,1893728256,1893728256,1893728256,1625292800,3772776448,3764387840,3764387840,3764387840,1885339648,1012924416,1072693248,267386880,66060288,7340032,7340032,7340032,7340032,7340032,3145728,3145728,3670016,3670016,3670016,3670016,3670016,3670016,3670016,1572864,1572864,1835008,1835008,1835008,1835008,1835008,1835008,1835008
0,0,0,0,0,0,0,0,0,251658240,1056964608,2130706432,1929379840,3808428032,3808428032,3816816640,3816816640,3816816640,3816816640,3816816640,3816816640,1937768448,2139095040,1065353216,528482304,125829120,58720256,25165824,29360128,29360128,29360128,29360128,29360128,29360128,29360128,29360128,29360128,29360128,12582912,12582912,12582912,14680064,14680064,14680064,14680064,31457280,31457280,0,0,0
0,0,0,0,0,0,0,0,0,0,0,50331648,117440512,1056964608,2130706432,4143972352,3875536896,3338665984,7633633280,7633633280,15149826048,15149826048,15149826048,7633633280,8170504192,4076863488,2130706432,1065353216,260046848,58720256,58720256,58720256,58720256,58720256,58720256,58720256,58720256,58720256,25165824,25165824,25165824,25165824,25165824,25165824,25165824,25165824,58720256,58720256,58720256,58720256
0,0,0,0,0,0,0,251658240,1056964608,1065353216,1937768448,1937768448,1937768448,1904214016,1904214016,1904214016,1908408320,1908408320,1908408320,1908408320,1035993088,1069547520,532676608,62914560,12582912,12582912,12582912,12582912,12582912,12582912,12582912,12582912,12582912,12582912,12582912,12582912,12582912,14680064,14680064,14680064,14680064,14680064,6291456,6291456,6291456,6291456,0,0,0,0
0,0,50331648,1056964608,2130706432,4278190080,3808428032,3808428032,7566524416,7566524416,6501171200,15091105792,15091105792,16164847616,7574913024,3816816640,4085252096,2139095040,1065353216,260046848,25165824,25165824,29360128,29360128,29360128,29360128,29360128,29360128,12582912,12582912,12582912,12582912,12582912,12582912,14680064,14680064,14680064,14680064,14680064,14680064,14680064,14680064,4194304,0,0,0,0,0,0,0
0,0,0,0,0,0,0,0,16777216,528482304,1065353216,2038431744,3783262208,8078229504,16131293184,15061745664,6471811072,7545552896,7545552896,7545552896,3787456512,4055891968,2042626048,1052770304,534773760,132120576,14680064,14680064,14680064,14680064,14680064,14680064,14680064,14680064,6291456,6291456,6291456,6291456,6291456,6291456,6291456,6291456,14680064,7340032,7340032,7340032,7340032,3145728,0,0
0,0,0,0,0,0,0,0,0,0,4160749568,8556380160,34326183936,64659390464,129083899904,257932918784,240753049600,240753049600,240753049600,120493965312,120493965312,60364423168,67880615936,34326183936,8556380160,234881024,100663296,100663296,100663296,100663296,117440512,117440512,117440512,117440512,117440512,117440512,117440512,117440512,117440512,117440512,50331648,50331648,50331648,58720256,58720256,58720256,58720256,58720256,58720256,125829120
0,0,0,0,0,0,0,0,0,0,0,0,266338304,534773760,2145386496,8327790592,16657678336,32226934784,30079451136,25784483840,30079451136,30079451136,15044968448,15044968448,8082423808,4257218560,2143289344,532676608,29360128,29360128,25165824,25165824,25165824,25165824,58720256,58720256,58720256,58720256,58720256,58720256,58720256,58720256,58720256,58720256,58720256,58720256,58720256,58720256,0,0
0,0,0,0,0,0,0,0,0,0,0,0,0,0,0,0,0,123145302310912,281440616972288,281474976710576,107752139522040,105557411233784,105553116266552,123145302310968,123145302310960,123145302311024,61572651155568,61572651155568,30786325577968,16492674420704,8658654101440,2194728549376,549755809792,34359705600,1073479680,0,0,0,0,0,0,0,0,0,0,0,0,0,0,0
0,0,0,0,0,0,0,0,0,0,0,0,0,0,0,0,0,0,0,1536,16772608,34359738112,2199023255424,8795556167424,35046933164032,32985348894720,26388279189504,30786326085632,32985349849088,16492676382720,8521219047424,4389464440832,1099510579200,137434759168,2139095040,0,0,0,0,0,0,0,0,0,0,0,0,0,0,0
0,0,0,0,0,0,0,0,0,0,0,0,0,0,0,0,0,0,16,140462610448440,140733193388152,140737488355320,123214021787640,123145302310936,61572651155512,30786325577848,32985348833520,16492674417600,8761733287808,2198486449920,549755812864,17179860992,66977792,0,0,0,0,0,0,0,0,0,0,0,0,0,0,0,0,0
0,0,0,0,0,0,0,0,0,0,0,0,0,0,0,0,0,3,3,4095,536870911,2199023255551,70368744144911,35167192219710,30786325577980,30786325579768,13194139549632,15393162853888,8246337466368,8778915233792,2199023190016,549755289600,8585740288,0,0,0,0,0,0,0,0,0,0,0,0,0,0,0,0,0
0,0,0,0,0,0,0,0,0,0,0,0,0,0,0,0,0,0,4,494,140736951485436,140737488355324,123162482180092,123145302311032,123145302311408,105553116268512,123145302318976,131941395365376,65970697926656,32985353019392,16494821834752,8796092497920,4398012956672,1090921693184,0,0,0,0,0,0,0,0,0,0,0,0,0,0,0,0
0,0,0,0,0,0,0,0,0,0,0,0,0,0,0,0,0,0,0,0,140737488355320,140737488355324,140737488355312,123145302311024,123145302311024,123145302311136,123145302311360,123145302311872,123145302312832,61572651163392,61572651170816,30786325641216,34084860715008,8521215623168,4329329065984,1091055779840,549755289600,68711088128,0,0,0,0,0,0,0,0,0,0,0,0
0,0,0,0,0,0,0,0,0,0,0,0,0,0,0,0,0,8,28,70334384439324,281474943156732,281474976710652,246291678363640,246290604621936,105553116266608,105553116266608,123145302311152,123145302311904,123145302314880,123145302343424,65970697927680,70093899816960,17592185978880,2199021158400,0,0,0,0,0,0,0,0,0,0,0,0,0,0,0,0
0,0,0,0,0,0,0,0,0,0,0,0,0,0,0,0,0,0,0,0,70368744177662,70368744177662,61572651155452,52776558133276,123145302311036,52776558133744,52776558134240,61572651159424,61572651187712,34084868848640,17454814191616,8796092760064,1099494850560,68451041280,0,0,0,0,0,0,0,0,0,0,0,0,0,0,0,0
0,0,0,0,0,0,0,0,0,0,0,0,0,0,0,0,0,0,0,70368744177664,281474968322076,281474976710654,140737488355324,123145302311152,61572651155936,61572651156416,30786325579648,15393162790656,7696581398016,8521215122432,2130303843328,1065156081664,274877890560,68719214592,4278190080,0,0,0,0,0,0,0,0,0,0,0,0,0,0,0
0,0,0,0,0,0,0,0,0,0,0,0,0,0,0,0,0,0,14,14,16380,140737488355324,140737488355320,140737488339184,123145302311392,123145302311872,123145302312832,123145302318848,123145302342656,131941395462144,65970698182656,32985352994816,16492808503296,8796091973632,2199014866944,34091302912,0,0,0,0,0,0,0,0,0,0,0,0,0,0
0,0,0,0,0,0,0,0,0,0,0,0,0,0,0,14,14,14,14,17592186011710,35184372088830,35184372088830,30786325577742,30786325577742,13194139533326,15393162788878,15393162788878,6597069766686,7696581394556,8246337209336,4260607561696,2181843517184,549755812864,68719472640,2146959360,0,0,0,0,0,0,0,0,0,0,0,0,0,0,0
0,0,0,0,0,0,0,0,0,0,0,0,0,0,0,0,0,0,0,0,70300024701376,140737488355296,70368744177632,52785148035296,52776558133696,52776558134208,52776558134144,61572651159296,61572651163136,65970697681920,34084860491776,17317312327680,4380933742592,1099511365632,274869518336,8455716864,0,0,0,0,0,0,0,0,0,0,0,0,0,0
0,0,0,0,0,0,0,0,0,0,0,0,0,0,0,536870400,4398046510976,17592186044384,17523466568160,13194139533536,13194139533536,13194139533504,13194139533504,13194139533760,13194139533760,13194139533760,13194139533760,13194139533760,13194139533696,13194139533696,13194139533696,17454747091328,17587891077504,8791798055296,245632,262016,130816,0,0,0,0,0,0,0,0,0,0,0,0,0
0,0,0,0,0,0,0,0,0,0,0,0,0,0,4123168604160,8796093018112,8796093021696,7705171328512,15393162792448,15393162790400,30786325579264,30786325579264,30786325579264,61572651156992,61572651157248,61572651157248,61572651157248,61572651157248,61572651157248,61572651157248,61572651157248,61572651157248,61572651157248,61572651157248,61572651157248,61572651157248,61572651681536,70360156086016,70360156339968,1047552,0,0,0,0,0,0,0,0,0,0
0,0,0,0,0,0,0,0,0,0,0,0,0,35184371965952,70368744177660,70368744177662,52776558134270,52776558133262,52776558133262,52776558133262,52776558133262,52776558133262,52776558133262,52776558133262,52776558133262,52776558133262,52776558133260,52776558133260,52776558133260,52776558133260,52776558133260,52776558133260,52776558133276,52776558133308,52776558133304,52776558133368,52776558133488,70360154308576,70366596825056,70366596824576,0,0,0,0,0,0,0,0,0,0
0,0,0,0,0,0,0,0,0,0,0,0,0,8795556151296,8796090925056,8246337175552,7696648503288,7696583491580,6597069783036,15393162788888,15393162788920,15393162788920,15393162788920,15393162788912,15393162788976,15393162788976,15393162788976,15393162788960,15393162788960,15393162788960,13194139533408,13194139533408,13194139533408,13194139533408,13194139533408,13194139533408,15393162788960,15393162789088,15393162789088,17590038560960,17590038567360,4395899043776,16320,1920,0,0,0,0,0,0
0,0,0,0,0,0,0,0,0,0,0,0,70368744177600,140737488355264,140737354138048,123145302311360,123145302311360,123145302311360,123145302311360,123145302311360,123145302311360,123145302311360,123145302311360,123145302311104,105553116266688,105553116266688,105553116266688,105553116266688,246290604622016,246290604622016,246290604622016,246290604622016,281466386776256,140728898944192,1048512,524224,0,0,0,0,0,0,0,0,0,0,0,0,0,0
0,0,0,0,0,0,0,0,0,0,0,0,0,140737486258176,281474976710624,281474976710624,246290604752864,246290604621920,246290604621920,246290604621920,246290604621920,246290604621920,246290604621920,246290604621920,246290604621920,246290604621920,105553116266592,105553116266592,105553116266592,123145302311008,123145302311008,140703162105952,70334417989728,35150016544352,32736,4064,0,0,0,0,0,0,0,0,0,0,0,0,0,0
0,0,0,0,0,0,0,0,0,0,0,0,0,0,70368744161280,140737488355312,136341589327856,123145302314480,123145302310960,123145302310960,123145302310960,123145302310960,123145302311024,123145302311024,105553116266608,246290604621936,246290604621936,246290604621936,246290604621936,246290604621936,246290604621936,246290604621920,246290604621920,246350735999072,281470683840480,281466387824608,140187732541440,0,0,0,0,0,0,0,0,0,0,0,0,0
0,0,0,0,0,0,0,0,0,0,0,805306368,549754765312,70368744169472,70360221351920,140187733065712,123145302311024,123145302311024,123145302311136,123145302311136,123145302311136,123145302311136,123145302311136,61572651155648,61572651155648,61572651155904,61572651155904,123145302311360,123145302311360,123145302311360,246290604622272,246290604622272,246290604622272,246290604622016,246290604622272,281337539985344,140668777267136,8761741671424,68723539968,0,0,0,0,0,0,0,0,0,0,0
0,0,0,0,0,0,0,0,0,0,0,0,0,8727373545472,35184367894528,35184372088824,30786359132152,30786325577848,30786325577840,13194139533424,15393162788960,15393162789088,15393162789088,15393162789056,15393162789056,15393162789056,15393162789088,15393162789088,15393162789088,15393162789088,15393162789088,15393162789088,15393162789088,17590038560992,17590038560992,17587891175648,15393162919904,131040,1984,0,0,0,0,0,0,0,0,0,0,0
0,0,0,0,0,0,0,0,0,0,0,0,0,0,17042430230528,35183835217920,140737488093184,272696063557504,527765715550176,492581209244152,492581209243772,492581209243708,492581209243704,492581209243696,492581209243760,492581209243760,211106232533232,211106232533216,211106232533216,211106232533216,211106232533216,211106232533184,280375465083072,281200099327936,35175798931392,1095250214400,266300555264,0,0,0,0,0,0,0,0,0,0,0,0,0
0,0,0,0,0,0,0,0,0,0,0,0,0,281474976710592,562949953421248,493680720871360,492581209243872,422212465066208,422212465066208,422212465066208,422212465066080,422212465066096,422212465066096,422212465066096,422212465066096,422212465066096,422212465066096,422212465066096,422212465066096,422212465066096,422212465066096,422212465066096,422212465066096,492581209243760,492581209243760,492581209276400,492581209374704,492581209374688,281406257233920,281406257233920,279275953455104,0,0,0,0,0,0,0,0,0
0,0,0,0,0,0,0,0,0,0,0,0,140737488355264,140737488355327,123145302441983,123145302310919,123145302310918,123145302310926,123145302310926,123145302310926,123145302310926,123145302310924,123145302310924,123145302310924,123145302310924,123145302310924,123145302310924,123145302310924,123145302310924,123145302310940,123145302310940,123145302310940,123145302310940,123145302310940,136339441844252,70334384537628,17583596240888,4389456707576,16368,0,0,0,0,0,0,0,0,0,0,0
0,0,0,0,0,0,0,0,0,402653184,2130706432,4286609408,1653151430656,3856843010048,3856876498944,3856878563328,3856408801280,1932205809664,969596452864,1072672243712,274345164800,137178775552,68601774080,33184153600,31034572800,30598365184,30593646592,30585323520,30316888064,1097616326400,1097616326400,270700608512,30182440960,30182440960,30182440960,30182440960,30182440960,30182440960,135409139712,547726000128,523029938176,969706815488,965882142720,416261529600,2138890240,2147016704,1071702016,57344,24576,0
0,0,0,0,0,0,0,0,0,50331648,528482304,1069547520,2042626048,3772776448,8185184256,8050972672,1666445221376,1666320441088,1957975564032,1957435047424,977108858880,513282138112,548749148160,136499298304,68435181568,68686839808,62210834432,62143201280,64156467200,8585505800192,8792739672064,2195669907456,60534290432,60533112832,60534030336,60534030336,60535865344,60540059648,60539535360,61083746304,32093765632,271555493888,1098437623808,1098431463424,1941292646400,1932668633088,1657589137408,3848290893824,1099511824384,458752
0,0,0,0,0,0,0,0,0,1073676480,3302829818304,3302762971584,3306059317696,3855873983360,3863859946368,1941317084032,2070108161920,970597582592,428628368896,545670102016,545669576704,129065082880,60360253440,60360253440,60389613568,17588142760432,35180328812528,17583847800800,51774520320,51774513152,51774545920,60364480512,60364480512,60364480512,26004799488,30182326272,545578401792,547726016512,427408211968,977164025856,978774908928,1932694315008,1926292731904,3848558902272,3848290704384,3848290697216,3298534883328,0,0,0
264241152,1073217536,1073479680,1881014272,1879506944,3790538240,3355381248,3489531392,6601333212672,8250498942464,4131490569728,2198755834880,1098976851968,137174704128,62016684032,61076504576,52040925184,120489885696,120519245848,120519247868,120510873592,120510873536,2181960941568,2181944164352,2181960941568,120376639488,120376639488,120376639488,120376754176,120377032704,51658092544,128903344128,266346444800,545526913024,994349947904,994414959616,857374461440,841796816384,841679375872,824633724416,824633724416,824633724416,824633724416,824633728512,824633728512,274877910528,3072,0,0,0
0,0,0,0,0,1056964608,2143289344,105555060326400,105556890615808,123153359306752,131948972083200,65987875183616,30803505191936,16509736717824,7711617719808,3880506915840,2093804943360,1098991525888,549249318912,136966963200,53478293504,121316966400,121316966400,120763318272,120729796480,533046755200,70352035118976,140720510205952,136459936268288,120494424064,120494424064,120494424064,120360206336,257799192576,1082450214912,2190552842240,4183417470976,8306587918336,16522864549888,30818671026176,61587815690240,131949981102080,123149580529664,105556337504256,14336,6144,6144,0,0,0
0,0,0,0,0,0,0,0,8522825728,17171480576,16097738752,32208076800,68514013184,67708706816,105619717734400,246423778082816,246419483115520,211363993600000,211346880839680,246771771228160,273194531389440,140729384894464,35180555010048,8537194364928,1941198340096,1657592610816,1653297643520,1653027569664,1653027628800,69822748557056,70097626267392,8525243482112,1657590775808,1657590775808,1657590775808,1928173715456,1926025969664,1926028066816,2063471607808,4262494961664,4262233341952,3781196627968,8179257753600,7938739593216,6856705630208,15530123649024,15460926021632,15427505807360,15401685639168,7699534209024
0,0,0,0,0,0,0,0,0,0,0,3758292992,8455913472,8523022336,420336566272,969706504192,1038367522816,523445403648,266286333952,137437315072,68483416064,34107949056,8472231936,6945243136,6943408128,6972768256,6703285760,6695059200,6560939520,247078576128,17590156460032,35182342504448,30818597011456,7575109632,7575109632,7575109632,7575109632,3280142336,3280142336,3817275392,33882046464,68242341888,136962883584,121932472320,242463858688,483082166272,483179683840,414455984128,414195920896,12288
0,0,0,0,0,2097152,16252928,33423360,132055040,252149760,503545856,138378592256,1032922972160,964216078336,1032938635264,517543346560,137371836800,137200919424,34106240896,7522746112,7524056064,15040706560,15040569344,547616481280,547616223232,15035559968,12892254320,12892258288,12892258240,15038693248,15039731712,15039731712,16113473536,33293350912,33830221824,64163428352,122145486848,121205960704,241002672128,241036226560,481303853056,481170537472,412383910912,412316863488,3584,3072,0,0,0,0
0,0,234881024,2130706432,4286578688,8384413696,16135487488,32226934784,64440238464,8864811975552,30923764139904,61846472036096,62105235438592,31267365976064,35046941519872,17587899400192,2197965176832,978745262080,966162350080,963138256896,962592997376,412820406272,481539883008,62054157484032,70334854332160,70334854463232,8779383045632,60599402496,60599402496,30534631424,30534762496,15233957888,274006014976,2198151364352,4367647117056,4127162500864,3850406593408,3849347400576,3849363915648,1100046402432,896,256,0,0,0,0,0,0,0,0
0,0,0,0,0,0,14680064,267393024,1072700416,2117606400,208104328704,242531175936,242665522688,242636164608,124428094976,128588914176,68600413184,34240428032,17142378496,17171726336,31801442304,6627252207616,8791848484864,8793996001152,545511309280,30115202016,30115201024,30115201024,15082815488,16961863680,8380317696,17104498688,137363585024,136289827840,121316154880,241038493184,515647964672,481170490880,412383839744,29361664,1792,1792,1536,0,0,0,0,0,0,0
0,0,0,0,0,0,0,0,1610612736,68652367872,137422176256,533104427008,481101348864,962104131584,828926590976,841811505152,893116248064,71326538428416,247372944531456,246806017007616,123626405609472,124176226549760,63754748264448,68161635221504,17382203326464,17073435443200,8262175817728,3305783558144,7704903811072,7704903286784,7704634916864,7704098045952,271586888777696,280382981799904,280378686832608,7699803078656,7700339949568,3852049186816,3852049186816,1927903838208,1927904362496,965831688192,482647932928,482651136000,1066766430208,2183469758464,4253929191424,3916871768064,7730924361728,7705137780736
0,0,0,0,0,0,0,0,0,0,0,0,2143289344,8588886272,17053516672,15036318592,30601512704,30814242735872,30855044925184,15461349459712,15459738918400,7763170163712,7764242331648,4397539246080,2196670365696,242523103232,242514714624,241558421376,241558421376,271589637888,2197882462208,17590978142208,17558765887488,4639504261120,241457750016,240920879104,240987987968,103549034496,103549100032,120494211072,120494211072,1082567155712,2190669176832,4393856167936,8278666407936,16500994879488,15397453576192,30790603782144,68169720936448,68169720936448
0,0,0,0,0,0,0,0,0,4096,1924152702976,4260614912000,8658669828096,8108914048000,15874231696384,15874231688192,31267394538496,31267428093440,30992545992192,26594558184960,61813408108032,61813408105984,61813642987264,52897290848000,52897758512000,123206373409664,123207312933312,123172953194944,123179126161632,123179126096064,123161408831488,105560632459264,246297047072768,246290604621824,211106232532992,211106232532992,0,0,0,0,0,0,0,0,0,0,0,0,0,0
0,0,0,0,0,0,0,0,0,0,206158430208,515396075520,515630956544,1066192306176,2182883803136,2046518870016,1977799401472,3912413667328,7760704888832,7760704888832,15456749248512,15426685530112,15426685530112,30819848056832,30819848040448,26421669408768,26420595668992,61604967757824,61604967757824,61604984010752,52791715313664,123160459491328,123160459491328,123160458442752,123160466823168,123160466823168,123151809779712,123145365232640,123145365232640,105553174993920,16784384,3072,3072,0,0,0,0,0,0,0
0,0,0,0,0,0,0,0,0,0,0,0,0,824633720832,2061986955264,4261547081728,4262688391168,8179698565120,8181611692032,15878193119232,15603316260864,31000102797312,31034479067136,31034481164288,26643950780416,61828259438592,61828259438592,61705860177920,52909767159808,123278509240320,123274214256640,246350759344128,246342144243712,70368744184832,7168,3584,1024,0,0,0,0,0,0,0,0,0,0,0,0,0
0,0,0,0,0,0,0,0,0,0,0,0,0,0,51539607552,128849018880,266489298944,266791747584,541669654528,1022706548736,1023243419648,1985332740096,3909344935936,3910418677760,7758709309440,7758373511168,15457104486400,15457112875008,30849738760192,30854033207296,61640362979328,61639289237504,123211940376576,123211905777152,105617572249088,64455982080,25799171072,25778198528,0,0,0,0,0,0,0,0,0,0,0,0
0,0,0,0,0,0,0,0,0,0,0,131072,458752,1015808,1015808,1649268457472,4123371880448,4123673870336,4123675705344,8522259030016,8522259030016,16219914133504,16219779395584,31752281157632,31752281143296,27353697761280,62542364810240,61992541887488,53264093548032,123632846114304,123641436047104,123641402492672,123639255008000,123656434877312,123381540193152,123415899931072,123411596575168,35450666352832,128849019104,128849018992,120259084400,120259084288,51539607552,0,0,0,0,0,0,0
0,0,0,0,0,0,0,0,0,0,0,0,0,0,206158430208,481036337152,1030792151040,1031261913088,2130807152640,2165703827456,4089849307136,4089849569280,7939096535040,7939096993792,7939096993792,15500051374080,15517231116288,13318216249344,30914160390144,30914161438720,30913054142464,61707973832704,61639254358016,61639254358016,61637089827840,52840998902784,123209743076864,123209734688256,123209734686208,105613253672960,246350737833984,246350737833984,211166363648000,211166362075136,211106232532992,211106232532992,0,0,0,0
0,0,0,0,0,0,0,0,4096,962072688640,2061584316416,2130303809536,4329327065088,4329729752064,8178624429056,8178624486400,15876313177088,15635794992128,13438650915840,13438533475328,31034477612032,31034477579264,30896971779584,61682232004096,61708001742336,52911909244416,123280653420032,123278472382208,105617570924288,246355060328192,246355060327296,246355060327296,211136311460288,492611288170944,492611290267840,492581225496800,422212481319008,7864432,7340144,7340144,3145776,3145728,0,0,0,0,0,0,0,0
0,0,0,0,0,0,0,0,0,0,0,0,0,0,201326592,825137152000,2062087741440,2062624612352,4261664776192,4262604304384,4262604304384,3712781334528,8112707155968,8112715544576,7013203909632,15877479537664,15877450636288,31274908388864,31274908388864,26876844967424,62060145411840,62068735346432,123366509642624,123364353770368,123415893115264,246561195426240,246556896264640,211372524175584,211235082600672,211226491617392,112,32,0,0,0,0,0,0,0,0
0,0,0,0,0,0,0,0,16492674416640,34634628857856,32710500286464,63496861515776,62534789087232,62534789087232,53738763444224,123626462896128,123626580303872,123626580242432,123351670353920,123386298511360,105794112468992,105794112468992,246394631501824,246411811363840,246411811363840,246411677146112,246344027212800,246352617147904,211168245059072,211133616885248,492615033947904,492615033947904,492597317207808,211122339448704,16106128256,6442451328,0,0,0,0,0,0,0,0,0,0,0,0,0,0
0,0,0,0,0,0,0,0,0,0,0,0,29360128,240547528704,1065215033344,2181906792448,4243558203392,3968682409984,7748371595264,6657449902080,15453509173248,30846941454336,30846941454336,30812581715968,26419299901440,61603671732224,61603671732224,52807444492288,52793485832192,123162230011904,123162221099008,123153362720768,123153362721792,123153357478912,123149060410880,105556874366464,1610612736,0,0,0,0,0,0,0,0,0,0,0,0,0
0,0,0,0,0,0,0,0,0,0,0,0,0,206158430208,481506099200,516436271104,516453068800,1067148439552,1066812897280,2168472008704,2168480462848,4092088940544,4096383899648,3546594515968,7944645352448,7943571610624,15511303982080,15528483818496,30921630092800,30919484706304,61705810284032,61705810216448,52909709329920,123278454556416,123274159589120,105613253936896,105613249741568,51543540608,3933056,1835008,1572864,1572864,0,0,0,0,0,0,0,0
0,0,0,0,0,0,0,0,0,0,0,0,412316860416,1030792151040,1030842580992,2164789592064,2164789592064,1890046173184,4089069395968,3951865262080,7817336352768,7817336336384,7817811210240,15514392606720,15445538650112,30839777277952,30848367204352,30848098768896,61636571307008,61636571307008,52809876642816,123178620816384,123178619768320,246305668468224,246303504205568,492581221827072,1055531162664960,985162418487296,0,0,0,0,0,0,0,0,0,0,0,0
