0,1,2,3,4,5,6,7,8,9,10,11,12,13,14,15,16,17,18,19,20,21,22,23,24,25
0,0,0,0,0,253952,208896,143360,135168,135168,135168,135168,208896,122880,49152,4177920,130048,49152,49152,49152,32768,98304,98304,32768,32768,0
0,0,0,0,0,122880,208896,200704,200704,200704,200704,200704,77824,94208,115200,523776,409600,16384,16384,16384,16384,49152,49152,49152,49152,49152
0,0,0,0,0,30720,52224,68608,68608,68608,67584,129024,61440,1048448,16384,16384,16384,16384,16384,16384,16384,24576,24576,24576,0,0
0,0,0,0,0,0,64512,35840,101376,99328,101376,104448,110592,450560,524160,49152,49152,49152,49152,49152,49152,49152,49152,49152,49152,0
0,0,0,0,0,129024,67584,67584,198656,198656,202752,202752,71680,126976,64512,2088960,16384,24576,24576,24576,24576,16384,16384,49152,49152,49152
0,0,0,0,129024,71680,202752,137216,137216,202752,202752,69632,69632,102400,61440,1048448,24576,24576,24576,24576,16384,16384,16384,16384,16384,49152
0,0,0,0,114688,221184,274432,268288,264192,264192,395264,133120,202752,104448,53248,2096896,25536,49152,49152,49152,49152,49152,32768,32768,32768,32768
0,0,0,0,0,258048,462848,399360,399360,399360,137216,202752,110592,57344,4194048,4194240,24576,24576,16384,16384,16384,16384,16384,16384,16384,49152
0,0,0,0,0,61440,104448,104448,71680,71680,102400,110592,57344,2096640,32768,49152,49152,49152,49152,49152,49152,49152,49152,49152,49152,49152
0,0,0,0,57344,241664,135168,399360,399360,137216,200704,110592,57344,1046528,1048448,16384,16384,16384,16384,16384,49152,16384,16384,16384,16384,16384
0,0,0,0,0,129024,104448,198656,198656,202752,200704,77824,106496,524256,8192,8192,24576,24576,24576,24576,24576,24576,24576,24576,24576,24576
0,0,0,0,0,14336,26624,51200,34816,38912,36864,61440,57344,523776,286720,24576,24576,24576,24576,24576,24576,24576,24576,24576,24576,0
0,0,130816,492480,1835104,1048624,2097168,6291480,12582924,8388612,25165828,25178116,25194508,25227272,8445960,8388616,12582936,4194320,6291504,3145824,1573056,787328,394752,236544,126976,0
0,0,65408,1041344,786528,1572896,3145744,6291480,4194312,4194312,4194312,4206600,4222984,6316040,6291464,2097160,2097176,3145752,1048592,1572896,524384,786624,459136,130816,31744,0
0,0,0,0,65536,1032192,3701760,6299392,12583296,8388736,8388736,8388736,8421504,8487040,12681344,12583040,4194432,6291840,2097408,1048832,1573632,787968,400384,210944,122880,0
0,0,0,0,65408,524224,1835200,3145792,6291520,4194400,12583008,8388640,25215008,25280544,25198624,25165856,25165920,25165888,25165888,25166016,12583040,4194560,7340800,2018816,514048,57344
0,0,0,65472,229616,393232,786456,1572872,1048584,2097160,2097160,6303752,6320136,6320136,6320136,2097176,2097168,3145776,1048608,1572960,1573056,786816,395008,261120,12288,0
0,0,32704,124896,458800,786448,1572880,1048592,2097168,6291472,4194320,12632080,12640272,12640272,4218896,4194352,4194336,6291488,6291552,2097216,3145920,1048960,1573120,803584,491008,245760
0,0,0,32256,262016,917696,3670112,6291504,4194320,8388624,8388632,8388632,8405016,8445976,8437784,12582936,4194320,6291472,6291488,3145952,1573248,918272,239104,64512,8192,0
0,0,7680,524032,1966528,3145792,6291552,12582944,8388656,8388624,25165848,25165848,25182216,25223192,25214992,25165872,25165856,8388640,12583008,6291648,2097536,3145984,1835520,396800,251904,126976
0,0,0,65504,491568,917528,3670028,6291462,12582914,8388610,8388614,8388614,8413188,8413188,8396804,8388620,12582920,12582936,4194352,4194400,6291648,3146112,1835776,460288,130048,14336
0,0,0,0,130816,2097088,1572928,2097248,6291552,4194336,12582944,8388640,25215008,16891952,50430000,50331680,16777312,16777408,25166208,8388864,12583680,6292992,3148800,1636352,1040384,458752
0,0,0,4193280,6293248,12583360,8388704,25165920,25165856,16777248,16777248,16834592,25288736,25215008,25215008,8388704,12583008,4194496,6291648,6291840,2097920,2098688,3148800,1579008,536576,811008
0,0,0,0,0,0,0,1046528,1580032,3147264,6292224,6291840,4194688,4292800,4309184,6324416,2097344,3146112,1573632,524800,265728,399360,208896,253952,0,0
0,0,0,0,0,516096,2045952,4194048,8380800,12583104,25173984,67108384,33554464,33554528,67108848,67108768,33554528,50331712,16777408,33554368,12583680,4195840,6298624,3551232,2023424,1015808
0,0,0,0,0,57344,261120,919040,2096896,8355968,4194512,4195312,12615456,16773152,12583008,8388672,12583360,16777024,16775360,4194688,4195072,4195840,6290432,8384512,2121728,3260416
0,0,0,65520,507932,2097140,4194278,6291458,12582915,16777215,8388611,25165827,25165827,33554431,25165827,25165826,25165830,16744452,12845052,4194328,6291504,3727584,1048448,229376,0,0
0,3968,31968,114744,261902,1048575,1572865,3932161,3145217,6295551,6291457,8126465,7323649,6356739,6292478,6291487,8257542,7339020,6299640,8257648,8388032,6299520,2112512,4186112,786432,0
0,0,0,0,0,0,261120,394752,1048320,1573248,3145920,2359232,8355904,6291552,6291488,6291680,8388576,3932256,2098112,3149568,1603584,1040384,196608,0,0,0
0,1536,65408,524256,1048112,3670040,6291480,12845048,16760840,15728652,8388636,8392700,8519180,12550156,15728648,12582920,4194552,6307832,6811696,4063264,1048672,1704128,925568,523264,229376,0
0,0,0,0,0,0,524160,917696,1572960,4194272,6291504,6291472,7864344,8388600,6295544,6291480,8388592,8388592,6291552,2097344,3146112,2096896,558592,969728,260096,61440
0,0,0,8064,64736,262128,520208,786448,1966332,2097144,1048584,3145736,3145784,4194296,2097160,2097176,2097168,4194288,3145824,3145792,1310912,2097024,788224,400384,258048,0
0,0,3840,131008,492512,1048568,1966088,1048700,3178484,8386566,6291458,4194307,4195327,8388481,4194307,4194306,6291462,2097164,4194296,2031728,786656,509824,130048,0,0,0
0,0,0,65024,261888,917952,4194272,6291504,4194328,16777212,12582908,8388612,8388614,16777214,16777214,8388612,8388620,8388616,16777208,12583024,4194496,4196224,8388096,3272704,2064384,0
0,0,0,0,131056,491544,786456,2097144,1048584,3145736,4194296,2621432,6291464,4194312,6291480,8388604,4194352,4194336,4194400,4194496,8388480,3146496,1575936,923648,258048,114688
0,0,0,14336,130560,459520,1835200,7471088,33554224,16777232,50331664,50331664,67108848,67108848,50331680,16777248,16777312,33554416,25165888,25166016,8388992,8388864,16769792,6323968,3160064,1630208
524160,1016816,1622812,3163654,6317059,4205569,12593153,8402945,12587009,15728641,10223623,8847375,12698617,12820355,6164451,7340146,4200510,4209676,6350360,6390320,2294496,4064128,1838848,2095104,507904,0
0,0,0,260096,986624,1675136,1100992,3164192,2127920,6322224,6303760,7876656,6033648,4657040,8261520,7864560,4194320,4243472,4251664,6414384,2318432,3301824,1991424,1048064,114688,0
0,0,32256,520064,886496,1606704,1082392,1100812,3168280,2111544,2109548,4128972,6539016,6524424,7209976,7864344,6291480,6291472,6316080,6348896,6328512,2203520,3343872,2034688,997376,253952
0,0,32512,100096,231296,445632,817248,1585200,3145752,3145784,3932280,3604680,3260808,1164040,1246200,1966088,527384,790032,793136,275424,159616,260096,57344,0,0,0
0,0,0,0,0,126976,465920,1974016,3543424,6500736,4317312,4243840,6293376,8133760,5126272,4603776,8126848,7340160,7364992,1106176,1815296,923136,269312,258048,98304,0
0,0,0,0,6144,1048064,4141952,2171072,6414400,4243936,4196128,12590128,16259088,10424080,8454616,8847480,10223640,15761432,12697648,12665056,4415872,6694656,3947520,1587200,843776,491520
0,0,3072,98048,126400,494688,825376,1626224,3174608,6300568,6293000,7343112,8375816,6407048,2556136,2908216,3698696,3174424,3168272,1071152,1099872,1084864,1810176,1046528,0,0
0,0,0,31744,247552,460160,855232,1674336,3184672,2150448,2125872,2121840,3170520,3932568,2556184,2195960,3637756,4064280,1052184,1056280,1061488,1074112,1625984,1636352,1032192,0
0,0,130560,1019776,3967168,2152544,6320176,4202576,12583064,12583304,15729416,10225164,8653836,10360844,11558924,14696428,8388732,58818608,12812384,4620480,7128960,3996672,2080768,983040,0,0
0,0,0,0,0,0,524032,930560,1782144,6496384,4284608,12664896,12698048,15762272,14418528,4590624,4591584,7078368,3158208,1079680,575744,888320,199680,130048,0,0
0,0,0,0,524160,852928,1671744,3196512,6308896,12610608,7354416,6044656,4593424,6540304,2346960,3014768,3670032,1073168,1601632,839744,891072,462720,244736,122880,0,0
0,0,0,0,0,32512,115648,229984,1017392,3709976,6336520,6348812,6291580,8127428,7275508,6521340,3932164,3670028,3160072,1075224,1068144,1606848,886656,501504,261120,0
0,0,0,0,0,0,0,0,0,2097024,7537120,15925296,27459608,27459592,10682376,14876684,6488076,7471112,3538968,3932208,1966176,261312,16256,0,0,0
0,0,0,0,0,0,384,32736,129072,983064,3735560,7962636,5799948,14188556,14188568,13140016,7110752,4161984,524032,0,0,0,0,0,0,0
0,0,0,0,0,0,0,0,262128,2033660,8060934,14352390,28377091,18939905,23134209,21037057,21037059,21037070,14745624,7929904,2097120,65536,0,0,0,0
0,0,0,0,0,0,0,65520,524280,1998860,8159244,13139972,26771462,17858562,51412994,51412998,51413004,26312728,16351344,3998688,1048320,0,0,0,0,0
0,0,0,0,0,0,0,0,0,262112,984880,8192016,13172752,10027024,13697040,5308432,7405808,2097088,1769472,0,0,0,0,0,0,0
0,0,0,0,0,0,0,0,131008,492416,1933504,1114224,3211288,7405576,7405576,14745624,10682416,14811360,8258432,4194048,522240,0,0,0,0,0
0,0,0,0,0,0,0,16380,523388,1867782,3178499,14712835,27295746,56655874,39878662,39878660,52461572,28409868,16711928,2097088,0,0,0,0,0,0
0,0,0,0,0,0,0,0,0,523776,1869696,3719648,7913520,13647902,9453570,9453570,9453574,9453596,14205424,7917440,2095104,0,0,0,0,0
0,0,0,0,0,0,0,0,0,1048512,3735804,16318494,11632642,10584066,31555590,14778372,14778428,7406064,4194048,0,0,0,0,0,0,0
0,0,0,0,0,0,0,0,130944,2097120,8355888,5079096,14254092,26312710,26312710,26312710,9535516,15794672,4194176,0,0,0,0,0,0,0
0,0,0,0,0,0,0,0,262080,2081016,7880732,14172166,26230790,17842178,26230786,13647874,7880710,3686428,1034224,130816,0,0,0,0,0,0
0,0,0,0,0,0,16320,131068,1015836,3997702,7929859,13697027,9502723,9502723,9502723,13697026,5308418,7929870,3866744,2097120,261632,0,0,0,0,0
0,229376,507904,811008,12288,4096,4096,4096,4096,5120,56320,23552,30720,14336,12288,4864,4608,71168,103424,56320,31744,14336,4096,12288,0,0
8192,126976,202752,399360,6528,2816,2560,28160,11264,6144,6240,2240,2432,2816,35584,59904,11776,7168,3072,3072,3072,0,0,0,0,0
0,0,0,0,0,0,0,114688,507904,311296,278528,16384,18432,415744,159744,221184,114688,114688,17408,19456,415744,219136,225280,122880,49152,49152
0,0,0,0,16384,57344,106496,73728,204800,139264,11264,112640,61440,24576,8192,8192,8448,41728,42496,44032,59392,28672,28672,8192,0,0
0,0,0,28672,61440,200704,200704,6144,6400,6912,32256,31744,14336,6144,6144,6144,39104,55424,31104,15104,15872,6144,0,0,0,0
0,0,0,0,0,0,61440,22528,6144,6144,55552,31488,15872,14336,6272,55680,23296,32256,15360,14336,2048,6144,6144,0,0,0
0,0,0,0,0,57344,106496,73728,8192,13056,13824,48128,63488,28672,28672,12288,8192,8192,139264,205312,108032,44032,63488,28672,12288,12288
0,0,0,0,0,0,122880,204800,8192,12288,12288,12288,4096,4096,4864,4864,54784,23552,31104,102656,54016,32256,31744,0,0,0
0,0,0,0,63488,101376,199680,197632,1024,1024,1024,1408,13568,7936,3776,1216,1152,25728,14208,14080,5888,3584,0,0,0,0
0,0,0,0,0,0,0,98304,114688,221184,139264,8192,12288,12800,5632,39936,55296,30720,12288,12288,110592,45824,57856,65024,30720,24576
0,0,0,32768,114688,81920,24576,24576,24576,25600,93184,129024,61440,57344,24832,25344,26112,158720,223232,79872,110592,57344,24576,0,0,0
0,0,0,49152,122880,221184,90112,24576,8704,9728,207872,112640,45056,57344,24576,8576,8960,206336,109568,47104,61440,24576,24576,0,0,0
0,0,0,0,0,0,524288,786432,393216,198144,66560,101376,38912,45056,57344,49152,221184,139264,401408,274432,270336,286720,507904,229376,0,0
0,0,0,0,98368,49344,24960,13056,7680,3072,7168,13312,25600,50176,33792,99328,66560,66560,99328,50176,31744,0,0,0,0,0
0,0,0,0,262400,393984,198144,101376,38912,61440,24576,57344,110592,77824,200704,137216,133120,133120,133120,137216,145408,253952,98304,0,0,0
0,0,0,786432,393280,98496,49536,26368,7168,6144,14336,26624,51200,34816,100352,199680,134144,396288,396288,396288,399360,143360,253952,0,0,0
0,0,0,0,0,196608,99072,50688,31744,12288,28672,118784,69632,135168,135168,135168,135168,135168,135168,143360,122880,0,0,0,0,0
0,0,0,0,0,917504,230144,52736,22528,28672,61440,102400,202752,395264,264192,264192,264192,396288,134144,199680,129024,0,0,0,0,0
0,458752,114736,28768,6592,2816,3584,1024,3072,7680,12800,25088,49920,49920,33024,98560,98560,98688,33152,49920,32256,0,0,0,0,0
0,0,0,0,0,0,0,524384,917696,229760,59136,15360,6144,13312,26112,115200,66304,197376,131328,393472,393472,131840,230912,64512,14336,0
0,0,262144,459136,99072,52736,22528,28672,28672,55296,34816,101376,66560,67072,66048,66048,66048,66048,99840,105472,61440,0,0,0,0,0
0,0,786432,458976,115648,26112,15360,12288,26624,117760,197632,394752,786944,525056,524544,524544,786688,262912,200192,130048,0,0,0,0,0,0
0,0,524288,786432,393216,98432,49536,25344,9728,15360,14336,59392,101376,199680,132096,263680,263680,263680,263168,396288,202752,126976,0,0,0,0
0,0,0,0,196656,114784,24768,13056,7680,3072,7168,25600,50176,99328,197632,132096,394240,132096,134144,133120,227328,122880,0,0,0,0
0,0,0,14336,63488,104448,202752,202752,71680,100352,51200,30720,2048,2048,2048,3072,3072,3072,3072,3072,3072,3072,3072,3072,3072,3072
0,0,0,0,0,0,258048,520192,266240,790528,1576960,528384,790528,397312,260096,6144,4096,4096,4096,4096,4096,6144,6144,6144,6144,0
0,0,0,0,0,0,122880,516096,270336,798720,536576,274432,471040,126976,12288,12288,12288,12288,12288,12288,12288,12288,12288,12288,0,0
0,129024,202752,137216,137216,202752,202752,120832,30720,14336,2048,2048,2048,2048,2048,2048,2048,2048,2048,2048,2048,2048,0,0,0,0
0,0,0,0,0,14336,26624,51200,34816,34816,34816,34816,59392,14336,3072,3072,3072,3072,1024,1024,1024,1024,1024,1024,1536,1536
0,0,0,0,0,61440,45056,110592,110592,110592,45056,53248,28672,4096,4096,4096,4096,6144,6144,6144,6144,6144,2048,6144,6144,0
0,0,0,0,0,0,12288,61440,110592,77824,208896,208896,110592,61440,28672,4096,4096,4096,4096,4096,4096,4096,4096,4096,12288,4096
0,0,0,0,61440,53248,36864,36864,36864,36864,53248,30720,6144,6144,6144,6144,6144,6144,6144,6144,2048,2048,2048,2048,0,0
0,8192,61440,110592,77824,77824,69632,69632,36864,61440,4096,4096,4096,6144,6144,6144,6144,6144,2048,2048,2048,6144,0,0,0,0
0,0,0,0,20480,61440,102400,69632,69632,69632,104448,55296,30720,6144,2048,2048,2048,2048,2048,2048,2048,2048,2048,3072,3072,0
0,0,0,0,0,114688,253952,401408,794624,794624,270336,466944,253952,8192,8192,8192,8192,8192,8192,12288,12288,12288,12288,4096,4096,12288
0,0,0,0,0,0,14336,63488,231424,133120,133120,202752,71680,126976,28672,4096,4096,4096,4096,4096,4096,4096,4096,4096,4096,0
0,0,0,0,0,0,0,0,0,32505856,33554428,25165852,8388612,8388620,12582924,7340088,2032608,261888,0,0,0,0,0,0,0,0
0,0,0,0,0,0,0,0,0,0,48,2097136,8257600,12583040,4195072,6292992,4131840,522240,0,0,0,0,0,0,0,0
0,0,0,0,0,0,0,0,0,0,33423364,26214398,12582918,4194316,7340088,2081264,130944,0,0,0,0,0,0,0,0,0
0,0,0,0,0,0,0,0,0,1,4095,16777155,15728654,4194428,6291680,4065152,523264,0,0,0,0,0,0,0,0,0
0,0,0,0,0,0,0,0,0,0,16711710,16777214,8388620,25165880,12583136,6295424,4193280,917504,0,0,0,0,0,0,0,0
0,0,0,0,0,0,0,0,0,0,16777214,16777212,8388620,8388616,8388664,8388704,4194752,3146496,1998336,520192,0,0,0,0,0,0
0,0,0,0,0,0,0,0,0,2,33538054,25690110,25165828,25165836,8388664,8388832,16777088,2095104,0,0,0,0,0,0,0,0
0,0,0,0,0,0,0,0,0,0,16515078,16777214,8388614,8388636,12583024,6299616,4193280,0,0,0,0,0,0,0,0,0
0,0,0,0,0,0,0,0,0,0,16777218,33554430,8388620,12582936,6291504,3145824,1839040,523264,0,0,0,0,0,0,0,0
0,0,0,0,0,0,0,0,0,2,14,16777214,8388616,8388632,8388704,12583360,6295296,4193280,229376,0,0,0,0,0,0,0
0,0,0,0,0,0,0,0,2,2,8388607,4194559,4194307,6291458,6291462,3145756,1967088,524160,0,0,0,0,0,0,0,0
0,0,0,0,0,0,0,0,0,0,15728640,16777212,8388616,8388624,8388656,12583008,7344000,2096128,49152,0,0,0,0,0,0,0
0,0,0,0,0,0,0,0,4194296,8355864,4194312,4194312,4194312,4194328,4194328,4194320,8257552,4063248,496,0,0,0,0,0,0,0
0,0,0,0,0,0,0,3145728,4194272,6291488,4194336,4194336,12582960,12582928,12582928,12582928,12582928,12582928,12582928,16647792,8128480,0,0,0,0,0
0,0,0,0,0,0,0,16777214,8388734,8388610,8388610,8388610,8388610,8388610,8388610,8388610,8388610,8388614,8388612,16646652,16712176,0,0,0,0,0
0,0,0,0,0,0,0,4192256,2129918,2097406,6291462,6291460,6291460,6291468,6291468,4194316,4194316,4194316,4194316,6291468,8323080,4128888,48,0,0,0
0,0,0,0,0,0,16777208,16760840,8388616,8388616,8388632,8388616,25165832,25165832,25165832,25165832,33292296,16647144,1016,0,0,0,0,0,0,0
0,0,0,0,0,0,0,33554424,25167356,25165836,25165836,25165836,25165836,25165836,25165836,8388620,16523020,7340524,56,0,0,0,0,0,0,0
0,0,0,0,0,0,0,16777088,12648444,8388612,8388612,8388612,25165828,25165828,25165836,25165836,25165836,26085372,33424376,0,0,0,0,0,0,0
0,0,0,0,0,0,1047552,16662524,8388620,8388616,8388616,8388616,8388616,8388632,8388632,25165848,25165848,16777224,33032696,8130528,0,0,0,0,0,0
0,0,0,0,0,0,0,8384512,4202492,4194308,6291468,6291464,6291464,6291464,6291464,6291464,6291464,8323080,8257992,504,0,0,0,0,0,0
0,0,0,0,0,0,0,0,16776192,25182200,16777230,16777222,16777220,16777228,16777224,16777224,25165832,32506872,1974240,0,0,0,0,0,0,0
0,0,0,0,0,0,0,33554424,50331656,50331656,50331660,50331660,50331652,50331652,50331652,50331652,50331652,16777220,16777468,16777724,33030144,0,0,0,0,0
0,0,0,0,0,0,16777208,8389119,8388611,8388611,8388610,8388610,8388610,8388610,8388610,8388614,8388614,8388614,16515334,4063742,0,0,0,0,0,0
0,0,0,0,0,57408,1159360,3274944,3258560,1674624,1017600,511488,154112,152064,160512,2040816,139520,139520,139520,205056,991488,1651584,1685120,64640,14464,128
0,0,0,0,0,28672,55296,112640,1177696,1281072,1770720,991104,504320,188928,442880,8307200,1984448,410112,410624,412672,182272,973824,2094592,1172224,3145984,768
0,0,0,0,0,2227992,2166680,3374992,1688464,1796064,945344,161920,422016,8351932,286960,286848,417920,155776,139648,995712,1774464,1176192,3178208,3145728,0,0
31744,52736,33536,114464,6416176,3769184,2066368,167168,416000,291200,274942,270784,4071808,270720,270592,271232,409280,669792,1781856,1306656,1048608,1048608,1048672,1048672,0,0
0,0,0,63488,25267200,8467456,12844640,6491744,1773536,2071424,455168,320000,287232,8144880,16015872,287488,271104,795392,1976192,7742592,4402304,8517824,25272384,64,0,0
0,0,0,0,122880,258048,260224,25631104,17174912,17578368,25983744,16674304,1297408,3247104,3180288,15828464,3245056,3245056,1147904,1082368,3706624,2660736,2920576,6664320,6545536,6406272
0,0,0,0,0,0,115456,90880,1651456,916224,498176,253440,89088,95744,78832,1913728,8336128,78592,70400,103168,103168,496384,309120,842880,585920,557248
0,0,0,7680,16128,24832,1634688,1636736,1048216,498608,69600,69248,2034880,199876,199932,198752,68672,232512,429120,314560,813248,1589088,1573472,32,0,0
0,24576,126976,202752,420888,13106736,13373024,7868352,2034432,1693952,1601792,549120,16531712,8143344,418048,155904,221632,4154352,3203600,3206672,30736,16,0,0,0,0
0,0,0,6208,64608,564256,851488,314912,510816,261056,176384,8270080,4141560,143624,209152,241920,250304,520544,815392,1589024,6176,48,0,0,0,0
0,0,0,0,98304,1040384,800768,1636352,1571008,18615936,25697664,10237696,5661184,7586304,2212352,2195968,2163200,31523832,2195968,2195968,1147392,1606144,558976,1871040,3602496,2351200
0,0,0,0,0,0,63488,117776,132624,4718128,6751776,2559968,4168064,831616,844016,1040624,8372352,802944,802944,278656,287104,1860480,4073152,6536384,4321344,14680128
0,0,0,0,0,1050688,3673312,6823136,4726240,4734368,13378848,13395248,8668944,8832792,8554248,8618504,25231360,16777216,16777216,0,0,0,0,0,0,0
0,0,0,0,0,524288,811008,1892608,3580800,2597504,6792832,6497984,4400320,12788800,12788800,8596544,8596544,8595520,8468576,8403040,8392800,32,0,0,0,0
0,0,0,0,0,0,0,1589248,3719936,2679552,6924032,5055744,13448576,13581440,8796352,8788160,25559104,96,32,0,0,0,0,0,0,0
0,0,0,0,0,0,0,262144,917504,942848,1991424,3336064,2274688,6468736,4437120,12786880,8592576,8591456,137312,131136,0,0,0,0,0,0
0,0,0,0,0,0,768,768,3147520,3171712,7398528,7384256,5876928,14265408,8992864,8992800,9115696,9050128,9308184,9308168,393228,262144,0,0,0,0
0,0,0,0,0,0,0,524288,1572864,1859712,3989888,2941824,2929280,6599296,4560576,4527808,13047360,8854592,8789088,8784928,25562112,25560064,16909312,16777216,0,0
0,0,0,0,64,1572928,3670208,2638048,6873568,7119200,5087584,4535072,12923424,8852000,25629232,25564688,16915480,16915480,16780296,3084,3084,3072,0,0,0,0
0,0,0,0,0,0,0,0,1597824,3727744,3711424,2667328,6918976,6885984,4790816,13180464,9113104,9374736,26086424,17695752,17039372,4,0,0,0,0
0,0,0,0,6291456,13637632,14162304,9976704,8924032,8940224,25972288,25448000,25480800,17092192,17206816,16942624,17008176,16974864,65552,0,0,0,0,0,0,0
0,0,0,0,0,0,6144,1841920,3422976,2374528,6712192,4607616,12733568,12766400,8637632,8621120,8490080,8487008,8421408,0,0,0,0,0,0,0
0,0,0,0,0,0,0,811008,843968,1880256,1946048,4035008,2953568,6623584,4660000,4660000,12978720,8784432,25562672,263696,1040,1024,0,0,0,0
0,0,0,0,0,0,524288,1572864,1847680,3961728,2388672,2381376,6607936,4627520,13016160,8887392,8591392,25368624,16777216,50331648,0,0,0,0,0,0
