0,1,2,3,4,5,6,7,8,9,10,11,12,13,14,15,16,17,18,19,20,21,22,23,24,25,26,27,28,29,30,31,32,33,34,35,36,37,38,39,40,41,42,43,44,45,46,47,48,49,50,51,52,53,54,55,56
0,0,0,0,0,0,0,0,0,0,0,33822867456,274609471488,549621596160,1066091413504,962542436352,962542436352,962542436352,962542436352,962542436352,962542436352,962274000896,962307555328,962307555328,481271218176,481271218176,481271218176,515899392000,242598543360,266153754624,137170518016,66571993088,32212254720,15032385536,140736414613504,140737486258176,70368742080512,15296626688,15032385536,15032385536,15032385536,15032385536,15032385536,15032385536,15032385536,15032385536,12884901888,64424509440,64424509440,64424509440,64424509440,64424509440,30064771072,30064771072,30064771072,0,0
0,0,0,0,0,0,0,0,0,0,0,0,137170518016,274743689216,258704670720,240987930624,240987930624,240987930624,240987930624,240987930624,240987930624,240719495168,240719495168,240719495168,240719495168,240719495168,240987930624,240987930624,120728846336,121198608384,124419833856,137170518016,68184178688,137438429184,4398045986816,4398038122496,2069100494848,7516192768,7516192768,7516192768,3221225472,3758096384,3758096384,3758096384,3758096384,3758096384,3758096384,33822867456,33822867456,33822867456,33285996544,16106127360,16106127360,16106127360,16106127360,16106127360,15032385536
0,0,0,0,0,0,0,0,0,0,0,4227858432,8573157376,34082914304,32275169280,64453869568,128878379008,120288444416,120288444416,120288444416,120288444416,120288444416,120317804544,120317804544,60246982656,64407732224,68685922304,34292629504,4398046445568,8796092989440,4398046445568,3758096384,3758096384,3758096384,3758096384,3758096384,3758096384,3758096384,3758096384,3758096384,3758096384,3758096384,3758096384,3758096384,3758096384,3758096384,3758096384,3758096384,3758096384,3758096384,3758096384,3758096384,3758096384,3758096384,0,0,0
0,0,0,0,0,0,0,0,0,0,0,0,0,4286578688,8585740288,17175674880,30094131200,30094131200,60158902272,60158902272,60142125056,60142125056,60142125056,60158902272,60158902272,60255371264,60389588992,64927825920,34292629504,17045651456,2138356842496,2199023222784,1099511595008,51539574784,7516192768,7516192768,15032385536,15032385536,15032385536,15032385536,15032385536,15032385536,15032385536,15032385536,15032385536,15032385536,15032385536,15032385536,15032385536,15032385536,32212254720,32212254720,32212254720,15032385536,15032385536,6442450944,0
0,0,0,0,0,0,0,0,0,0,0,34326183936,68702699520,68711088128,120317804544,120317804544,120317804544,120317804544,240576888832,240576888832,240576888832,240576888832,240635609088,240635609088,240635609088,240635609088,240635609088,120493965312,120762400768,124486942720,68585259008,68446846976,35150010253312,70368739983360,35184103653376,7516192768,3758096384,3758096384,3758096384,3758096384,3758096384,3758096384,3758096384,3758096384,3758096384,3758096384,3758096384,3758096384,3221225472,7516192768,7516192768,7516192768,33285996544,33285996544,32212254720,15032385536,15032385536
0,0,0,0,0,0,0,0,0,34326183936,68685922304,137422176256,120376524800,240635609088,240635609088,481153777664,481153777664,481153777664,481153777664,481153777664,206275870720,240635609088,240635609088,240635609088,240618831872,120493965312,120493965312,120493965312,120493965312,60599304192,64894271488,33218887680,17045651456,4398046445568,4398046478336,3302326501376,3758096384,3758096384,3758096384,3758096384,3758096384,3758096384,3758096384,3758096384,3758096384,3758096384,3221225472,3221225472,3221225472,3221225472,7516192768,7516192768,7516192768,7516192768,7516192768,16106127360,16106127360
0,0,0,0,0,0,0,0,0,0,136365211648,549487378432,1086492508160,2063597568000,4123638366208,3848794013696,3848542355456,3848408137728,3848408137728,3848408137728,1924195680256,1924204068864,1924204068864,962131394560,962131394560,481095057408,481153777664,515513516032,257815478272,128966459392,60364423168,64659390464,33789313024,35184363700224,70368744046592,70368744169472,4030717952,3758211072,7516192768,16106127360,15032385536,15032385536,15032385536,15032385536,15032385536,15032385536,15032385536,15032385536,15032385536,15032385536,12884901888,12884901888,12884901888,30064771072,30064771072,30064771072,30064771072
0,0,0,0,0,0,0,0,0,0,0,34091302912,274810798080,549722259456,2164898398208,2061819183104,1924380229632,824751161344,824751161344,824751161344,962190114816,962190114816,962190114816,1030909591552,481153777664,515647733760,240753049600,258201354240,129855651840,66437775360,34091302912,16911433728,140737488347136,140737488351232,140737488351232,3758096384,3758096384,3758096384,3758096384,3758096384,3758096384,3758096384,3758096384,3758096384,3758096384,3758096384,3758096384,3758096384,3758096384,3758096384,3758096384,3758096384,3758096384,3221225472,7516192768,7516192768,7516192768
0,0,0,0,0,0,0,0,0,0,0,8053063680,17045651456,34326183936,64927825920,60381200384,60246982656,51657048064,51657048064,51657048064,51657048064,51774488576,51774488576,60364423168,61136175104,61136175104,64156073984,68451041280,68182605824,70368743129088,70368743653376,70368743653376,15032385536,15032385536,15032385536,15032385536,15032385536,15032385536,15032385536,15032385536,15032385536,15032385536,15032385536,15032385536,15032385536,15032385536,15032385536,15032385536,15032385536,15032385536,15032385536,15032385536,15032385536,15032385536,15032385536,32212254720,32212254720
0,0,0,0,0,0,0,0,0,4026531840,34225520640,137371844608,271052701696,515630956544,1031027032064,962307555328,962307555328,962307555328,962190114816,962190114816,962190114816,1030909591552,481287995392,515899392000,258704670720,121198608384,65364033536,66303557632,34091302912,16911433728,8796090925056,17592185978880,8796092989440,3759079424,7516192768,7516192768,7516192768,7516192768,7516192768,7516192768,7516192768,7516192768,7516192768,7516192768,7516192768,7516192768,7516192768,7516192768,7516192768,7516192768,7516192768,7516192768,7516192768,7516192768,7516192768,7516192768,7516192768
0,0,0,0,0,0,0,0,0,0,2147483648,17112760320,68685922304,133395644416,128966459392,257815478272,240568500224,240576888832,240576888832,240576888832,240635609088,240635609088,240769826816,240753049600,241021485056,120728846336,129855651840,62142808064,68451041280,2199023253504,2199023253504,1099511623680,1879048192,1879048192,1879048192,1879048192,3758096384,3758096384,3758096384,3758096384,3758096384,3758096384,3758096384,3758096384,3758096384,3758096384,3758096384,3758096384,3758096384,3758096384,3758096384,3758096384,8053063680,8053063680,8053063680,8053063680,8053063680
0,0,0,0,0,0,0,0,0,0,0,469762048,2113929216,4278190080,8178892800,16164847616,15091105792,30123491328,30123491328,30123491328,30123491328,30182211584,30316429312,30299652096,13354663936,16039018496,15971909632,17045651456,8321499136,1099511103488,2199022993408,2199022993408,3758096384,3758096384,3758096384,3758096384,3758096384,3758096384,3758096384,3758096384,3758096384,3758096384,3758096384,3758096384,3758096384,3758096384,3758096384,3758096384,3758096384,3758096384,3758096384,3758096384,3758096384,3758096384,3758096384,0,0
0,0,0,0,0,68718952448,274877841408,549252489216,4363687292928,17454747154432,34634616289280,65970697673728,131941395340800,123145302312704,246290604623616,527765581333376,492581209244608,985162418487744,2111062325330400,4222124650660080,3940649673949296,7881299347898480,16888498602639472,15762598695796848,15762598897123440,15762599735984240,15762600809726064,15762602957209712,15762607252177136,15762615842111712,7881316460658912,7881316460658912,7881316259332320,7881299347898816,3940649673949632,3940649673949632,3940649673950080,1970324836975488,2111062325331712,985162418491136,492581209247232,527765581340160,263882790681600,123145302341632,61572651282432,65970697789440,32985349324800,16492675432448,8246339174400,4123172536320,2061600555008,1065285058560,548141006848,137422176256,34225520640,16642998272,0
0,0,0,0,0,2146959360,137438920704,2199023247360,8791798181888,8658654132224,16492674430976,32985348840448,65970697673728,131941395336704,263882790670080,246290604623616,492581209244544,492581209244544,985162418487744,985162418487744,985162418487520,985162418487520,985162418487520,985162418487520,985162418487520,985162821140704,985164498862304,985166646345952,985166646345952,985166579237088,492583222509792,492581209244096,492581209244096,211106232533440,246290604622272,246290604622272,246290604622208,123145302311808,123145302311808,123145302311808,61572651157248,61572651159296,65970697670144,30786325584896,32985348848640,15393162819584,7696581455872,8246337331200,4260607803392,2130304270336,532577976320,270587002880,68719214592,17178820608,4290772992,201326592,0
0,0,0,0,0,0,0,0,0,0,128849018880,1095216660480,8795019280384,35063844569088,138542751678464,554156005785600,1090715802927104,2111062333652992,1970324839038976,3940649674440704,3940649674178560,3377699720626176,3377699720626176,3377699720626176,3377699720626176,3377699720626176,3377708310560768,3377729785397248,3377764145135616,3377832864612352,3940782818033664,3940782818033664,3940714098556928,1970324837072896,1970324837072896,1970324837072896,985162418716672,985162418716672,492581209473024,492581209702400,246290605080576,263882791124992,123145302704128,61572652072960,65970698584064,32985350668288,16492676251648,8246340878336,3848306950144,2061650362368,1031058489344,515924557824,267294605312,137304735744,34091302912,16642998272,0
0,0,0,0,0,0,0,0,0,0,34359705600,1099511611392,4398046494720,8761733341184,34084860518400,68169720979456,131941395361792,263882790694912,527765581361152,492581209272320,985162418501632,2111062325344256,1970324836988928,3940649673963520,8444249301334016,7881299347904512,7881299347905536,7881305790356480,6755466013056000,15762665267796992,15762665267796992,15762665267796992,15762628760573952,15762598695802880,15762598695802880,15762598695802880,15762598695811072,15762598695811072,15762598695825408,15762598695825408,15762598695825408,15762598695854080,15762598695854080,7881299348013056,7881299348013056,8444249301549056,4222124651151360,2111062325788672,1055531163582464,545357769342976,277076938326016,69275708030976,35130818166784,4396163268608,1098957979648,68652367872,17045651456
0,0,0,0,0,0,133955584,8589901824,68719472640,274609732608,541165911808,2130303782656,4260607559424,8246337209216,16492674417536,32985348833728,30786325578176,65970697667008,61572651155904,123145302311360,123145302311360,246290604622272,246290604622048,492581209243872,492581209243872,492582215876832,492585470656736,492589765624032,492589765624032,492589765624032,492585470656704,492585437102528,492583222510016,492582014550464,492581209244544,246290604622720,246290604622720,246290604623616,123145302312704,123145302314496,123145302314496,61572651162624,61572651170816,30786325608448,30786325639168,15393162911744,16492674662400,7696581885952,3848292728832,4123172667392,2130336808960,1099510579200,549751619584,68702699520,0,0,0
0,0,0,0,0,2147475456,8589932544,68719475712,136365218816,541165886976,2164663520768,4260607559424,8521215117056,16492674418432,32985348835072,65970697668352,61572651157248,123145302312704,263882790668032,527765581334272,1055531162665728,985162418488064,985162418488064,1970324836975360,1970324836975360,1970331279426304,1970341479973632,1970358928278272,1970358659842816,1970341479973632,1970341479973632,1970332890039040,1970332890040064,1970328595072768,1970324836978176,1970324836978176,985162418494976,985162418494464,492581209250816,492581209257984,492581209257984,492581209272320,246290604650496,246290604679168,246290604679168,123145302425600,123145302425600,131941395562496,61572651646976,30786326560768,32985349750784,16492676251648,8249562103808,4127463047168,2168957435904,1099509530624,273804165120
0,0,0,0,0,0,0,0,8589410304,68719411200,549755797504,2194728804352,8727373672448,34634616305664,138538465115136,277076930207232,545357767380736,1055531162666752,2111062325331712,1970324836976384,4222124650660736,3940649673950080,3940649673950080,7881299347899264,7881299347899264,7881299347899264,7881299347899264,7881299347899264,7881307400962432,7881315990897024,7881315990897024,7881315454026112,3940657190142336,3940649673950080,4222124650660736,1970324836975488,1970324836975488,2111062325331712,985162418489088,985162418491136,492581209251328,527765581347840,246290604652544,123145302372352,131941395456000,65970697912320,34634616766464,17454748073984,4363688738816,1091462496256,274776719360,68718428160,8587837440,2080374784,0,0,0
0,0,0,0,0,31457280,34359476224,274877775872,8796061532160,17557826813952,69818988609536,136339441901568,263882790727680,527765581363200,1055531162679296,985162418502656,1970324836981760,1970324836981760,3940649673952768,3940649673953024,7881299347900160,7881299347900160,7881299347899264,6755399441056640,15762598695797184,15762598695797184,15762598695797184,15762598695797184,15762614801924544,15762632518665088,15762632518665088,15762632518665088,15762601917024000,15762598695798528,15762598695800320,15762598695800320,15762598695803904,7881299347905536,7881299347905536,8444249301334016,3940649673963520,1970324837003264,2111062325358592,985162418544640,492581209366528,246290605129728,263882791157760,131941396250624,65970699632640,32985352765440,16492682280960,8521230843904,2061615759360,1030922174464,548942118912,274844352512,137371844608
0,0,0,0,0,0,33546240,17179867136,68719475712,274810806016,1082331762560,4329327036352,17317308137920,69269232550112,136339441844464,545357767377016,1090715534753848,2111062325329948,4222124650659868,8444249301319708,7881299347898380,7881299347898380,7881299347898396,7881299347898396,3377699720527900,3940649673949212,3940650479255608,3940653834698808,3940653834698808,3940658129666104,3940658129666104,3940653834698864,3940650613473392,3940649673949296,3940649673949408,3940649673949408,3940649673949632,3940649673949632,3940649673950080,1970324836976512,1970324836978432,1970324836978176,985162418494976,985162418502656,985162418515968,492581209305088,527765581455360,263882790912000,136339442335744,68169721905152,34634618241024,8727377477632,2190441185280,549637324800,68683825152,8585740288,528482304
0,0,0,0,0,0,0,0,0,0,274877775872,4398046494720,17592186036224,34909494304768,65970697695232,131941395361792,263882790680576,527765581346816,1055531162679296,985162418501632,2111062325336064,1970324836981760,1970324836981760,3940649673956352,3940649673956352,7881299347905536,7881299347901952,15762613728185856,15762613728185856,33777063777275392,31525332683066880,31525263963590144,31525214571466240,27021597764226560,27021597764230144,27021597764238336,31525197391624192,31525197391622144,31525197391654912,15762598695911424,15762598696042496,15762598696026112,7881299348357120,8444249302302720,3940649675915264,1970324838809600,2111062328999936,1055531170529280,527765588672512,263882822123520,123145367322624,61572915396608,30820668538880,15874165571584,8795824586752,4380866641920,2130303778816
0,0,0,0,0,0,0,70368735789056,562949951324160,1108307787382784,2181431086153728,4222124652740608,3940649674989568,7881299348021248,7881299347927040,7881299347929088,15762598695812096,15762598695803904,15762598695803904,15762598695803904,15762598695803904,15762598695803904,15762598695803904,15762598695803904,15762602453900288,15762606748867584,15762632518671360,15762666878409728,15762666878409728,15762666878409728,15762632518671360,15762631981800448,7881314380291072,7881299347905536,3940649673963520,3940649673963520,3940649673979904,1970324837003264,1970324837003264,2111062325387264,985162418610176,1055531162779648,492581209489408,492581209735168,492581209702400,246290605604864,246290608685056,246290608553984,123145309650944,123145318039552,61572682612736,61572781178880,30786585624576,32985852149760,15394169421824,7705037111296,8254658707456
0,0,0,0,0,0,0,0,0,0,0,0,0,0,0,1098437885952,4398012956672,17592177655808,69269765226496,136339473301504,123145318039552,246290611961856,246290608291840,492581211078656,492581210161152,985162419470336,985162418946048,985162418716672,985179598602240,985226843111424,985228990603264,985228990537728,985228990537728,985228990537728,1055544047624192,492581209300992,527765581447168,246290604867584,123145302540288,61572651614208,65970698649600,30786327543808,15393164623872,16492678086656,8246345072640,3848323203072,1924210360320,2061710131200,962324332544,515899392000,519623933952,274743689216,273804165120,133143986176,0,0,0
0,0,0,0,0,0,0,0,0,0,0,32212254720,549487378432,4398012956672,17559965401088,69269498888192,136348031254528,281474976645120,562949938708480,2251791224258560,4362862139138048,8444249301381120,16888498603685888,33776997339494400,36028797018962944,72057594037918720,72057593769499648,63050394783194112,54043195528453120,54043195528453120,54043195528477696,63050394783251968,72057594037927424,72057594037926912,58546795155692544,54043195528461312,54043195528460288,63050394783201280,63050394783215616,63050394783248384,31525197391650816,33776997209464832,18014398509477888,9007199254736896,9007198978899968,3940649675915264,4222124654592000,2111062333194240,1055531195170816,492581274255360,247115498389504,264845383434240,132905548382208,66936931090432,33981244375040,17591112302592,8791798054912
0,0,0,0,0,0,0,0,0,0,0,0,16642998272,68685922304,274873712640,1082867580928,4329360064512,8521223241728,34643206078464,140737488289792,281474960424960,532094908612608,1055531162787840,985162418550272,2111062325460736,1970324838022656,1970324870528000,1970325373721600,1689124737915904,2251799796915200,4503598553643008,4503324749477888,3940649673963520,3940649673977856,3940649673977856,3940649674174464,3940649674993664,3940649678139392,3940649707466752,4503599626903552,2251799809613824,2251799746822144,1970324837466112,1970324837433344,1970324839006208,1970324841037824,1970324844838912,985162434215936,985162483499008,985164561776640,1125899898454016,562949936644096,562948846125056,527767661707264,246333285859328,123282204393472,136474733314048
0,0,0,0,0,0,8372224,4294966272,68719476608,549688721344,2194728289248,8727373546480,17592186044408,70368744177464,140737488354332,263882790666268,527765581332494,1055531162664974,2111062325329927,1970324836974599,4503599627370495,4503599627370495,8584986789674503,7881299347898375,7881299347898375,15762598695796743,15762598695796743,15762598695796743,15762598695796767,18014398509481983,18014398509481983,18014398509481863,15762598695796750,15762598695796750,15762598695796750,6755399441055772,7881299347898396,8972014882652216,9007130535264312,9007198986305648,8479433673408496,3940684033687520,1970324971192256,2111062325330880,1055531162666880,527765581336320,272678883704320,138538465229824,34222299412480,8796093005824,4398046380032,1095216660480,133143986176,0,0,0,0
0,0,0,16744448,268431360,2147482624,8573189632,34225528704,136365213664,266287972856,1099511562364,2199023255550,8796093022207,17042430296063,32985348833283,65970697666563,136339441844227,281457796841475,263882757111811,248489627869187,492598389112831,492581226020863,492581209245695,492581209243651,545357767376899,561850441793539,562812514467843,510164805353475,494780098281479,492649926623239,492589799161863,492581343460879,492581210292222,492581209251839,492581209244158,492581209243676,562812514467900,1125897759359096,1125899839734000,985299857437152,985164565970880,985162452041600,1055531162730240,1125865547136512,1125899370100736,1055531158990848,985196778209280,492581746049024,492581343330304,527766652977152,277085503356928,140737354137600,70367670435840,35175782154240,3848290697216,0,0
0,0,0,0,0,0,0,0,0,0,0,0,0,137430564864,549753716736,1099510579200,962088927232,1924153475072,8796092760064,8796092891136,15942902284288,32985349324800,65970697895936,131941395456000,263882857771008,246359324094464,562949953347584,562949685014528,527628142407680,492581209257984,492581209257984,492581209250816,492581209250816,492581209250816,492581209299968,492649928719360,562949953412096,562949953173504,562881233975296,246290604683264,246290605137920,246290606702592,263882798989312,131941462179840,65971232440320,32989635411968,17471859851264,8795556151296,4395899027456,1082331758592,515396075520,0,0,0,0,0,0
0,0,0,0,2147352576,17179836416,137438937088,547612523520,2199023254528,4398046510592,17592177659392,35115652613888,136339441846144,272678883689344,527765581333440,1055531162673088,2111079505199040,1972523860230080,3975834046022080,4503565267632352,9005000231485664,8409064929231072,7881299347898592,7881299347899360,7881299348029408,7881299356286944,7881299884768480,7881333707374816,7882398842749152,7898890460201184,8162739964870880,4501400604115168,4486007441326304,4222124650660032,3940649673949632,1970324836978624,1970324836990912,985162420584320,985163492227968,1055539752568576,492856082958080,527764507594240,281466386779648,281200098810880,123145302326272,61572651169792,61572651184128,31267362037760,33466385686528,16973744275456,8728447221760,4372276183040,2198956146688,1098437885952,266287972352,0,0
0,0,0,0,0,0,0,0,0,0,0,0,0,137438822400,1099511595008,4398046494720,17454747213824,34634616336384,68169720950784,140668768909312,281474976708608,281474976709632,492585504210432,492581209247232,492581209247488,492581209245440,2181431069508480,2234207627641728,1125865547105216,562949919867328,510173395288000,492615568981952,492581211340736,492581209244096,492581209244608,492581209245568,562949953392384,1125899906842368,1125899906842368,492581209275904,492581209274368,492581209272320,492581209300992,246290604744704,246290604867584,263882791157760,123145302769664,140737488224256,70368744046592,35184371826688,16507714666496,8261402099712,4361604300800,2197005795328,548665294848,17146314752,8455716864
0,0,0,0,0,0,0,33488896,536854528,4294963200,34292692992,136918859520,547608329984,1099511627520,4398029735680,4189740598016,7696581395328,16492674417536,16492674417536,35184372088800,32985348833248,31885837205440,61572651155904,61572651155904,61572651155904,123145302311104,123145302311136,123145302311136,140737488355296,281474976710624,263882790666208,246290604622048,246290604622272,246290604622272,246290604622784,246290604622720,246290604623616,131941395396352,140737488354816,140737488354816,131941395078144,123145302325248,123145302341632,123145302372352,61572651278336,64871186284544,35184372056064,35184372023296,16492674285568,7696589520896,8246403792896,4123435991040,2062112784384,1099478073344,549621596160,128312147968,0
0,0,0,0,0,0,1073676288,8589901824,137422692352,548682133504,1090923789312,4398046510848,8796093017984,17592118936512,35115652612576,65970697666784,61572651157488,131941395595248,123145335865272,246299194552376,562949953159228,562949886312476,562915593682972,985162418487310,985162418487310,1970324836974606,1970324836975103,1970324837236735,2181431103062015,2251799813684231,2251799813160967,2040693547597831,1970324836974599,844424930131983,985162418487310,985162418487310,492581209243676,492581209243708,246290604621944,246290604622064,132010114809824,140737488355264,70368744177536,32985348849152,15393162852352,17042430488576,8521216147456,2194736644096,1099310039040,274876858368,8581545984,201326592,0,0,0,0,0
0,0,0,0,0,0,0,534773760,34359214080,274877644800,1098439917568,4363687788544,17317308391424,35046935228416,140737488354304,277076930199040,527765581336320,1055531162666880,2111062325330880,1970324836975072,1970324836974816,4503599627370464,4503599627370480,4081387162304496,7881299347898488,7881299347898424,7881299347898424,7881299347898392,7881299347898392,7881299347899388,9007199254740988,9007199254740988,9007199254609976,7881299347898424,7881299347898424,3377699720527984,3940649673949296,3940649673949408,3940649673949664,4503573857565120,4503599627370432,2251799813685120,1970324836982528,1970324836990464,1970324837005312,1970324837101568,985162419003392,985162422648832,1090724107780096,562949952897024,562949949227008,246299177779200,264019961184256,140735340871680,70360154243072,17523466567680,0
0,0,0,0,0,0,0,0,0,4294965248,137438953216,549755813760,1095216662400,4329327035264,8246337208768,17592186044352,35184372088768,35184372088768,61572651155904,61572651155904,123145302311360,123145302311360,277076930200000,281473902969280,263882790666208,496979255754720,492581611897280,492581209244096,492581209244096,985162418487744,985162418487744,985162418487744,1055531162665856,1125899906842592,1125899906842608,1020346790576112,985162418490880,985162418494976,985162418494464,985162418501632,985162418518016,985162418548736,985162418544640,985162418601984,1117103814311936,562949953355776,281474976579584,263887085371392,131941403197440,68169736650752,16492739428352,8246467231744,4261127651328,2132417708032,549621596160,274609471488,135291469824
0,0,0,0,0,0,0,0,2139095040,17177772032,137438429184,547616456704,2181845417984,4329328050176,34634616528896,139637976854528,558551907433984,2221013488107008,4503599627370240,18014398505289472,18005602416461568,31525197391595264,31525197391595264,63050394783188736,63050394783188736,63050394783188736,63050394783188736,72057594029541120,72057594037927680,72057594037927424,63050394787380736,63050394783190528,31525197391600640,31525197391600640,31525197391600640,31525197391600640,31525197391607808,18014398509481472,18014398509481472,18014398509481472,15762598695825408,15762598695854080,6755399441113088,7881299348013056,7881299348013056,7881299348127744,3940649674440704,3940649674407936,4362862139932672,2251797670264832,2251799813423104,1055548342272000,492582282723328,246291137298432,263883847630848,131949918158848,66004788969472
68719345664,1099511595008,4397782267904,17583597157888,34149286969216,30818539669472,61587687473648,131948919390332,263890314199102,527769354108943,492584982020103,1055533071073287,985164326895619,1970326908960771,1970325902327811,3940650730913793,3940650194042881,3940650177265665,3940650143711233,4222124650659841,4433230883192833,4494803534348289,4219925627404295,4010468662312991,3958104421040191,3942814337466879,3941190839830515,3940782818459587,3940716262719235,1970597634504711,1971415892623367,1979086704467975,2040556209305614,2250700302319118,2243003720670990,2216615441600476,844425055965180,985162682730488,985163488035056,985164513542368,985166594965984,492597859582912,492613425170304,492645637431040,246556896280064,246823182465024,260515538399232,140600051482624,140462614577152,69819021787136,69269500198912,34093446201344,35184338534400,8795824586752,1090921693184,0,0
0,0,0,0,0,0,0,137371844608,1099503239168,4394017882112,17575072759808,16621556858880,30846486544384,66000792313856,61587713028096,52791619909632,123152877239296,123152877231104,246294488550912,246294480162304,492585084784128,492583323176704,492583323174656,1090717648684800,1108309801174784,1117104820457216,1053333146058496,879059949190912,1978983492088704,1972489517253504,2076393382806400,2238571381457792,2251662408270720,2251250062064512,2247401767305088,2181431069523840,1970324836976512,1970339869361024,844441036260224,985178524615552,985196241356544,985196241356544,985226306129408,492713816366592,492703347391488,246539444320256,246814322323456,123634660401152,132907629248512,68036444749824,34913528971264,17459041533952,4398045462528,1099503239168,67645734912,0,0
0,0,0,0,0,520093696,137438429184,1099511562240,2197966282752,4183306006528,7756718341120,16552810266368,33015428288384,30816405030784,66000777118656,61587714998720,123160364056824,123152877224440,123152877224944,123149177849824,246294748598240,246292718558944,246291611270368,246291544176864,277076930261216,281337538011360,562941364519136,496977112400096,492716517359840,492714385735904,493672164458720,496944904404192,510035958431712,562400197623744,558551906912192,1108307720798656,1055531162665856,492581209244544,492581209245568,492581209245440,492588725440000,492589262315008,492598120692736,492598254925824,492614428192768,492611777585152,527830258008064,246419580452864,264140555681792,132181930016768,66451749732352,34016207044608,17368977768448,8366856339456,4381369958400,2198956146688,549487378432
0,0,0,0,2130968576,8583512064,17179738112,32228769792,64441024512,266296229888,545469202432,1063020642304,2077722013696,4131284645888,7700733770752,32986405805056,65971737861632,61573154475520,123145503641344,123145302312832,123145302312832,131941395337088,136339441852352,139637976743360,140600049465792,127508989206976,124236224250304,123280594272704,123212950077888,123178592371136,123280602038720,61838947516352,62088051425216,32916629422016,34909494182336,34634620469696,16492689097664,15393195295616,7696647455616,7696710895360,7696836726528,3848529255936,3848762457088,1925156173824,2063614337024,1032738177024,519284195328,274861129728,137371844608,68585259008,16106127360,0,0,0,0,0,0
0,0,0,0,0,0,0,0,0,0,0,8321499136,137371844608,549747425280,2182109724672,8658788024320,17317442093056,34909613588480,137301750382592,264914086592512,528247087661056,492822667165696,1055790874198016,985295294267392,985230601322496,1970358123200512,1970331280441344,2181431073669120,2234207644385280,2247401799909376,2040144089808896,1987780649648128,1974655204425728,1971356702048256,987224539627520,989285603835904,1019797035778048,561850442285056,558551907139584,545357767606272,527767460610048,545361794367488,123153758486528,61589697789952,66038211149824,31057380114432,15926212165632,17523977748480,8658904678400,4123300724736,4226780495872,2190416543744,1099444518912,548682072064,60129542144,0,0
0,0,0,0,0,0,0,0,0,100663296,4278190080,274869518336,4398045986816,35176318959616,140704143605760,132183927275520,264004928921600,527887719522304,492645096910848,1055599345299456,985195704612864,985194631264256,1970354903824384,1970324845239296,1970324870274048,4362862272187904,4433231147437568,4494804054445824,3658625476200192,3447931293927296,3395257580323712,3378782054376320,3377819980135296,3377957418631040,3378764872433536,3382029047570304,3412609214711680,3517337697256320,3654780945695616,4468447467537280,4433298528931584,4222192296410880,3940777449290752,1970586293237760,1970843991400448,985647482372096,986126372241408,494507371790336,531889705713664,271579906834432,139638509404160,68170241015808,30788439506944,34093316177920,17059073228800,4395899027456,2194728288256
0,0,0,0,0,0,267386880,1073479680,55834509312,137186213888,273835876352,545490333696,1095279605760,4290731064320,8536364948480,16507958476288,33000616132096,65978683684608,131949918283520,263886951662464,527767461397376,492583090324352,492581217370560,492581225497024,492581240701376,510173458203104,562675134234848,562941429547232,527764540883168,492717582778592,492853940699360,493113785708768,248420908530912,250551212211936,263611939299296,280379625834464,279278033830336,131943475708352,123147382686144,123149295289216,123149295290240,123149295290112,123152935947776,123152935951872,61587742276608,61587742291968,61602841882624,61602779357184,30846488641536,33870246248448,17592185520128,8796090925056,4397979402240,1082331758592,0,0,0
0,0,0,0,0,0,503316480,2139095040,292055678976,1099275698176,547624845312,1090938339328,4363702435840,8641489387520,16612965212160,33045507796992,66030890153984,61637134399488,131971577560064,123175618747392,246305871895552,246306106772992,246298590580224,246299060340480,246299060346624,246294631169920,246294631185280,263886548890496,272678883943296,279275953685376,280925221356416,255017978626944,248472448926592,246831771419520,246423749656448,105619689308144,123692911689712,140728898421744,140600049402752,139637991408512,131941426791296,123145368372096,52776691303296,61572906485632,61573124595584,61573661490944,61574668155904,61576679780352,61580706299904,61580184092672,30801424809984,33002526605312,33054051532800,17592118935552,8793945538560,4329327034368,0
0,0,0,0,0,8587837440,274877644800,2198821863424,17583656894464,34939618181120,138568588718080,272694033543168,527781939148800,492589497203712,985166646353408,985164498877952,2111063264884480,1970324837037952,3940649674072960,3940649674195840,4222124651151808,8725724279013824,8936830512529856,8998403165651424,8160575309218016,7950568596177120,7889545716564192,7885422579417200,7885422642331760,7898616907694192,7951393717485680,8019839893373040,8153980374876272,8972017030070384,8936831584303344,8725724279078896,8444249301352440,16888498602640376,35465898605152128,71494910372486912,30962788604066816,3941710530902016,1971316974546944,1972279047348224,2114940682862592,989025758281728,500292956979200,553062934511616,279413375631360,70368475742208,17583596109824,8761733283840,8761733283840,3848290697216,0,0,0
0,0,0,0,0,0,0,0,0,0,0,0,0,137436856320,1099511365632,4398046380032,8728315035648,34566836781056,68651697242112,132148493778944,264124248588288,528007978663936,1055773559996416,985269255856128,1970448854212608,1970453149151232,3940777449254912,3940716246200320,4222191223173120,4486037507141632,4499210172774400,4221025142978560,3957966989965312,1974585460275200,1971355660597248,2112093182507008,987292856432640,989285654181888,1002204850812928,526666204180480,558552913604608,272680997675008,131943509377024,65978868400128,33002109730816,15425493467136,7761066590208,4252084469760,4380933226496,1065184395264,532640956416,549751619584,68715282432,17112760320,0,0,0
0,0,0,0,0,0,0,0,0,1099511496704,2199023222784,4383014109184,8366598242304,34213711437824,68234149163008,131971463804928,263897830406144,527780621073408,1055547283479552,985170486238208,1970328624434688,2111064233741824,2181433145691648,2234208693001728,2247402287300096,2039594573364992,2004959927199488,1974585922651904,2113227005101824,985707894015744,492716530074368,492716567806720,528860865099520,248472481562368,254949258706688,140187732549376,139637976729344,131941395334912,61574530205440,61576811908864,30794781302272,32993334803456,15408664967168,7729028591616,7761257684992,3908546314240,4243488473088,2181876875264,1074009997312,1096288305152,549722259456,549487378432,136365211648,4294967296,0,0,0
0,0,0,0,0,0,0,0,0,0,0,268173312,4294836224,17179836416,33824948224,272732516352,541167516672,2181847072256,8718791483136,34969639454592,68229915476864,277107124994496,545388352242112,492613387944160,985194496524512,985196241354992,985178524615672,985162418503672,1055531162795960,1121501860854840,1125625031016504,1055496804958264,989543287225912,493122376171504,493663541264368,496910536280048,545220328423792,280375465082992,277076930199664,246290705285344,123145553969376,123146359275744,61574790250944,61576736409536,61580762947456,30793871146752,30801387355136,30818569351168,15423242362880,16552819933184,8375194583040,4381411835904,2196875509760,549754765312,68715282432,0,0
0,0,0,0,0,0,0,0,0,0,0,0,0,0,0,0,0,0,0,137438953472,17592185520128,140737488322560,562949953417216,2243484757260288,4486247959559680,8849110098517760,17011884423120768,15885984516277184,15868392330232256,7987092982333888,7987092982333664,7987092982333664,8550042935754976,4046443308384480,2076118471409760,2076118471409760,1090956052922464,1090956052922592,545838803714272,545838803714496,264844863341504,125206886613888,133865540683520,137988709289728,139637976735232,70231305239552,4395899058176,1099507494912,137437110272,2147467264,134152192,33292288,0,0,0,0,0
0,0,0,0,0,0,0,0,0,0,0,0,0,0,0,2088960,1073739776,8589933568,68719353344,273200187136,4389456577408,8778913153984,35029753266624,139758235812320,279336082997472,560811059708128,1086377617785056,1016008873607392,2001136932356320,2001141227323616,4252941041008864,3971466064298464,3956072901510080,3956072901511040,4237547878223616,2126485552897536,1072053901868032,561880506628096,280435594883072,70360155275264,17592186011648,1099511496704,34359214080,0,0,0,0,0,0,0,0,0,0,0,0,0,0
0,0,0,0,0,0,0,0,0,0,0,0,0,0,0,0,0,0,137438951424,1099511627520,8796093022144,140600049403872,562331478130936,1125281431552124,2126696006287420,4255350517661724,8510460517154846,8013481261400079,17152484472520711,16009009559502851,32017898859921411,32017898859921411,32580848813342723,32510480069165059,32510480069165059,32369742580809735,33495642487652367,33495642487652382,33495642487652476,17873781280211192,17944150024389088,8936950769648576,2216735700682624,558672166002432,140737488354816,35184372086784,1374389526528,120259084288,120259084288,0,0,0,0,0,0,0,0
0,0,0,0,0,0,0,0,0,0,0,0,0,0,0,0,3072,68719476480,549755813760,2194728353728,8757438317024,34939558953184,281230163575008,562430262378608,2224342087762032,4378285366575160,3956072901509176,7912115738247196,16919314992988188,33807813595627550,31586800107520014,63111980319244302,63111980319244318,63103184226222108,63103184226222136,63103184226222200,63103201406091504,31586800107520480,34964534187786688,17513081336759168,4393708594139008,2247522026290944,554274119744512,140307993718784,35184372056064,4398046248960,549753716736,0,0,0,0,0,0,0,0,0,0
0,0,0,0,0,0,0,0,0,0,0,0,0,0,0,0,0,0,0,0,4294963200,549755812864,2199023255296,17575014436608,140720311632768,562795334599552,2242574223934336,4449843816694656,8459762723193728,7912205932561280,7912205932561280,8475155885982592,4002342584189824,2032017747215232,2172755235570432,1117224072908544,554274119614208,558672233102848,140737488353280,35184371957760,32985214615552,13434657701888,0,0,0,0,0,0,0,0,0,0,0,0,0,0,0
0,0,0,0,0,0,0,0,0,0,0,0,0,0,0,0,0,268402688,17179852800,137438937088,1098442047488,4380874997760,34969627901952,34144990257152,68221260593152,66022237289984,131992934948736,272730423297984,272730423296448,545409306984640,1108359260406208,1108359260406208,2234327886725568,2216735700681152,4187060537656256,4187180796740480,3624230843322240,3624471361494784,4187971070754304,4473775374596096,2250562863620096,1123426007744512,279001092259840,140737488093184,35184369991680,4398029733888,0,0,0,0,0,0,0,0,0,0,0
0,0,0,0,0,0,0,0,0,0,0,0,0,0,0,0,33554400,8589934560,549755813872,4397912293880,8787503087742,34664681046046,138568529870855,272708948459527,1108337785569287,2216630473981959,4468430287667207,8690554938327054,17381094844268558,70298390465871886,63542991024816142,54535791770075164,54535791770075164,54535791770075196,54535806802460728,54254331825750136,63296715452579952,67800315079950448,35149252141252832,17856197684101600,8989735917723584,2251795518979968,281474976710144,70368744169472,26388279066624,0,0,0,0,0,0,0,0,0,0,0,0
0,0,0,0,0,0,0,0,0,0,0,0,0,0,0,0,0,0,0,68585259008,1099507433472,4398045462528,17553665294336,69849061457920,139653010145280,280390497726464,543173776571392,1088531543899648,2141855093366720,2001117605007344,4252918492432380,4002229841297470,4002229841297422,3439279887876110,3439279887876110,7942879515246606,7942879515246622,7942879515246716,7942879515247096,7942879515250656,3971443515752320,4393663498026752,2214431467499520,1123716050124800,281474975662080,70368727400448,8795958804480,0,0,0,0,0,0,0,0,0,0
0,0,0,0,0,0,0,0,0,0,0,0,0,0,0,0,0,0,0,274810798080,2199023190016,17592186036224,70351597861888,279396212670432,1123821142704112,4464137467855864,4283748841423100,8576250826194972,8145242268106780,8127650082062364,8127650082062364,8373940686684188,8373940686684184,8373940686684216,8373940686684216,8373940686684664,4433291012737008,4433351142293440,2216735700942592,562090968348672,281474976694272,70368743915520,1099507433472,0,0,0,0,0,0,0,0,0,0,0,0,0,0
0,0,0,0,0,0,0,0,0,0,0,0,0,0,0,0,0,0,0,274877874176,4398046507008,35184372087808,281466386808320,562872644017920,1099022001508224,2127615129292736,1985778129309680,3971496129069304,8510280128528440,7942932128595996,16950131383336988,15824231476494364,15824231476494364,15824231476494364,15824231476494396,16950131383337080,7942932128596464,4002273864720352,4424555049320384,2243123981843968,562949953413120,140737488289792,4398044413952,0,0,0,0,0,0,0,0,0,0,0,0,0,0
0,0,0,0,0,0,0,0,0,0,0,0,0,0,0,0,0,0,17179836416,1099511626496,35184372088704,140735340904384,280382981279712,560758446359536,1086325004435696,2141856167100536,4252918492430396,8505829468667932,16950078769987612,15824178863144972,15824178863144972,15824178863144972,16950078769987598,7934083422224398,3993433748275214,4428840352874510,1121509376524318,558559423103100,277084446393336,69834020757488,35165044998080,8796093021696,549755805696,34359476224,0,0,0,0,0,0,0,0,0,0,0,0,0
0,0,0,0,0,0,0,0,0,0,0,0,0,0,536834048,4294966272,34359738352,273804230648,2194728292336,8761733284344,70334384439420,280495724167198,560871189250062,1121622119415822,2141968909991942,2032017747214342,4002342584188934,4002342584188934,4002342584188934,7942992258138118,7942992258138118,4002342584188934,4002342584188942,4002342584188942,2032017747214350,2032017747214350,2172755235569678,1051253375238174,1086437747327100,523608052990456,277317448372192,138778983333760,69509751242240,35184372084736,8796092956672,549755289600,0,0,0,0,0,0,0,0,0,0,0
0,0,0,0,545460846592,2196875771904,4277250555904,8254390272000,8248216256512,7698594660352,939524096,469762048,469762048,469762048,469762048,234881024,234881024,234881024,234881024,234881024,234881024,4536139776,15281946624,7782531072,7780433920,4022337536,4018143232,4018143232,2139095040,2130706432,1040187392,1040187392,503316480,234881024,235667456,471597056,473694208,473432064,477102080,120744574976,129333460992,64908951552,32711376896,16605249536,8015314944,4022337536,4286578688,2139095040,1056964608,503316480,503316480,1040187392,1040187392,503316480,0,0,0
0,1879048192,17112760320,34292629504,274307481600,541400760320,1065386770432,962190114816,824751161344,117440512,117899264,118423552,118423552,119406592,62652416,1140326400,3824156672,4091543552,2078277632,1002438656,1069547520,528482304,260052992,125843456,58750976,58781696,50454528,58966016,59211776,59703296,59637760,60555264,32274907136,66634383360,33885257728,8383889408,2079326208,1072693248,535822336,266338304,130023424,25165824,25165824,25165824,25165824,29360128,29360128,8388608,0,0,0,0,0,0,0,0,0
0,0,0,0,0,0,0,0,0,0,0,0,0,0,0,12884901888,66571993088,547608330240,1097364144128,2145336164352,4138200989696,3863323082752,3855806889984,3855806889984,1656783634432,7516192768,7516192768,7532969984,7574913024,832275742720,969840525312,970092183552,489559162880,489492054016,248839667712,248571232256,136365211648,136365211648,67645734912,67645734912,7516192768,7528775680,7545552896,7579107328,832208633856,969706307584,1038425784320,488804188160,523415584768,248504123392,266220863488,128714801152,68451041280,68182605824,33285996544,33285996544,16106127360
0,0,0,0,0,0,0,0,0,0,3758096384,8321499136,34091302912,34091302912,65364033536,61069066240,121198608384,258637561856,241457692672,516335599616,481975861248,138378477568,954204160,970981376,121261522944,129914372096,65481474048,33252442112,16039018496,17045651456,8455716864,4160749568,939524096,939524096,939524096,939524096,940441600,940441600,9531424768,31008227328,31012159488,31020023808,31018975232,16001269760,16034824192,16097738752,8573157376,8556380160,8522825728,4227858432,4160749568,2013265920,939524096,268435456,0,0,0
0,0,0,0,0,0,0,0,4227858432,17146314752,68685922304,133378867200,257932918784,240753049600,481271218176,206393311232,234881024,100663296,117440512,117833728,118423552,119472128,121372672,3883401216,3891265536,2011168768,2143289344,1065353216,520093696,520093696,251658240,117440512,117440512,117440512,117440512,117489664,30182260736,32329809920,16223682560,7633862656,8170733568,3876028416,1997471744,2000551936,2138832896,1072693248,534773760,260046848,117440512,0,0,0,0,0,0,0,0
0,0,0,0,0,0,0,0,0,0,0,0,0,469762048,8556380160,17146314752,7633633280,117440512,117440512,117440512,117440512,117440512,117899264,15150284800,16224026624,8172470272,4148035584,2013003776,1072693248,1069547520,520093696,251658240,117538816,30182440960,32330186752,15150809088,7635599360,8172339200,3883663360,4160225280,2011168768,1069547520,1065353216,528482304,260046848,58720256,125829120,260046848,260046848,117440512,33554432,0,0,0,0,0,0
0,0,0,0,0,0,0,0,0,0,0,0,16642998272,68451041280,137170518016,258637561856,241457692672,69659000832,939524096,939524096,940048384,941359104,477888512,486014976,30565990400,30563893248,30593253376,15560867840,15552479232,7985954816,8522825728,4227858432,4227858432,2013265920,939524096,939524096,939524096,939524096,939524096,939524096,939524096,207097954304,516335599616,258641231872,129796407296,61076406272,65379762176,31035752448,33214693376,16097738752,8556380160,8522825728,4160749568,939524096,939524096,939524096,2013265920
0,0,0,0,0,0,0,0,0,0,0,0,0,16106127360,33822867456,137170518016,268167020544,242397216768,939524096,939524096,939524096,939524096,469762048,469762048,469762048,469762048,469762048,469762048,469762048,469762048,469762048,469762048,471728128,203292672,238944256,238551040,6684672000,15282995200,7782531072,8581545984,4278255616,4261642240,26005143552,64660373504,30301618176,15269101568,15270936576,8035237888,8587837440,4290772992,2130706432,503316480,0,0,0,0,0
0,0,0,0,0,0,0,0,0,2113929216,17163091968,68711088128,66630713344,120288444416,257727397888,240532848640,240532848640,68734156800,14680064,14680064,14680064,14680064,7340032,6291456,6291456,6750208,409960448,476512256,510590976,259915776,133955584,66633728,31514624,6340608,6406144,6406144,6406144,3764502528,3764617216,4033052672,2019786752,947322880,410451968,478019584,511574016,243138560,133955584,133955584,16252928,0,0,0,0,0,0,0,0
0,0,0,0,0,0,0,0,0,0,0,0,0,0,0,0,60129542144,133143986176,135291469824,265214230528,248571232256,484794433536,482915385344,208037478400,2013265920,939524096,939524096,939524096,1006632960,469762048,471334912,473432064,477626368,485490688,13386121216,32744931328,15560867840,8036286464,8573157376,4261412864,2113929216,1006632960,469762048,939524096,18119393280,61069066240,65364951040,31005212672,31006130176,15973744640,15979773952,15988162560,16105078784,8585740288,8573157376,8455716864,3221225472
0,0,0,0,0,0,0,0,32212254720,67645734912,136365211648,124017180672,124017180672,106837311488,4026531840,1879048192,1879048192,1879048192,1879048192,1879048192,1891631104,70613204992,242426576896,259640000512,122263961600,62126030848,66538438656,32178700288,17112760320,17045651456,8321499136,4026531840,1879965696,1881014272,1883111424,1886912512,1894776832,826527449088,963981082624,482978299904,242455937024,242514657280,122255572992,122373013504,122373013504,62209916928,66437775360,34225520640,16911433728,8321499136,4026531840,1610612736,0,0,0,0,0
0,0,0,0,0,0,0,0,33822867456,68182605824,136902082560,261456134144,244276264960,242397216768,242397216768,70598524928,1879048192,1879048192,1880621056,1882980352,1887174656,1895301120,242428674048,242460131328,122263961600,130979725312,66538438656,32145145856,32078036992,16911433728,16911433728,8321499136,4026531840,4026761216,1879277568,1880031232,1881014272,139322064896,482923249664,517307629568,259642097664,130853896192,62126030848,32178700288,34326183936,17112760320,17045651456,8321499136,4026531840,4160749568,939524096,268435456,0,0,0,0,0
0,0,0,0,0,0,0,0,0,0,0,0,0,0,4398046511104,15393162788864,17042430230528,8521215115264,2061584302080,1030794248192,515403415552,240525508608,257713766400,120273764352,60158902272,60192456704,60255371264,30316429312,30568087552,31071404032,17045651456,16911433728,16642998272,16106127360,67645734912,136902082560,261456134144,517275123712,482915385344,963951722496,2062523826176,1925084872704,1925084872704,1925084872704,1925084872704,1926024396800,1926024396800,1928171880448,1932198412288,2094870298624,1097364144128,1095216660480,257698037760,0,0,0,0
0,0,0,0,0,0,0,0,0,51539615744,128849047552,135291527168,33286119424,8053309440,4027023360,2014248960,1008599040,511442944,258998272,132120576,65011712,130023424,264241152,532676608,1035993088,2027945984,4041211904,3772776448,7530872832,16120807424,15047065600,30079451136,30079451136,60144222208,60144222208,120273764352,120273764352,120273764352,120273764352,128863698944,60144222208,64439189504,32226934784,16672358400,8585740288,4290772992,528482304,0,0,0,0,0,0,0,0,0,0
0,0,0,0,0,0,0,0,0,0,1649267703808,1924146266112,2061586268160,1030796083200,515403939840,240533897216,120290541568,128911933440,60246982656,30316429312,32715571200,16039018496,8455716864,8321499136,3758096384,8321499136,16911433728,33151778816,61069066240,129318780928,258167799808,241021485056,481271218176,481153777664,481153777664,481153777664,962190114816,962123005952,962123005952,962123005952,962190114816,962190114816,962190114816,962190114816,962324332544,962575990784,483116711936,549621596160,274341036032,67645734912,0,0,0,0,0,0,0
0,0,0,0,0,0,0,6597069766656,8246337208320,4260607557632,2130303787008,515396104192,270583066624,66572247040,33287012352,8055095296,4034789376,2029518848,1038090240,532676608,260046848,251658240,520093696,1056964608,2071986176,1937768448,3816816640,8111783936,16164847616,32270974976,64483229696,60188262400,120317804544,257727397888,515425435648,481065697280,481065697280,962102034432,962102034432,1924174708736,1924174708736,1924174708736,1924174708736,824696635392,962198503424,962190114816,962307555328,481506099200,517476450304,274743689216,136902082560,66571993088,0,0,0,0,0
0,0,0,0,0,0,0,0,0,0,0,481036337152,515396075520,257698496512,128850001920,64426475520,32220381184,16122380288,8118075392,4156555264,2130706432,2080374784,2013265920,4227858432,17112760320,32682016768,133613748224,129318780928,240987930624,515865837568,481506099200,962542436352,962307555328,962307555328,962307555328,962307555328,962307555328,962307555328,962307555328,962307555328,412551741440,481271218176,481506099200,482042970112,549688705024,274609471488,66571993088,0,0,0,0,0,0,0,0,0,0
0,0,0,0,0,0,0,0,0,0,0,3848290697216,4260607557632,2164664303616,532579876864,128857145344,64457539584,32277266432,16231956480,8573157376,4261412864,2013265920,4160749568,8455716864,16575889408,32715571200,133378867200,266388635648,515513516032,1030909591552,2061701742592,1924195680256,1649326161920,1649326161920,1649326161920,1649326161920,1924204068864,1924204068864,1924174708736,962102034432,962102034432,1030821511168,515425435648,257727397888,133676662784,68711088128,34342961152,3758096384,0,0,0,0,0,0,0,0,0
0,0,962072674304,1065151889408,532575945728,272730426880,68182613504,17045666816,2080438272,503443456,251904000,126320640,59703296,64880640,33292288,33030144,15728640,31457280,31457280,66060288,133169152,510656512,1047527424,2016935936,1882718208,3761766400,8054898688,7518027776,15034220544,15034220544,30065688576,30065688576,30065688576,60130459648,60130000896,60130000896,60130000896,60130000896,60130000896,60130000896,60130000896,30065229824,30065688576,33294254080,17179607040,8588886016,0,0,0,0,0,0,0,0,0,0,0
0,0,0,0,0,0,0,0,0,0,0,0,0,0,0,0,6144,34084860475392,34909494245376,17523466694656,2181843632128,270583955456,67647766528,16919560192,4177002496,1038090240,532676608,260046848,532676608,1038090240,2027945984,3765436416,8060403712,33289666560,66575663104,128850591744,120260919296,240520003584,515397910528,481037254656,481037254656,962073591808,962073591808,824634638336,824634638336,962073591808,962073591808,962073591808,481038172160,532579876864,133160239104,67711795200,17175674880,4286578688,1040187392,0,0
0,0,0,0,0,0,1924145545216,2061584498688,1065152348160,532576927744,128853082112,64432635904,32228507648,16171139072,8183087104,4009754624,2113929216,2080374784,2013265920,4227858432,8556380160,16341008384,32329695232,30123491328,64483229696,60158902272,120288444416,120273764352,120273764352,120266424320,120266424320,120266424320,120262754304,120262754304,120262754304,120262754304,120262754304,120262754304,120262754304,60133212160,60133212160,60145795072,60262711296,60662218752,68702699520,34292629504,16642998272,0,0,0,0,0,0,0,0,0,0
0,0,0,0,4398046511104,16492674416640,8521215119360,4329327048704,1082331887616,266288492544,66574073856,16110190592,8337752064,4059037696,1069547520,528482304,503316480,1056964608,4278190080,8380219392,33344716800,135320829952,266319429632,532590624768,1030799491072,2061591642112,4123172274176,3848294367232,7696583229440,7696583229440,15393164623872,15393163706368,15393163706368,15393163706368,15393163706368,15393163706368,7696582311936,8246338125824,4123170570240,2061588234240,1030800015360,532642004992,274875809792,68711088128,17045651456,0,0,0,0,0,0,0,0,0,0,0,0
0,0,0,0,0,0,15393162788864,16492674416640,8521215115264,4260607557632,1030792151040,532575944704,266288070656,64424624128,32212484096,16107143168,8055095296,3762159616,1886912512,2045771776,1071644672,528482304,251658240,1040187392,4278190080,8438939648,16701718528,66630713344,128878379008,257727397888,515427532800,481051017216,962087354368,2061591642112,4123175944192,3848298037248,3848298037248,3848298037248,3848298037248,3848298037248,3848298037248,4123183284224,1924160028672,962135588864,1030917980160,515647733760,274844352512,137405399040,68585259008,0,0,0,0,0,0,0,0
0,0,0,0,0,0,0,0,0,515396079104,541165886976,270582955008,67645765632,16643059712,4026785792,2013773824,1007616000,505282560,255590400,133693440,66060288,65011712,130023424,532676608,1054867456,4175429632,8336179200,33300676608,32226934784,60144222208,128863698944,257712717824,240532848640,481051017216,481051017216,962087354368,962087354368,962087354368,962085257216,962102034432,962102034432,962135588864,962131394560,962190114816,481287995392,517510004736,274810798080,137304735744,36507222016,0,0,0,0,0,0,0,0
0,0,0,0,0,0,201326592,520093696,2130706432,8556380160,17146314752,33386659840,64525172736,128949682176,257815478272,240635609088,240635609088,240635609088,257815478272,120376524800,60246982656,64541949952,32329695232,16223567872,8438939648,8573157376,2130706432,251658240,50331648,58720256,58720256,58720256,58720256,25165824,29360128,29360128,29360128,29360128,29360128,29360128,29360128,29360128,29360128,29360128,29360128,29360128,29360128,29360128,29360128,29360128,29360128,29360128,29360128,62914560,62914560,29360128,29360128
0,0,0,0,0,0,0,0,0,0,0,0,0,0,201326592,549688705024,1099444518912,2062590935040,4123638366208,3848760459264,7697051156480,16493144178688,15393632550912,30786795339776,32985818595328,15393632550912,7697051156480,8246806970368,4123638366208,2062054064128,1065621651456,549722259456,274861129728,34342961152,469762048,234881024,234881024,234881024,234881024,234881024,234881024,234881024,234881024,234881024,234881024,234881024,234881024,100663296,100663296,234881024,503316480,503316480,503316480,234881024,234881024,67108864,0
0,0,0,0,0,0,0,0,0,0,0,0,0,0,0,549487378432,1099377410048,2198889037824,4124108128256,3849230221312,7697520918528,7697520918528,6598009290752,7697520918528,7697520918528,3849230221312,4124108128256,2131243302912,1083271282688,549621596160,137304735744,17045651456,939524096,939524096,939524096,939524096,939524096,939524096,939524096,402653184,402653184,402653184,402653184,402653184,402653184,402653184,402653184,402653184,402653184,402653184,402653184,402653184,469762048,469762048,0,0,0
0,0,17146314752,68685922304,137405399040,257932918784,515513516032,1030909591552,962190114816,962190114816,962190114816,481153777664,481153777664,515513516032,240635609088,120376524800,133261426688,67763175424,16760438784,8573157376,2130706432,520093696,251658240,50331648,50331648,50331648,50331648,50331648,50331648,50331648,50331648,50331648,50331648,50331648,50331648,50331648,50331648,50331648,50331648,50331648,50331648,50331648,50331648,50331648,50331648,58720256,58720256,16777216,0,0,0,0,0,0,0,0,0
0,0,0,0,0,0,0,0,0,0,0,117440512,1056964608,4278190080,8438939648,16223567872,15149826048,30182211584,30182211584,30182211584,30115102720,25828524032,25828524032,25828524032,25828524032,30123491328,32270974976,16701718528,8581545984,2139095040,1065353216,25165824,29360128,29360128,29360128,29360128,29360128,29360128,29360128,29360128,29360128,12582912,14680064,14680064,14680064,14680064,14680064,14680064,14680064,14680064,14680064,7340032,7340032,15728640,15728640,7340032,7340032
0,0,0,0,0,0,0,0,0,0,268435456,4160749568,17045651456,34225520640,30467424256,30467424256,60532195328,60599304192,60599304192,60599304192,60599304192,60599304192,60599304192,26239565824,30534533120,32682016768,17112760320,8522825728,4227858432,1006632960,469762048,234881024,234881024,234881024,234881024,234881024,234881024,234881024,234881024,234881024,100663296,100663296,100663296,117440512,117440512,117440512,117440512,117440512,117440512,117440512,117440512,117440512,251658240,117440512,0,0,0
0,0,0,0,0,0,0,0,0,0,0,0,0,402653184,939524096,8455716864,17045651456,34225520640,65364033536,61069066240,61069066240,121198608384,121198608384,258637561856,241457692672,241457692672,241457692672,121198608384,129788542976,65364033536,34292629504,17112760320,4227858432,469762048,469762048,469762048,469762048,469762048,469762048,469762048,469762048,469762048,469762048,469762048,201326592,201326592,201326592,201326592,201326592,201326592,201326592,201326592,201326592,469762048,469762048,469762048,503316480
0,0,0,0,0,0,0,0,0,4160749568,17112760320,16575889408,15502147584,30534533120,30534533120,30299652096,30299652096,30299652096,30299652096,30299652096,13119782912,13119782912,15267266560,15267266560,8556380160,8573157376,2130706432,251658240,117440512,117440512,117440512,117440512,117440512,117440512,117440512,117440512,117440512,117440512,117440512,117440512,117440512,117440512,117440512,117440512,117440512,117440512,117440512,58720256,58720256,58720256,58720256,58720256,50331648,0,0,0,0
0,0,0,402653184,17045651456,34225520640,34225520640,60532195328,60532195328,129251672064,120661737472,120728846336,103548977152,240987930624,240987930624,258167799808,120728846336,129318780928,64894271488,32682016768,17112760320,8522825728,2080374784,201326592,234881024,234881024,234881024,234881024,234881024,234881024,234881024,100663296,117440512,117440512,117440512,117440512,117440512,117440512,117440512,117440512,117440512,117440512,117440512,117440512,117440512,117440512,117440512,117440512,50331648,0,0,0,0,0,0,0,0
0,0,0,0,0,0,0,0,0,0,4227858432,8522825728,17112760320,32447135744,64659390464,129083899904,120493965312,240753049600,240753049600,257932918784,120493965312,120493965312,120493965312,128949682176,64525172736,32312918016,33403437056,8573157376,4278190080,1056964608,117440512,117440512,117440512,50331648,50331648,50331648,50331648,50331648,58720256,58720256,58720256,58720256,58720256,58720256,58720256,58720256,58720256,58720256,58720256,58720256,58720256,58720256,29360128,29360128,25165824,0,0
0,0,0,0,0,0,0,0,0,0,0,0,67645734912,136902082560,549487378432,1067030937600,2063463350272,4125047652352,8248216256512,7698460442624,7698460442624,7698460442624,3850169745408,4125047652352,1926024396800,1032671199232,1099243192320,549487378432,137170518016,1879048192,1879048192,1879048192,1879048192,1879048192,1879048192,939524096,939524096,939524096,939524096,939524096,939524096,939524096,939524096,939524096,939524096,939524096,939524096,402653184,402653184,469762048,469762048,469762048,469762048,469762048,469762048,469762048,1006632960
0,0,0,0,0,0,0,0,0,0,0,0,0,0,2097152000,8581545984,17171480576,67704455168,133202706432,541224599552,515446407168,962123005952,962190114816,962190114816,481153777664,481153777664,240635609088,257815478272,129083899904,67880615936,34326183936,8556380160,1040187392,234881024,234881024,234881024,234881024,201326592,201326592,469762048,469762048,469762048,469762048,469762048,469762048,469762048,469762048,469762048,469762048,469762048,469762048,469762048,469762048,469762048,469762048,134217728,0
0,0,0,0,0,0,0,0,0,0,0,0,0,0,0,0,0,0,0,0,16888498602639360,18010000462970880,18014398509477936,16325548649218040,15763698207424504,6755399441056696,7881299347898424,7881299347898416,7881299347898480,7881299347898480,3940649673949296,3940649673949296,1970324836974704,2181431069509600,1108307720806368,280375465213824,70300025747456,17592186036224,1099511562240,137437904896,0,0,0,0,0,0,0,0,0,0,0,0,0,0,0,0,0
0,0,0,0,0,0,0,0,0,0,0,0,0,0,0,0,0,0,0,0,0,0,1024,7680,17179868672,8796093021952,140737488355072,1125831187429120,2234207627698176,2111062325452800,1970324837220352,1970324837990400,2111062327361536,1055531166597120,527765589196800,277076945928192,140600114413568,35184363700224,4398029733888,137405399040,0,0,0,0,0,0,0,0,0,0,0,0,0,0,0,0,0
0,0,0,0,0,0,0,0,0,0,0,0,0,0,0,0,0,0,0,0,0,16,8936830510563384,9006649498927160,9007199254740984,7916483719987192,7881574225805304,8444249301319736,3940649673949240,1970324836974712,985162418487792,1055531162665952,558551906914176,281337537789696,70367670959616,4398046507008,137438920704,1073217536,0,0,0,0,0,0,0,0,0,0,0,0,0,0,0,0,0,0,0
0,0,0,0,0,0,0,0,0,0,0,0,0,0,0,0,0,0,0,0,1,3,7,33554431,549755813887,2251799813685247,2251799746576399,2250700302057534,1970324836975100,1970324836978680,985162418520000,985162418617856,492581209501696,554153862479872,281337554468864,70368743915520,8796090925056,137405399040,0,0,0,0,0,0,0,0,0,0,0,0,0,0,0,0,0,0,0
0,0,0,0,0,0,0,0,0,0,0,0,0,0,0,0,0,0,0,0,0,0,14,9007061815788542,9007199254740990,9007199254740988,7881368067375100,7881299347898488,7881299347898864,7881299347900384,7881299347906432,8444249301351936,4222124650919936,2111062327418880,1055531229741056,527903020023808,281474974613504,140737219919872,35046933135360,0,0,0,0,0,0,0,0,0,0,0,0,0,0,0,0,0,0
0,0,0,0,0,0,0,0,0,0,0,0,0,0,0,0,0,0,0,0,0,0,0,4503599627370488,9007199254740988,9007199254740984,7881299347898480,7881299347898480,7881299347898592,7881299347898592,7881299347898816,7881299347899264,7881299347902208,8444249301327616,3940649673964544,4222124650723328,2111062325587968,1055531163172864,545357769408512,277076938457088,69269366243328,17592184995840,4398042316800,1099377410048,0,0,0,0,0,0,0,0,0,0,0,0,0
0,0,0,0,0,0,0,0,0,0,0,0,0,0,0,0,0,0,0,0,8,28,28,18014396361998392,18014398509481980,18014398509481980,15762599769538544,15762598695796848,15762598695796848,7881299347898480,7881299347898864,7881299347899360,7881299347902400,7881299347930880,7881299348028416,4362862141108224,4494803802767360,1125899906711552,140737484161024,2198486384640,0,0,0,0,0,0,0,0,0,0,0,0,0,0,0,0,0
0,0,0,0,0,0,0,0,0,0,0,0,0,0,0,0,0,0,0,0,0,0,0,4501400604114974,4503599627370495,4503599627370494,3378799232155612,3377699720527932,7881299347898620,3377699720528368,3940649673951168,3940649673953152,3940649673981696,1970324839070720,2216615575810048,1123701957296128,281474974613504,35184237871104,2196875771904,0,0,0,0,0,0,0,0,0,0,0,0,0,0,0,0,0,0
0,0,0,0,0,0,0,0,0,0,0,0,0,0,0,0,0,0,0,0,0,0,0,15762598695796748,36028797018963966,18014398509481982,9007199254740984,7881299347898608,3940649673949664,4222124650660800,1970324836976512,985162418491136,1055531162672640,545357767384064,272678883702784,68169721444352,34634633048064,8796092989440,2199022731264,549739036672,0,0,0,0,0,0,0,0,0,0,0,0,0,0,0,0,0
0,0,0,0,0,0,0,0,0,0,0,0,0,0,0,0,0,0,0,0,0,14,14,126,8866461766516732,9007199254740984,9007199254740984,8022036836122848,7881299347898816,7881299347899264,7881299347902336,7881299347914496,7881299347962880,8444249301448704,3940649674465280,1970324841136128,2111062341976064,1090716071100416,562949949227008,140737471578112,35183298347008,0,0,0,0,0,0,0,0,0,0,0,0,0,0,0,0
0,0,0,0,0,0,0,0,0,0,0,0,0,0,0,0,0,4,14,14,14,14,62,2251799813685246,2251799813685246,2251799813685246,1970324836974598,985162418487302,985162418487302,985162418487310,985162418487310,492581209243662,492581209243708,492581209244152,263882790668272,279275953463232,70093866794752,17590105667584,4398046502912,137437904896,0,0,0,0,0,0,0,0,0,0,0,0,0,0,0,0,0
0,0,0,0,0,0,0,0,0,0,0,0,0,0,0,0,0,0,0,0,0,0,0,0,9007164896051136,9007199254740960,3949445766971360,3940684031590848,3940649673950144,3940649673950080,3940649673951104,3940649673953024,3940649673965056,3940649673980928,2111062325391360,2216615441719296,554153893937152,280375733485568,70368743129088,17592152489984,549218942976,0,0,0,0,0,0,0,0,0,0,0,0,0,0,0,0
0,0,0,0,0,0,0,0,0,0,0,0,0,0,0,0,0,0,558345747968,562949953421184,1125899906842560,1124800395215840,985162418487520,985162418487744,985162418487744,985162418487744,985162418487744,985162418487744,985162418488256,985162418488192,985162418488192,985162418488192,985162418488192,985162418488192,985162418488192,985162418488192,1123700883587968,562881233945472,281406257234816,918400,1048448,1048320,245760,0,0,0,0,0,0,0,0,0,0,0,0,0,0
0,0,0,0,0,0,0,0,0,0,0,0,0,0,0,0,0,281337537757184,281474976708608,281474976709632,492581209766912,492581209250816,1055531162668544,985162418490880,985162418490880,1970324836978176,1970324836978176,3940649673952768,3940649673952768,3940649673952768,3940649673950720,3940649673950720,3940649673950720,3940649673950720,3940649673950720,3940649673950720,3940649673950720,3940649673950720,3940649673950720,3940649673950720,3940649673950720,3940649673950720,3940649680244224,4503324757851648,4503324757851648,8386560,0,0,0,0,0,0,0,0,0,0,0
0,0,0,0,0,0,0,0,0,0,0,0,0,0,0,1099494850560,4503599627369984,4503599627370494,3377699721576446,3377699720528894,3377699720527886,3377699720527886,3377699720527886,3377699720527886,3377699720527886,3377699720527886,3377699720527886,3377699720527886,3377699720527886,3377699720527886,3377699720527886,3377699720527886,3377699720527886,3377699720527884,3377699720527884,3377699720527884,3377699720527884,3377699720527900,3377699720527900,3377699720527928,3377699720527992,3377699720527984,3377699720528864,4503530908155872,4503565268156352,4503565268155392,0,0,0,0,0,0,0,0,0,0,0
0,0,0,0,0,0,0,0,0,0,0,0,0,0,0,272678883688448,281474708275200,562949949227008,493130965024768,492581276352508,492581217632252,492581209276412,492581209243676,492581209243704,492581209243704,492581209243704,492581209243696,492581209243760,492581209243760,492581209243760,422212465066224,985162418487520,985162418487520,985162418487520,985162418487520,985162418487520,985162418487520,985162418487520,985162418487520,985162418487520,985162418487520,985162418487520,985162418487520,985162418487520,985162418487776,562915593683392,562932773553088,562915593715584,32640,16256,0,0,0,0,0,0,0
0,0,0,0,0,0,0,0,0,0,0,0,0,0,4503599627370368,9007199254740864,9007199254740928,7881299347898816,7881299347898816,7881299347898816,7881299347898816,7881299347898816,7881299347898816,7881299347898816,7881299347898816,7881299347898816,7881299347898816,7881299347898816,15762598695797184,15762598695797184,15762598695797184,6755399441056192,15762598695797184,15762598695797184,15762598695797184,15762598695797184,15762598695797184,18014123631575488,9006924378923456,4194240,2097088,8128,0,0,0,0,0,0,0,0,0,0,0,0,0,0,0
0,0,0,0,0,0,0,0,0,0,0,0,0,0,0,0,18014398509219840,18014398509481952,18014398509481952,15762598695927776,15762598695796960,15762598695796960,15762598695796960,15762598695796960,15762598695796960,15762598695796960,15762598695796960,15762598695796960,15762598695796960,15762598695796960,6755399441055968,6755399441055968,6755399441055968,7881299347898592,7881299347898592,7881299465339104,9006649767100640,4503050139959520,2250700318832864,262112,16352,2016,0,0,0,0,0,0,0,0,0,0,0,0,0,0,0
0,0,0,0,0,0,0,0,0,0,0,0,0,0,0,0,4503599626846208,9007199254734336,9007199254740976,7881299348422640,7881299347898864,7881299347898480,7881299347898480,7881299347898480,7881299347898480,7881299347898480,7881299347898480,7881299347898480,15762598695796848,15762598695796848,15762598695796848,15762598695796848,15762598695796848,15762598695796848,15762598695796848,15762598695796848,15762598695796960,15762598695796960,15764522848485600,15832830009409504,18014261078917088,18013299002048448,8725724278030336,0,0,0,0,0,0,0,0,0,0,0,0,0,0
0,0,0,0,0,0,0,0,0,0,0,0,0,0,2198889037824,140737488093184,4503595332403168,4499201597636592,8162774324805616,7881299347898480,7881299347898592,7881299347898592,7881299347898592,7881299347898592,7881299347898560,7881299347898816,7881299347898816,3940649673949632,3940649673949632,3940649673949632,3940649673949632,3940649673949632,7881299347898816,7881299347898816,16888498602639808,15762598695797184,15762598695797184,15762598695797184,15762598695797184,15762598695797184,17996806323453888,18012199512440768,9006099776667520,16492707954688,3298564243456,0,0,0,0,0,0,0,0,0,0,0,0
0,0,0,0,0,0,0,0,0,0,0,0,0,0,0,0,1125899839733760,2251799813685232,2119858418352120,1970324971192312,1970324836974704,2111062325330032,985162418487536,985162418487520,985162418487520,985162418487520,985162418487744,985162418487744,985162418487744,985162418487744,985162418487744,985162418487776,985162418487520,985162418487520,985162418487520,985162418487520,985162418487520,985162418487520,1055462443188448,1125865547104480,1125865547235552,1090715535276256,422212465590240,262080,3968,0,0,0,0,0,0,0,0,0,0,0,0
0,0,0,0,0,0,0,0,0,0,0,0,0,0,0,0,0,1125625028935680,2251798739943424,9007199254740736,17451723433967488,33776998279020480,31525197391593968,31525197391593724,31525197391593532,31525197391593532,31525197391593528,31525197391593584,31525197391593584,31525197391593584,31525197391593696,13510798882111712,13510798882111712,13510798882111968,13510798882111936,13510798882111936,13510798882111936,35747322042253760,17996806323470272,4501400738332608,70231573659520,17454880292864,1924145348608,0,0,0,0,0,0,0,0,0,0,0,0,0,0
0,0,0,0,0,0,0,0,0,0,0,0,0,0,0,18014398509481856,36028797018963904,36028797018963904,31525197391593920,67553994410557920,63050394783187168,63050394783187168,63050394783187168,63050394783187168,63050394783187040,63050394783187056,63050394783187056,63050394783187056,63050394783187056,63050394783187056,63050394783187056,63050394783187056,63050394783187056,63050394783187056,63050394783187056,63050394783187056,63050394783187056,63050394783187056,31525197391593584,31525197391593584,31525197391593584,31525197391855600,31525197392117744,31525197392113664,18012199486226432,18012199486226432,18010000462970880,0,0,0,0,0,0,0,0,0,0
0,0,0,0,0,0,0,0,0,0,0,0,0,0,9007199254740864,9007199254740991,9007199254740991,7881299347898495,7881299347898375,7881299347898375,7881299347898374,7881299347898374,7881299347898382,7881299347898382,7881299347898382,7881299347898382,7881299347898382,7881299347898382,7881299347898382,7881299347898382,7881299347898382,7881299347898382,7881299347898382,7881299347898382,7881299347898396,7881299347898396,7881299347898396,7881299347898396,7881299347898396,8725724278030364,4433230883323932,2251250058362940,562675076038648,140462610710520,32752,0,0,0,0,0,0,0,0,0,0,0,0
0,0,0,0,0,0,0,0,0,0,0,7516192768,34225520640,68652425216,52837728116736,123274386464768,123282590523392,123282724544512,123282724544512,132070504513536,61701559140352,66099610091520,34205153034240,17308734849024,4393818390528,2196941832192,1097488924672,488673640448,420071604224,420340039680,416546291712,416546553856,416479444992,26802611228160,35152027713024,35152027713024,8729387730944,413257302016,413257302016,413257302016,413257302016,481976778752,481976778752,481976254464,4364626690048,17558766223360,16613873942528,15514362380288,30847396708352,30846866128896,8827717648384,34357755904,17175789568,8581660672,114688,114688,32768
0,0,0,0,0,0,0,0,0,0,0,939524096,8522825728,17146314752,33520877568,64541949952,60649635840,122389790720,35313212734464,123419970534912,123418095664640,62118141369856,62105256524800,31026858555392,33500812009472,17008338894848,8779449892864,4381906305024,1092938629120,1064887123968,995899211776,978182471680,994286764032,212134879035392,562844728557568,281421306388480,70307557666816,969597251584,969592537088,969596207104,969596207104,969603547136,969620324352,969618227200,969647587328,978237521920,978296242176,2077954670592,17540107468800,35167140839424,31310181040128,61847262461952,61846457155584,123278447214592,123145303228416,105553117184000,1966080
0,0,0,0,0,0,0,0,0,0,31457280,70385923785088,246359323967936,246358251340224,246419468780416,264003183903616,123386894091136,61838924432256,66245443438336,66107067043584,30918941019648,15654634896384,17561616120832,17527287836672,4264491606016,965948325888,966065766400,966334201856,1928373321728,1125835348230640,2251735255089136,1125835348246512,1928306228736,1928171995136,1928171995136,1927903559680,1927903559680,963683516416,963951951872,963951951872,483050061824,8728313528320,17558766288896,17558766813184,15909029642240,33226337779712,31053085376512,31060335230976,61710089707520,131949984348160,123146373986304,123145302315008,123145302310912,105553116266496,0,0,0
0,4286578688,17178820608,16172711936,30072635392,30068703232,60250917888,60666158080,62276766720,140806089346560,492649399979520,545425417182720,277212223520256,70364453271552,35180085506048,4393768304640,1060889362432,977168433152,1940310654976,1932450529280,1928138784768,1926259736584,3850371534844,3850371334140,3850304225248,3850304221184,69820867641344,140463415984128,70094806024192,3849230680064,3849230680064,3849230680064,1925085855744,1925086904320,1925089034240,1925093253120,4124123979776,8659121762304,17455279796224,34016661092352,31851997575168,31303802043392,62122339867648,61846992198656,61845381585920,26388279073792,26388279073792,26388279073792,26388279073792,26388279081984,30786325609472,26388279081984,7168,6144,0,0,0
0,0,0,0,0,0,8455716864,17112760320,34342961152,6755429770067968,7881359542452224,7881428228374528,8444370574381056,4222399502366720,2111337202202624,1056079978445824,528023312407552,264398202502144,132456824043520,68702363971584,35175916339200,17583851896832,4393994551296,1956831035392,1940188037120,1941194670080,3856615866368,3856615866368,3856347496192,8250103693184,2251253824356096,9006653258858496,9002255212347392,2255649985265664,3850171580416,3850171580416,1651148324864,1651148324864,8523095998464,17318251790336,34910442029056,138264534286336,273641910796288,546320811261952,1056562923814912,2111545433767936,4222642185945088,8444524162506752,7881436719800320,6755468026372096,17179926528,28672,28672,12288,0,0,0
0,0,0,0,0,0,0,0,0,64424509440,137170518016,274810798080,523952455680,515362521088,1097884336128,1091442016256,6757581787987968,15764729234685952,15766859538464768,31529320795308032,31533444232347648,31532895030444032,15779093501902848,16904993275576320,8760775371784192,4503534732574720,1122540233687040,61829300617216,61845410938880,123280623140864,123209741500416,123209743073280,123209743532032,2093500212444672,4486071872650752,4494867965213696,272743314489344,123278452588544,123278452588544,123280600072192,61707948916736,61587689832448,61587698221056,61587714998272,66000795467776,136369573593088,138568590622720,279306136125440,261713949851648,535492462608384,500857846333440,496460034703360,494703393079296,493665554382848,493680586768384,492855550394368,492648855093248
0,0,0,0,0,0,0,0,0,0,0,0,0,25769803776,135292256256,136902868992,128581369856,13318560153600,33106615336960,15513893470208,8375171284992,8383761219584,4260592615424,2194983878656,1097497837568,272863592448,127907397632,128041615360,107079532544,107314413568,107314413568,105163292160,105096674816,104022932480,34738637045760,1125866488463360,2251766395305984,1970857884516352,563070683185152,120729763840,120729763840,120729763840,52010287104,60600221696,60600090624,60601139200,541637476352,1095690485760,2195206373376,4154256228352,3878840139776,7729326555136,16525151027200,15427505864704,15427455541248,30803371286528,13207024492544
0,0,0,0,0,0,0,62914560,267386880,536608768,2117992448,4161667072,8054046720,16106586112,15410074419200,33019675213824,33019692023808,16527032287232,8280696652160,4397492831104,2197129496448,1086745186048,120318836224,120319900672,120288440320,240551313408,8761765904384,17557857878016,17557857820672,515425493024,481065754736,481065761776,481099317216,481095090048,240576917504,240576917504,240576917504,257723232256,532601139200,1090946887680,1026522378240,1954235314176,4138226184192,3864455602176,8254449115136,7700658503680,16494805643264,15394236528640,13194676303872,13194172839936,13194139540480,7168,6144,0,0,0,0
0,0,0,1879048192,17045651456,68652367872,135794786304,257932918784,515647733760,1030917980416,970591306624,565148972484480,1974722881916672,1974705837579776,1697371142257664,1986817544417280,2232008637931520,1125625096011776,562915656335360,70351683584000,33256184348672,30853401804800,30802902384640,30794781687808,32993804943360,15401484681216,15396921278464,4229824990609408,4502503874362880,4503053630701056,562678834134528,1927903903744,2065342857216,965831229440,484794892288,484795351040,244277248000,4384625784832,35170952412672,140526499954176,277140821511680,123177249801984,123179400955648,123162481133312,123153888052992,35188658668416,896,768,0,0,0,0,0,0,0,0,0
0,0,0,0,0,0,0,50331648,528494592,4290787328,17142134784,16657692672,7710001077248,7710538996736,7711612738560,3865218386944,3864966208512,4189773634560,2194790971392,2197003466752,1098556366848,274593726464,549723275264,513182466048,482043428864,546320847142912,562916063961088,281441087258560,17523936853984,481506559936,481506557952,481506557952,481506557952,249578323968,271053160448,135761690624,273200701440,2197346054144,4396369278976,4131155033088,3856813989376,7700743065088,16494704332288,15394236272128,13194675883520,234884608,3584,3584,3584,3072,0,0,0,0,0,0,0
0,0,0,0,0,0,0,0,0,0,545460846592,2198486384640,4397912293376,8250565066752,16493731381248,32985608880128,30790545047552,61710081736704,62122390249472,63763336257536,4538715413266432,15797508256153600,15779091435470848,7896692777517056,7914285233537024,3974735549300736,4291947807899648,2181164247810048,1118073406357504,545854913511424,264413222797312,246546158845952,246425899761664,246423752540160,246423750443008,211235083386880,211226493452288,13722025375809728,35958548535967712,35958479816490976,1090775666130944,246350735998976,246350735998976,246350735998976,123205433688064,132001528545280,61632784367616,30846458789888,33015417274368,15423235817472,16522755948544,34664713543680,70123994083328,134033304481792,124209363709952,246840293355520,246565214105600
0,0,0,0,0,0,0,0,0,0,0,0,0,0,17146314752,68711088128,137434759936,266352985856,515411805952,1039373176320,845421357829632,2112093116960256,986120229228032,986244766768128,493612068502528,528847980197888,274869435490304,140733428727808,140630617980928,8277408841728,7712553533440,7713492946688,7713493090176,7713224654592,8744016801792,70350490681344,1125881653346304,1124815427715072,429916562767872,7704097701888,7704097701888,3306051190784,3855807004672,3852048908288,3852049285120,3852049285120,3849902325760,1926026461184,70095749496832,140601944817664,124178006073344,246824118050816,492851783852032,1055599848615936,2111130977726464,2111088095162368,2181431069536256
0,0,0,0,0,0,0,0,0,0,0,8192,61572709904384,136339504820224,277076993175552,560751060318208,507974502184960,1070924589938688,1000555845761024,991759752706048,1978021917957120,1978021917957120,1978022387719168,1978023461460992,3948348164673024,3948350297476608,3944501738343936,3944506033309440,3379631397537536,7883238542148480,7882276461085568,7882291493470656,7882360208753088,7881840517710272,7881840517709952,7881557047508992,6755657139093504,15762701775011840,15762598695796736,33776997205278720,13510798882111488,0,0,0,0,0,0,0,0,0,0,0,0,0,0,0,0
0,0,0,0,0,0,0,0,0,0,0,0,7696581394432,16492674416640,17044309278720,34642938167296,34651528626176,63513708920832,63528742387712,125101393543168,125131460411392,248276762329088,247177250717696,493605297963008,493596708028416,986246636748800,986246644031488,985696888217600,1970859306704896,1970859306704896,1970859306704896,1970841053061120,3941165887942656,3941166038937600,3941166038937600,3377941207609344,7881540830785536,7881540864339968,7881540864339968,7881540864339968,7881540923060224,7881403484090368,7881300404875264,7881299851229184,7881299851229184,6755399910832128,134232064,14336,6144,0,0,0,0,0,0,0,0
0,0,0,0,0,0,0,0,0,0,0,0,0,0,0,26388279066624,65970697666560,136346958036992,138554571227136,261717592113152,261717594210304,508003903995904,508036384686080,1063289760907264,992921016270848,992980214677504,1978142632116224,1978142631886848,1978262905651200,3944189159243776,3944739011411968,3944979529580544,3944979521191936,7885629195083776,7883361435574272,7883361435574272,15764660414345216,15763423329546240,4503599627401216,14336,15360,7168,0,0,0,0,0,0,0,0,0,0,0,0,0,0,0
0,0,0,0,0,0,0,0,0,0,0,0,0,0,0,0,549755813888,1924145348608,4123168604160,8660264681472,8524975046656,16221825007616,16363561025536,31756723814400,66941230186496,62550703538176,124123354693632,264860842819584,247283689160704,528758673211392,493573831360512,1056553849438208,986185103163392,1971347538427904,1971407667970048,3941732504887296,3941732534247424,7882365028327424,7882364759899136,7882330391739392,1031043840000,962324363264,962173351936,412316864512,0,0,0,0,0,0,0,0,0,0,0,0,0
0,0,0,0,0,0,0,0,0,0,0,0,0,0,1835008,4063232,4063232,35184380346368,123145310109696,131943013744640,131945168568320,272682925129728,272687220097024,554170784530432,554170801307648,1086351609020416,1015980717301760,1016014137516032,2001172261007360,2001172261007360,4253032200040448,3956164094081024,3956163624320000,3956163624311808,7896933557345280,7896933557341696,7896933288906240,7888377714050816,7888377714050816,7889477091459968,7889477091459968,7889958060687808,7889958060687808,4260624335296,4260607557856,4123168604384,4123168604272,4123168604256,1924145348608,549755813888,0,0,0,0,0,0,0
0,0,0,0,0,0,0,0,0,0,0,0,0,0,0,0,4398046511104,15393162788864,15393162788864,34085934202880,34088618557440,69272990875648,69277554556928,130850206236672,130858796171264,254003025657856,254003159875584,249620147585024,496460508020736,496460508020736,989071312273408,989071315943424,989071315886080,1974293863915520,1972094840659968,1972369483685888,1972489742770176,3942814579716096,3942814587056128,3942780109879296,3942780109862912,3942780109862912,7883429716696064,7882261485591552,7882261485587456,15763560799928320,15763560799928320,15763560799928320,15763560783151104,31526159470559232,31526159464267776,31525197391593472,31525197391593472,0,0,0,0
0,0,0,0,0,0,0,0,0,0,12288,30786325606400,65970697728000,138538465161216,138538465226752,261683767539712,261691283732480,261691820718080,507991015536640,500311882414080,1063259688351744,992890944174080,992920069879808,992920069879808,1974294327203840,1974294328122368,1974293858360320,3944738954419200,3944738954419200,3944738956254208,7883464484851200,7883429890231808,7883429893901824,15764729241800448,15764729241798400,15763629730170624,15763629737509760,13511829806384000,31526228315865536,31525678560051648,31525197523714528,31525197523714272,9007199317655776,62914672,62914800,29360368,29360240,29360128,0,0,0,0,0,0,0,0,0
0,0,0,0,0,0,0,0,0,0,0,0,0,0,0,0,0,3758292992,30790352338944,65979019657216,65979019673600,136356488003584,136355414786048,136355414728704,261714772680704,261714236731392,508004908429312,508034973200384,508034973186048,1070984926607360,1000607359449088,1000676078918656,1985838497405952,1985838363188224,1985838383631872,3956163220606464,3947487386666752,3948586839574272,7889236513523456,7889477030642560,15770776378540928,15770707625509312,15766859332714944,31529458011734496,31529320560197856,13514647172808816,1099511627888,32,0,0,0,0,0,0,0,0,0
0,0,0,0,0,0,0,0,0,211106232532992,1090715534753792,1108307821461504,2102266483965952,2031898008223744,3971436520079360,3971436520636416,3971436998787072,3956043837063168,7896694450405376,7896694450405376,7896694450151424,7888999749836800,7888999749836800,6763099842994176,15766454535745536,15766454535745536,15766454535221248,15766454535206912,15764537906051072,15764537906051072,15764537906052096,15764552938429440,13511791052069888,31526189544774656,31526189544770560,31525738573204992,31525738564816384,31525738564816384,31525455096973056,9007456952780672,240518169472,103079215104,0,0,0,0,0,0,0,0,0,0,0,0,0,0,0
0,0,0,0,0,0,0,0,0,0,0,0,0,0,100663296,3298786541568,16493195296768,34635138334720,69820047360000,126994652004352,248216884805632,248216750587904,494507354980352,494509234028544,986128374267904,986128374267904,1971290255753216,1971294483628032,1971294483628032,3941138291605504,3941145807740928,3941145807740928,3941145805643776,7881554961424384,7881569993781248,7881569993781248,7881432554827776,7881432521259008,7881432517064704,7881363772414976,7881363772414976,6755429505829888,25769803776,0,0,0,0,0,0,0,0,0,0,0,0,0,0
0,0,0,0,0,0,0,0,0,0,0,0,0,0,0,2199023255552,7699802619904,16500995915776,16509585899520,16508646449152,34115864879104,34115328008192,69299767341056,69329832112128,135300529778688,126504436985856,126564566528000,250259389757440,250259390216192,496549994838016,496670253922304,989251463157760,989251345718272,1974413765123072,1974654283291648,1974654283291648,3944979063376896,3942780040121856,7883360994594304,7883360994594304,7883360965234176,6757461057867520,1924177856256,549788321536,15729408,14680064,14680064,6291456,0,0,0,0,0,0,0,0,0
0,0,0,0,0,0,0,0,0,0,0,0,0,0,13194139533312,15393162788864,32985348833280,69269635661824,69270240198656,69270240198656,126445919649792,126997822816256,250142856429568,250142892023808,250146650120192,531621631025152,494513113063424,1057470582648832,987101845811200,987101845811200,1972279296684032,1972279311364096,1971317238675456,3941672140421120,3941672140421120,3941740855703552,7881832049686528,7881832049679360,15763114209319936,15762839331409408,31525266228514304,67553994410557440,63050394783186944,63050394783186944,0,0,0,0,0,0,0,0,0,0,0,0,0
