0,1,2,3,4,5,6,7,8,9,10,11,12,13,14,15,16,17,18,19,20,21,22,23,24,25,26,27,28,29,30,31,32,33,34,35,36,37,38,39
0,0,0,0,0,0,0,0,66060288,133693440,236453888,202113024,202113024,202113024,202113024,202113024,202113024,101449728,101449728,101449728,58195968,66060288,29360128,12582912,8589410304,4294934528,13074432,12582912,12582912,12582912,12582912,12582912,12582912,29360128,29360128,29360128,29360128,12582912,8388608,0
0,0,0,0,0,0,0,0,32505856,66584576,119275520,101449728,101449728,101449728,101449728,101449728,101449728,101449728,51118080,51118080,51904512,54001664,32514048,16769024,536862720,534773760,6291456,6291456,6291456,6291456,6291456,6291456,6291456,14680064,14680064,14680064,14680064,14680064,14680064,14680064
0,0,0,0,0,0,0,0,3932160,16711680,29589504,58818560,50429952,50429952,50429952,50528256,50528256,25624576,33423360,16515072,1073739776,1073739776,6291456,6291456,6291456,6291456,6291456,6291456,6291456,6291456,6291456,6291456,6291456,3145728,3145728,3145728,3145728,3145728,0,0
0,0,0,0,0,0,0,0,0,4128768,16711680,12681216,29458432,25264128,25264128,25264128,25264128,25362432,25624576,31326208,16252928,242221056,268434432,67107840,6291456,6291456,6291456,12582912,12582912,12582912,12582912,12582912,12582912,12582912,12582912,12582912,12582912,12582912,6291456,0
0,0,0,0,0,0,0,0,33423360,33488896,50528256,50528256,50528256,50528256,50528256,50528256,50724864,50724864,50724864,51249152,52166656,33030144,33521664,4294934528,4292870144,6291456,7340032,3145728,3145728,3145728,3145728,3145728,3145728,6291456,6291456,6291456,6291456,14680064,14680064,14680064
0,0,0,0,0,0,16515072,33423360,59113472,117833728,101056512,101056512,101056512,101056512,101056512,101056512,117833728,50724864,51249152,51118080,59506688,25952256,14155776,1073739776,1073740800,3145728,3145728,3145728,3145728,3145728,7340032,6291456,6291456,6291456,6291456,6291456,6291456,6291456,6291456,14680064
0,0,0,0,0,0,0,65011712,267386880,204996608,403439616,403570688,403046400,403046400,402849792,469958656,201523200,201523200,100859904,117833728,50724864,25559040,32243712,15532032,4294966272,2147483136,7340032,14680064,12582912,12582912,12582912,12582912,12582912,12582912,12582912,12582912,12582912,12582912,12582912,12582912
0,0,0,0,0,0,0,0,33030144,133955584,235798528,201719808,201719808,201719808,201719808,201719808,235274240,101056512,118358016,51118080,26738688,15728640,7340032,8589934080,4294966784,3145728,3145728,3145728,3145728,6291456,6291456,6291456,6291456,6291456,6291456,6291456,6291456,6291456,6291456,6291456
0,0,0,0,0,0,0,0,16252928,16515072,26083328,25559040,25559040,25559040,25559040,25559040,26083328,27000832,28835840,32505856,4294705152,4294959104,14925824,12582912,12582912,12582912,12582912,12582912,12582912,12582912,12582912,12582912,12582912,12582912,12582912,12582912,12582912,12582912,12582912,12582912
0,0,0,0,0,0,1048576,33030144,66846720,118226944,235274240,201719808,201719808,201719808,201719808,235274240,101580800,52166656,26738688,30932992,15728640,1073725440,1073739776,6322176,6291456,6291456,6291456,6291456,6291456,6291456,6291456,6291456,6291456,6291456,6291456,6291456,6291456,6291456,6291456,6291456
0,0,0,0,0,0,0,4194304,16515072,33423360,50724864,50790400,100859904,100859904,101122048,101056512,101580800,51118080,52166656,26738688,268435200,268435200,3145728,3145728,3145728,3145728,3145728,3145728,3145728,3145728,3145728,3145728,3145728,3145728,3145728,3145728,3145728,7340032,7340032,7340032
0,0,0,0,0,0,0,0,1835008,4063232,7536640,14876672,12779520,12779520,12779520,12976128,13500416,14417920,14155776,7864320,7340032,536862720,536862720,3145728,3145728,3145728,3145728,3145728,3145728,3145728,3145728,3145728,3145728,3145728,3145728,3145728,7340032,7340032,3145728,0
0,0,0,1966080,67104768,266468864,1040191232,2013266816,3221225920,7516192960,15032385632,12884901984,25769803824,60129542200,120259084312,103079215128,240518168600,206159216664,206160265240,206166556696,103087341592,103095730224,103095468080,103079215152,120259084336,51539607648,51539607648,25769803968,30064771520,15032386432,6442451712,3221229056,3758103552,805320704,939552768,469884928,117932032,67043328,16252928,0
0,0,0,0,33552384,536870400,1040189184,1879049088,3758096768,3221225920,6442451136,12884901984,12884901984,25769803824,25769803824,25769803824,25769803824,25769803824,25771376688,25773735984,25777668144,12888571952,12884901936,12884901936,12884901936,6442451056,6442451040,6442451040,3221225696,3221225664,3758096768,1610613632,805308160,939527680,469769216,251672576,62976000,16760832,4128768,0
0,0,0,0,0,0,0,58720256,532676608,2129657856,8057225216,32214343680,25769867264,51539622912,120259087360,103079218176,103079218176,103079218176,103079218176,103108578304,103142132736,120322001920,51568970752,51539610624,51539610624,25769806848,25769810944,12884908032,15032391680,6442457088,3221237760,3758108672,1879076864,939581440,402898944,235372544,119406592,66584576,32505856,6291456
0,0,0,0,0,0,0,33552384,536869888,1056966144,4026533376,7516194304,15032386304,12884902656,25769804544,60129542912,51539608320,103079215488,103079215488,103085506944,240549626240,206187790720,206187790720,206158430592,206158430592,206158431104,206158430976,206158430976,206158432000,206158431744,103079218688,103079218176,51539613696,25769818112,32212267008,8053125120,4232298496,1072136192,66977792,7864320
0,0,0,0,0,16776192,67108736,260047808,469762272,939524192,1879048288,1610612784,3221225520,7516192816,6442450992,6442450992,12884901936,12884901936,12888834096,12893159472,12893028400,12893028400,12888834096,12885950512,12884901984,12884901984,6442451168,6442451136,7516193216,3221225856,3758097152,1610614528,1879051776,805320704,402681856,503439360,268402688,66977792,0,0
0,0,0,0,8388352,33554304,125829504,503316672,1006633152,1879048384,1610612928,3221225664,6442451040,15032385632,30064771168,25769803872,25769803872,51539607648,51555336288,51555336288,51555336288,51555336288,51546947680,25777144000,25769803968,25769804224,25769804160,12884902272,12884902656,12884903680,12884903424,6442452480,6442454016,7516199936,3221231616,1610625024,1881169920,946069504,536854528,134086656
0,0,0,0,0,0,16773120,134216704,528485888,2013267712,8053064576,15032385984,30064771264,60129542368,51539607648,51539607648,103079215200,103079215200,103079215200,103079215200,103086555232,103094943840,103093895264,51539607648,51539607648,60129542240,25769804000,25769803968,12884902336,15032386432,6442452736,3221229056,4026539008,2080387072,251686912,66707456,16760832,1966080,0,0
0,0,0,0,2088960,268431360,1072708608,4160753152,7516194304,12884902656,25769804544,60129542528,51539607936,51539607744,103079215296,103079215200,103079215200,206158430256,206158430256,206158430256,206173110384,206190936160,206174158944,206158430400,206158430400,206158430592,103079215488,103079216000,51539608320,60129542912,25769805312,12884905472,6442458112,7516205056,3758125056,1879105536,402767872,235110400,134152192,66846720
0,0,0,0,0,16777088,67108800,260047072,1006633072,4026531896,7516192792,32212254732,60129542158,120259084294,103079215110,103079215110,103079215110,103079215116,103079215116,51543277580,51547471884,51547471884,51543277592,51539607576,51539607608,51539607600,51539607664,51539607648,51539607776,25769804224,25769804672,30064772864,12884905472,15032392704,8053078016,2013294592,520151040,267501568,33521664,983040
0,0,0,0,0,0,0,134213632,1073741312,4227862016,7516194560,15032386304,12884902656,25769804544,25769804160,51539607936,51539607936,103079215488,103079215488,240530751872,206187790528,206221344960,412346220736,412316860864,412316860800,412316861184,481036338944,206158433792,206158433280,103079221248,103079229440,51539619840,60129566720,30064828416,15032500224,7516422144,3766419456,1979580416,1065353216,503316480
0,0,0,0,0,8589869056,34359721984,64424636416,51539622912,103079218688,103079216896,103079216000,240518168960,206158430592,206158430592,206158430592,206158430592,206161576320,206174159232,206190936448,206186742144,206189887872,103093895552,103079215488,103079216000,51539608320,51539609344,25769805312,25769807360,30064774144,12884909056,12884916224,12884930560,6442508288,6442565632,3221454848,3221684224,1611530240,1880883200,947388416
0,0,0,0,0,0,0,0,0,0,0,536346624,2147418112,3758587904,6442565632,15032442880,12884930560,25769818112,25769809920,25769810944,25794972672,25799167488,25799165440,25799165440,30064772608,12884905472,15032388608,7516198912,3221239808,1610641408,1879072768,939638784,402882560,201785344,235798528,125566976,133693440,62914560,0,0
0,0,0,0,0,0,0,0,31457280,536608768,2115960832,8053579776,17179867136,34359229440,60129545728,120259086080,240518430592,549755813760,549755683200,412316860800,274877907328,274877907840,548682104768,549755813760,277025374592,274877907840,412316861184,412316862208,481036338688,206160526848,137438952960,137436870656,51539636224,25769861120,30065000448,15167586304,6645743616,3426222080,1844445184,1069547520
0,0,0,0,0,0,0,0,0,33292288,134184960,503570432,939782144,4294965248,8589678592,30198991872,25769805312,60129546176,51539672960,51541700992,68719411584,68717379968,51539608320,51539608320,51539608320,51539614464,51539672576,68719470080,68719447552,51539614720,51539613696,25769832448,25769861120,25769918464,25770819584,34359672832,34359607296,12888834048,15090057216,7581204480
0,0,0,0,0,8388544,67108848,532676728,1006633208,4294967276,8589934478,15032385542,30064771075,60129542147,68719476735,137438953471,103079215107,103079215107,206158430211,206158430211,274875810303,274877906943,206160527107,206158430214,103079215110,103079215118,135291469836,137434759196,105226698744,51547996144,60129542256,30064771296,15032385984,8053067648,2147483136,536866816,130023424,0,0,0
0,0,129024,1048320,8325056,33030624,62914680,268433438,536870911,2013267967,3758096385,7516192769,8573157377,13958627329,12901679103,12884918271,12884901891,16106127363,17045651459,15028191235,13019054083,12893289475,12885032947,12884902911,12884901902,34225520652,34357641244,25903989304,25773998064,25769836512,34292630464,34359217920,25836911616,30065293312,12885409792,16651255808,8589410304,4286578688,402653184,0
0,0,0,0,0,0,0,0,0,33423360,134184960,234995712,469884928,1073737728,2013149184,3758103552,7516195840,6443499264,17179868672,17178822400,12884902656,12884902784,12884902272,12884902272,12886998912,17179869056,17177772800,12884903680,12884909568,6442482688,7516446720,3760160768,1962672128,1072693248,260046848,117440512,0,0,0,0
0,0,0,4192256,33553408,264306560,536870784,2147418560,4227858656,16106127456,12884902128,60131639280,52076478448,68717379632,136902082616,103079215128,103079215224,103079231480,103080263640,103112761368,104152432664,111652372504,136365211704,60129542192,51539607600,60129542640,25769869280,25773997664,12951945408,17175675072,8522826112,7516193664,3221227264,3858763264,1979776000,908064768,520060928,266338304,50331648,0
0,0,0,0,0,0,0,0,0,33550336,268434432,1040190976,4026533376,3758097152,8589934464,13958643584,12884902080,12884902080,30064771168,33285996640,17177772080,15032385520,12886999024,12884901936,12884902000,12884902112,34359738304,17179869120,12884902656,12884903680,12884905472,15032388608,6442457088,4294963200,4294963200,1891688448,1019461632,533168128,134086656,8126464
0,0,0,0,0,260096,4193792,16516864,132644800,268435392,536608864,805306464,1879048288,2013266040,4294967288,3355443184,3221225520,7516192816,6442450992,7516192816,8589934576,8589934576,6442450992,6442450992,6442451040,6442451168,7516200896,8589934528,7516184960,6442451712,6442452736,3221229056,4227988480,2147481600,2013163520,939778048,470777856,264110080,133693440,6291456
0,0,0,0,1044480,8387584,66063872,260063104,1073741792,2147467376,2013265976,3221225528,7516200956,6444548076,17179861004,17177772038,25769803782,25769803782,51539607583,51539623935,68719476707,68719468547,25769803779,25769803779,25769803782,30064771078,12884901900,15032385560,7549747192,8589934560,4261413824,1879049984,939539968,532740096,134209536,8323072,0,0,0,0
0,0,0,0,0,2080768,67100672,266369024,1040194560,2013273856,8589934464,15300817344,30064771296,60129542256,51539607608,68719476728,137438953464,103079215116,103079215116,103079215116,103079215116,137438953470,137438953468,103079215116,103079215132,103079215128,51539607608,51539607600,68719476720,68719476704,51539608512,25769805568,25769811456,25769868288,34359730176,17179836416,15065808896,8587837440,4278190080,0
0,0,0,0,0,0,0,67108800,268435424,503316576,939524144,2147483632,4294967280,3221225520,6442450992,7516192816,17177772080,15032385528,12889096176,12884901936,25769803824,25769803824,25769803872,34355544160,34359738360,25773998064,25769804160,25769804160,25769804544,25769805568,25769807360,34359712768,17179867136,6442512384,3758211072,1879277568,939982848,505282560,133693440,65011712
0,0,0,0,0,0,8355840,67100672,260075520,1040201728,4160753152,16643002304,67645734848,137438949568,273804165312,481036337344,412316860608,412316860608,412316860608,549755781312,549755813824,412316893120,412316860800,412316860800,206158430592,206158431104,274877906880,274877906880,206158431744,103079216640,103079218688,103079218176,103079222272,51539613696,68711116800,34359730176,30073151488,12885917696,6446514176,3774349312
33550336,536870400,1065369536,1908421088,3233833080,7522533406,15039840262,12888145923,25773178883,60131311617,51541639169,51540525057,103080001537,120259608577,133143986177,136365211649,107239964679,52579794975,51791265913,51602538465,51602784131,51800174595,53654060803,59861114822,32212255206,25769935358,25770819708,25771737112,25777717296,12899631216,12914287072,13010756480,8287973120,8522841088,8455780352,4027052032,4194238464,1073217536,234881024,0
0,0,0,0,0,66846720,536838144,1057218560,1904474112,3787668992,3234008832,6448939904,6448939392,15035924672,12888441024,12888441024,30068703424,32214089952,33824703456,27783598048,26273152608,32329955424,34326444128,34225586016,33285998560,25769804000,25784483936,25784483936,25785532512,25798115520,12946768320,12938380160,15140390656,7758945792,3967301632,2016473088,1073725440,268369920,0,0
0,0,0,0,8372224,268433408,532741632,830523264,1904263616,1623310560,3233906800,7531102268,6448939068,6449201264,6445990128,6446514608,12886475544,16911435288,17171487768,13149206576,12914384944,13145077808,13925154736,17045653488,16106127472,30064771184,12884901984,12884902112,12891193536,12892242304,12901155584,12899323648,12910992384,15091578880,6560149504,3456221184,2080620544,990314496,521928704,267911168
0,0,0,4141056,8384512,31580160,58781696,130086912,249683456,947095296,1883177856,3760062848,3222012096,6442451168,6442451168,7516193248,8321500080,8522827568,6694112816,6505380912,6457159728,7579168816,3338731504,3456110576,2080374832,1879146608,805552224,805814368,805724352,403469184,404520704,205127168,104300544,134086656,33292288,14680064,0,0,0,0
0,0,0,0,0,0,0,0,33030144,134152192,520601600,2013786112,3959844864,7718311936,15133841408,30183791616,25832197120,25802312704,51554302976,64424573952,67645860864,55700851712,61171698688,26006768640,26240613376,27783101440,16911440896,16106133504,32213309440,6446127104,7532460032,3286003712,1737252864,2114772992,1007124480,521076736,268173312,133169152,25165824,0
0,0,0,0,0,0,0,8257536,268402688,2144335872,8423767040,6496456192,12946769408,30097277696,25801264896,25782402816,60129603968,51539861888,64425001152,136366129344,111603081440,104136308832,103196671584,103196657632,103314096608,105159590112,111400714336,118124183648,64455966944,51571065792,51596234496,25873620480,26007844864,13356298240,15973990400,8322514944,3760062464,1886912512,954204160,532676608
0,0,0,0,507904,2093056,66975744,65117696,260280064,482542464,952500608,1894646720,3765176288,7524060768,15036071008,12886536304,12885024816,12885131312,16106324016,17175920688,13956673584,12947831856,13136564016,13354664944,17049321968,8056733808,7520124976,6446383200,6445989984,6449135808,6449136064,3234005888,3234268928,3250822656,1635907584,2147475456,1073676288,251658240,0,0
0,0,0,0,0,4128768,83869696,264368128,520222720,1057070080,1937870336,3783493376,3246588672,6455427456,6455951744,12900368576,12892766400,12892767200,12892242912,15035534944,16643005536,14898174048,13405010016,6568292448,6471827440,6572490744,8581546104,8455749728,7516438624,7516700768,3222192224,3223085536,3224921984,3224403456,3227581440,3773030400,1627324416,2147221504,1069547520,0
0,0,0,1966080,67100672,536082432,2105752576,8334282240,15047459584,12893160320,25773736384,25771377600,51539609184,51539610720,120259091504,128849033264,136365240368,111400771632,105092579352,103482097688,104086306840,107240751128,111135948824,135295662104,128851116024,120259088380,240518168700,532634665184,463982297984,51799656192,52038737408,26185104384,30885277696,16928145408,8455454720,2139095040,1056964608,436207616,0,0
0,0,0,0,0,0,0,0,0,33521664,536866816,1041788928,1981298688,3323467776,15134628864,13006015488,25823282688,60187215360,51596232192,51571068672,64453885696,68182635264,55700382464,52009419136,26004783488,26005205376,26776698624,31943827200,16644835072,7520259584,3228965888,1625700352,834891776,998498304,520339456,117669888,134184960,16515072,0,0
0,0,0,0,0,0,134213632,536868864,989871104,1937796608,3787482880,6455083776,12897534336,25776193920,25773048192,64428376256,66573763008,59593592768,53553692352,26240415840,26029965408,30130012256,12948078176,13405257696,8522826208,8321499232,7516192864,3224895680,3765961152,1617691520,818677504,830868992,461601792,520353792,244301824,133955584,133169152,4194304,0,0
0,0,0,0,0,0,0,0,2093056,8386560,31489536,125855488,520119232,2105655520,4051927136,16132276272,30095966256,25786056728,25785532540,25769804796,32212258764,34225552908,27900540940,25895649276,13136564220,13891534904,16911433752,7516192792,6443368504,7518224432,3225092208,3227714016,3773006720,1623295744,1908526592,998308864,521203712,134201344,33488896,0
0,0,0,0,0,0,0,0,0,0,0,0,0,0,2147475456,8589933568,33386667776,135392134080,109622329568,109622329456,109622329392,109622329392,109622329392,58082721816,58082721816,32312918040,32312918040,15133048880,15233712240,7985954912,8187281600,8455717248,1065354112,134186752,16760320,522240,114688,0,0,0
0,0,0,0,0,0,0,0,0,0,7168,2096896,16775040,67043520,1065353312,1056964720,8371830832,16668164152,31700549656,27405582360,53175386136,53175386168,53162803248,53162803424,53162803392,31973179776,16936601344,8547999232,2147481600,67100672,0,0,0,0,0,0,0,0,0,0
0,0,0,0,0,0,0,0,0,0,0,0,0,134217664,1073741808,8556380280,34191966236,61840818188,124134621190,110645739523,221241147395,219093663745,236273532929,506856472577,438136995841,438136995847,506856472590,231978565660,133194317880,64474841200,33873199584,4294967168,1073741568,50331648,16777216,0,0,0,0,0
0,0,0,0,0,0,0,0,0,0,0,0,67108832,268435440,1048576048,4240441368,17058234392,65242398748,53162803212,104702410766,244288847878,484270145542,415550668806,415550668814,415550668828,415550668824,484286922808,243764559984,132095410656,33336330176,8371846912,2147481600,268419072,0,0,0,0,0,0,0
0,0,0,0,0,0,0,0,0,0,0,0,0,0,8388352,268435392,1069609440,8573173856,34275852384,62058922080,104740159584,106887643232,123530641504,54811164768,29041360992,33336329152,16693854080,4294966272,2146959360,1644167168,0,0,0,0,0,0,0,0,0,0
0,0,0,0,0,0,0,0,0,0,0,0,2096128,33553920,266369024,1065417728,4051705344,3783264128,7541359072,7541358832,15057551408,32237420592,32237420592,58032390192,58032390240,109639106784,109622329792,58183387008,68383940096,17112791040,8589930496,2147450880,0,0,0,0,0,0,0,0
0,0,0,0,0,0,0,0,0,0,0,32760,16777208,268404732,1065353246,4039114759,16118710275,32224837635,64437092355,133156569095,253415653382,425214345222,287775391750,287775391756,287775391756,425214345240,496093888536,264199209016,135350190576,34359738336,4294966784,0,0,0,0,0,0,0,0,0
0,0,0,0,0,0,0,0,0,0,0,0,0,0,268402688,1073733632,4173395968,8334097920,16649293696,31681676224,63893930488,54767124606,123486601230,106306732038,106306732038,106306732038,106306732062,106306732152,123486602208,61746478976,33835973632,8589918208,2147221504,0,0,0,0,0,0,0
0,0,0,0,0,0,0,0,0,0,0,0,0,0,536868864,2147483392,16961769456,33873199612,132095410236,110620573702,109546831878,115989282822,115989282830,115989282828,115989282844,133169152120,64483230704,32262619008,8589933568,2147467264,0,0,0,0,0,0,0,0,0,0
0,0,0,0,0,0,0,0,0,0,0,0,0,33552384,1073741312,8573161344,17137926592,26734494176,62033756408,55322869820,106325606412,106325606412,209404821516,209404821516,243764559884,106325606460,123505476080,67696082880,34359737856,4294959104,0,0,0,0,0,0,0,0,0,0
0,0,0,0,0,0,0,0,0,0,0,0,0,33553920,4294967264,8562672112,16917725304,31681675292,54767124492,123486601222,209385947142,209385947142,243745685510,106306732038,54767124486,68188897286,16649289758,8327790844,2143293424,536870784,33550336,0,0,0,0,0,0,0,0,0
0,0,0,0,0,0,0,0,0,0,2096896,16777208,132122620,1065353336,4211081246,16961765382,31725715463,63937970179,54811164675,54811164675,106350772227,106350772227,123530641411,54811164678,54811164678,63401099270,29041360910,16693329980,16693330168,8153731040,4294967040,1073737728,0,0,0,0,0,0,0,0
0,0,0,264241152,534773760,946864128,808976384,1572864,786432,786432,786432,786432,786432,917504,393216,13025280,6782976,6782976,3604480,3604480,4128768,1966080,1835008,786432,798720,811008,843776,17612800,59604992,30244864,15564800,7307264,4128768,4128768,917504,1835008,1835008,786432,0,0
0,3670016,33292288,130809856,252051456,201719808,134610944,399360,407552,421888,221184,3391488,3375104,1802240,2031616,983040,459520,198400,200192,203776,202752,208896,12808192,31678464,7593984,3915776,2080768,1032192,491520,196608,196608,196608,196608,65536,0,0,0,0,0,0
0,0,0,0,0,0,0,0,0,0,0,29360128,130023424,517996544,408944640,408944640,408944640,6291456,6291456,6488064,6488064,208076800,241958912,108527616,108527616,65011712,65011712,31457280,6291456,6389760,6520832,207814656,208011264,107872256,124518400,58458112,66584576,32505856,14680064,14680064
0,0,0,0,0,0,0,7340032,15728640,16252928,26738688,60293120,51904512,102236160,102236160,1605632,1671168,60522496,27197440,14548992,16252928,7864320,3670016,1572864,1572864,1585152,1585152,9990144,14213120,14270464,14385152,14352384,8323072,8257536,8126464,3670016,3670016,1048576,0,0
0,0,0,0,0,0,8126464,33292288,59637760,117833728,101056512,393216,393216,393216,407552,421888,3596288,3653632,4161536,2031616,917504,393216,393216,393216,393216,25560576,29756928,15076352,7740416,3545088,3567616,2088960,1015808,983040,0,0,0,0,0,0
0,0,0,0,0,0,0,0,0,786432,16646144,7733248,393216,393216,393216,393216,4593664,15087616,3567616,2088960,2080768,917504,393216,12979200,12982272,6696960,7761920,3661824,2080768,2031616,983040,983040,458752,458752,458752,131072,0,0,0,0
0,0,0,0,0,0,0,0,6291456,32505856,60293120,51904512,1572864,1572864,1581056,1601536,843776,9273344,13565952,13565952,7077888,8126464,3932160,3932160,1572864,1572864,1572864,1572864,1572864,102236160,119037952,60350464,26787840,14385152,14614528,8257536,3932160,1572864,1572864,1572864
0,0,0,0,0,0,0,0,0,6291456,32505856,61865984,51904512,1572864,1572864,1835008,786432,786432,786432,786432,786432,786432,794624,815104,815104,5029888,15581184,7307264,4130816,3938304,30160896,13381632,13393920,8241152,8355840,4063232,262144,0,0,0
0,0,0,0,0,0,0,16646144,33488896,58949632,50429952,100761600,98304,114688,49152,49152,49152,49152,587776,841728,978944,520192,247296,50688,52224,52224,3197952,3202048,1628160,1628160,1896448,847872,520192,516096,16384,0,0,0,0,0
0,0,0,0,0,0,0,0,0,0,0,8388608,62914560,65011712,123731968,103809024,103809024,1572864,1572864,1572864,786432,811008,843776,901120,13598720,13565952,7208960,8257536,3932160,1835008,1572864,18350080,26750976,14168064,14180352,14213120,16498688,7307264,8257536,3145728
0,0,0,0,0,8388608,29360128,65011712,56623104,53477376,3145728,3145728,3145728,3145728,3244032,36798464,53673984,62324736,28704768,16515072,16515072,7864320,3145728,3174400,3174400,3194880,204587008,238256128,104005632,53870592,53870592,29097984,29097984,16252928,15728640,3145728,0,0,0,0
0,0,0,0,0,0,32505856,66060288,120586240,120586240,53477376,3145728,3145728,3170304,3203072,36814848,53706752,62324736,29229056,33292288,16252928,7340032,7340032,3147776,3152896,3160064,70316032,103923712,53706752,62324736,33423360,16515072,16252928,7340032,7864320,1572864,0,0,0,0
0,0,0,0,0,0,0,0,0,0,536870912,1879048192,1006632960,201326592,100712448,50380800,50446336,25395200,25624576,25559040,13369344,14155776,15728640,14680064,31457280,61865984,120586240,236453888,202899456,404226048,404226048,404226048,406323200,405798912,484442112,264241152,125829120,0,0,0
0,0,0,0,0,0,0,58721792,29363712,7343104,3676160,1863680,974848,507904,229376,491520,1015808,1933312,3768320,7438336,6389760,12681216,29409280,25214976,25214976,50380800,50429952,50429952,25264128,29458432,15826944,8355840,2031616,0,0,0,0,0,0,0
0,0,0,0,0,0,0,402657280,469790720,234905600,100712448,50561024,25624576,25559040,13369344,8126464,7864320,7340032,16252928,30932992,60293120,51118080,101449728,101056512,101056512,235274240,201523200,201523200,201785344,201719808,201719808,202244096,236716032,133693440,65011712,0,0,0,0,0
0,0,0,0,0,805306368,939524096,503316992,125830912,62922240,15744000,3174400,1695744,1015808,983040,917504,1966080,3866624,3342336,6488064,12779520,29556736,58916864,50528256,100859904,235077632,201523200,201523200,201523200,201523200,201523200,201785344,202244096,236716032,133693440,66060288,0,0,0,0
0,0,0,0,0,0,0,0,100663296,117444608,58734592,29421568,6406144,3637248,4063232,3932160,8126464,15466496,30146560,51118080,118226944,101449728,202113024,202113024,202113024,202113024,202113024,202113024,202113024,101449728,102498304,133693440,65011712,0,0,0,0,0,0,0
0,0,0,0,0,0,0,0,1006632960,503324672,125857792,29483008,14909440,7208960,3932160,3670016,7864320,15466496,30277632,126222336,235274240,470220800,402849792,402849792,402849792,402849792,402849792,201523200,201523200,100859904,117637120,67043328,33423360,0,0,0,0,0,0,0
0,134217728,234881024,125829248,31457728,7865216,1969920,400384,210944,225280,122880,114688,98304,245760,507904,966656,1892352,3170304,7364608,6316032,12595200,12595200,12595200,25178112,25171968,25171968,25171968,25171968,25171968,29374464,14741504,8380416,2064384,0,0,0,0,0,0,0
0,0,0,0,0,0,0,0,0,0,0,256,1879049088,2080378624,251665408,62928896,15790080,3784704,2064384,983040,2064384,3784704,7389184,14729216,29384704,58744832,117469184,100675584,234893312,201338880,201338880,201338880,201338880,234893312,117465088,62971904,33521664,8323072,0,0
0,0,0,0,134217728,234887168,117454848,58748928,29417472,14909440,7798784,4063232,1835008,3932160,8126464,15073280,13041664,25362432,58818560,50429952,50380800,50380800,50380800,50356224,50356224,50356224,50356224,25190400,25223168,25411584,26181632,33423360,16252928,0,0,0,0,0,0,0
0,0,0,536870912,939524096,503317248,125837056,29375488,15790080,3784704,2064384,917504,1966080,8323072,14876672,63012864,117538816,201375744,402702336,939548672,805330944,1879060480,1610625024,1610625024,1610625024,805318656,939536384,469786624,234938368,132104192,33488896,6291456,0,0,0,0,0,0,0,0
0,0,0,0,536870912,1879048192,1006632960,234881024,125829120,29363200,14687232,6305792,3207168,3784704,2064384,983040,1966080,8257536,15925248,29556736,58818560,117538816,234979328,469811200,402702336,402702336,402702336,402702336,402702336,402751488,201555968,235339776,127795200,66846720,14680064,0,0,0,0,0
0,0,0,0,0,0,100663424,125829504,62915456,15730176,3677696,1849344,946176,516096,245760,229376,1015808,1933312,7962624,14778368,29458432,58818560,117538816,100761600,234979328,201424896,201424896,201424896,201555968,201523200,201785344,101580800,133955584,66584576,0,0,0,0,0,0
0,0,0,0,262144,917504,4063232,16121856,29753344,59113472,50724864,101056512,117833728,50724864,25559040,29753344,15073280,8257536,4128768,458752,196608,196608,196608,196608,196608,196608,196608,196608,196608,196608,196608,196608,196608,196608,196608,196608,229376,229376,229376,229376
0,0,0,0,0,0,0,0,0,0,133955584,268173312,471597056,403439616,806092800,1879834624,1611399168,1611399168,1879834624,940310528,470548480,235667456,134086656,33423360,786432,786432,786432,786432,786432,786432,786432,393216,393216,393216,393216,917504,917504,917504,393216,0
0,0,0,0,0,0,0,0,0,0,66060288,267911168,471334912,404226048,806879232,806879232,806879232,806879232,404226048,236453888,133693440,66584576,1572864,1572864,1572864,1572864,1572864,1572864,1572864,1572864,1572864,1572864,1572864,1572864,1572864,1572864,1572864,786432,0,0
0,0,33423360,66977792,117833728,235274240,201719808,201719808,101056512,101056512,50724864,59113472,31850496,8257536,4128768,983040,196608,196608,196608,196608,196608,196608,196608,196608,196608,196608,196608,196608,196608,196608,196608,196608,196608,131072,0,0,0,0,0,0
0,0,0,0,0,0,0,0,917504,4063232,7733248,15073280,12976128,12976128,25362432,25362432,25362432,25362432,12779520,15925248,4128768,2031616,196608,196608,196608,196608,98304,98304,98304,98304,98304,98304,98304,98304,98304,49152,49152,114688,49152,49152
0,0,0,0,0,0,0,524288,7864320,16252928,30932992,26738688,27000832,25952256,25952256,25952256,25952256,30146560,15466496,8126464,1835008,786432,786432,786432,786432,786432,393216,393216,393216,393216,393216,393216,393216,393216,393216,393216,393216,393216,0,0
0,0,0,0,0,0,0,0,0,524288,1572864,16252928,16252928,26738688,26738688,51904512,119013376,102236160,119013376,60293120,30932992,15466496,8126464,1835008,786432,786432,786432,786432,786432,786432,786432,786432,786432,786432,786432,786432,786432,786432,1835008,786432
0,0,0,0,0,0,3670016,8126464,15466496,13369344,13369344,13369344,13369344,13369344,13369344,13500416,15073280,8257536,4063232,393216,393216,393216,393216,393216,393216,393216,393216,393216,393216,393216,393216,393216,393216,196608,196608,196608,196608,0,0,0
0,0,524288,16252928,33030144,26738688,26738688,51904512,51118080,51118080,51118080,51118080,59506688,30146560,16515072,8126464,786432,786432,786432,393216,393216,393216,393216,393216,393216,393216,393216,393216,393216,393216,393216,393216,393216,393216,131072,0,0,0,0,0
0,0,0,0,0,0,0,3932160,8126464,15466496,25952256,59506688,51118080,51249152,50724864,50724864,59113472,29753344,15073280,8257536,4063232,393216,393216,196608,196608,196608,196608,196608,196608,196608,196608,196608,196608,196608,196608,196608,196608,229376,65536,0
0,0,0,0,0,0,0,0,0,66060288,133169152,506462208,405798912,808452096,808452096,942669824,405798912,472907776,254803968,133169152,15728640,3670016,1572864,1572864,1572864,1572864,1572864,1572864,1572864,1572864,1572864,1572864,1572864,1572864,1572864,786432,786432,786432,786432,1835008
0,0,0,0,0,0,0,0,0,0,4063232,8323072,31653888,126025728,235077632,201785344,201719808,101056512,101056512,50724864,63307776,33423360,4063232,393216,786432,786432,786432,786432,786432,786432,786432,786432,786432,786432,786432,786432,786432,786432,786432,0
0,0,0,0,0,0,0,0,0,0,0,0,0,0,103079215104,274844352512,274877906940,103146323964,103079215116,103079215116,103079215128,120259084312,51539607576,30064771192,16106128368,8522833856,2147482624,67100672,0,0,0,0,0,0,0,0,0,0,0,0
0,0,0,0,0,0,0,0,0,0,0,0,0,0,0,0,384,67108736,4294967264,34292631104,64424513024,51539614720,25769818112,30064799744,15032500224,8321728512,4294901760,268304384,0,0,0,0,0,0,0,0,0,0,0,0
0,0,0,0,0,0,0,0,0,0,0,0,0,0,0,12,137170518028,137438953468,103347650556,120259084300,51539607580,25769803832,32212254832,8522826720,4293934976,134217216,1032192,0,0,0,0,0,0,0,0,0,0,0,0,0
0,0,0,0,0,0,0,0,0,0,0,0,0,0,1,1,8191,536870911,68719468551,68182605838,25769804028,25769804784,30064775040,15032417280,8556638208,2147467264,33292288,0,0,0,0,0,0,0,0,0,0,0,0,0
0,0,0,0,0,0,0,0,0,0,0,0,0,0,0,2,137371844734,137438953470,103146323966,103079215132,103079215224,103079215584,120259086208,60129558016,30065817600,17179852800,8588886016,0,0,0,0,0,0,0,0,0,0,0,0,0
0,0,0,0,0,0,0,0,0,0,0,0,0,0,0,0,68719476732,137438953468,103079215128,103079215128,103079215160,103079215216,103079215328,103079215552,51539608448,60129545984,30064786432,16106156032,4027047936,2147450880,268173312,0,0,0,0,0,0,0,0,0
0,0,0,0,0,0,0,0,0,0,0,0,0,0,4,6,137434759180,274877906942,206162624508,103079215128,103079215128,103079215160,103079215344,103079216096,120259092352,66572516352,34359734272,2147221504,0,0,0,0,0,0,0,0,0,0,0,0
0,0,0,0,0,0,0,0,0,0,0,0,0,0,0,0,64424509446,137438953471,107374182398,103079215118,103079215164,103079215344,51539608032,60129558400,32212778496,17179852800,2146959360,0,0,0,0,0,0,0,0,0,0,0,0,0
0,0,0,0,0,0,0,0,0,0,0,0,0,0,0,0,206158430212,274877906942,137438953470,103079215160,51539607664,60129542368,30064771264,15032385920,7516194560,4026597120,1073739776,268369920,0,0,0,0,0,0,0,0,0,0,0,0
0,0,0,0,0,0,0,0,0,0,0,0,0,0,0,6,30,137438953470,137438953468,103079215160,103079215216,103079215328,103079216064,103079218944,51539623424,25769932800,32214335488,17179803648,4292870144,0,0,0,0,0,0,0,0,0,0,0
0,0,0,0,0,0,0,0,0,0,0,0,2,6,6,3,34359738367,34359738367,25769803779,25769803779,25769803779,25769803783,12884901902,12884901948,16106127608,8455720928,2147483392,268432384,0,0,0,0,0,0,0,0,0,0,0,0
0,0,0,0,0,0,0,0,0,0,0,0,0,0,0,0,0,137430499312,137438953464,103091863600,103079215200,103079215328,51539608000,51539608448,60129543936,32212319744,8456764416,2147418112,133169152,0,0,0,0,0,0,0,0,0,0,0
0,0,0,0,0,0,0,0,0,0,0,0,65536,8589934560,34359738352,30064771120,25769803824,25769803824,25769803824,25769803824,25769803872,25769803872,25769803872,25769803872,25769803872,33822867552,17146314848,1040187488,16352,8128,0,0,0,0,0,0,0,0,0,0
0,0,0,0,0,0,0,0,0,0,0,0,17179860992,17179869056,12884909952,12884902272,25769804160,25769804160,51539607936,51539607936,51539607744,51539607744,51539607744,51539607744,51539607744,51539607744,51539607744,51539607744,51539607744,51539607744,68652417984,68652433280,32256,0,0,0,0,0,0,0
0,0,0,0,0,0,0,0,0,0,0,68719475712,137438953470,103079216126,103079215110,103079215110,103079215110,103079215110,103079215110,103079215110,103079215110,103079215110,103079215110,103079215110,103079215110,103079215110,103079215110,103079215116,103079215132,103079215128,137371852792,68702707680,33554432,0,0,0,0,0,0,0
0,0,0,0,0,0,0,0,0,0,0,17177772032,17179836416,12893290492,12884967422,12884901900,12884901900,12884901900,12884901900,12884901912,12884901912,25769803800,25769803800,25769803800,25769803800,25769803800,25769803800,25769803800,25769803800,25769803800,25769803832,30064771120,17163092080,17163093984,992,0,0,0,0,0
0,0,0,0,0,0,0,0,0,0,137438953440,137438953456,103079215152,103079215152,103079215152,103079215152,103079215152,103079215152,103079215152,103079215152,103079215152,103079215152,103079215152,206158430256,206158430256,206158430256,274810798128,137304768432,32752,224,0,0,0,0,0,0,0,0,0,0
0,0,0,0,0,0,0,0,0,0,0,137438912512,274877906936,206158479352,206158430232,206158430232,206158430232,206158430232,206158430232,206158430232,206158430232,103079215128,103079215128,103079215128,103079215128,137171034136,68585782296,16376,1016,0,0,0,0,0,0,0,0,0,0,0
0,0,0,0,0,0,0,0,0,0,0,17163091968,137438953408,128865796088,103079215160,103079215128,103079215128,103079215128,103079215128,103079215128,240518168600,206158430232,206158430232,206158430232,206158430232,206158430232,206158430232,207165128696,274810863608,136365211648,0,0,0,0,0,0,0,0,0,0
0,0,0,0,0,0,0,0,0,0,1073676288,68719476728,136365277176,103079215128,103079215128,103079215152,103079215152,103079215152,103079215152,120259084336,51539607600,51539607664,103079215152,103079215152,240518168624,206158430320,206158430256,206158430256,272730424304,137170780128,1879309824,65536,0,0,0,0,0,0,0,0
0,0,0,0,0,0,0,0,0,0,0,17178820608,34359738360,25770852348,25769803804,25769803800,25769803800,25769803824,25769803824,25769803824,25769803824,25769803824,25769803824,25769803824,25769803824,25769803824,25769803824,30031216688,34326188080,12884910064,8176,0,0,0,0,0,0,0,0,0
0,0,0,0,0,0,0,0,0,0,0,0,34292629504,137438920704,257765146592,481036369912,412316860478,412316860430,412316860428,412316860440,206158430232,206158430232,206158430256,206158430256,206158430256,206158430256,270582939696,136365342704,4228382688,1007026176,0,0,0,0,0,0,0,0,0,0
0,0,0,0,0,0,0,0,0,0,0,274877906928,274877906928,412316860464,412316860464,412316860472,412316860440,412316860440,412316860440,412316860440,412316860440,412316860440,412316860440,412316860440,412316860440,412316860440,412316860440,412316860440,412316860440,206158438392,206158438384,274609471488,274341036032,0,0,0,0,0,0,0
0,0,0,0,0,0,0,0,0,0,137438953456,137438953471,103079215135,103079215107,103079215107,103079215107,103079215110,103079215110,103079215110,103079215110,103079215110,103079215110,103079215110,103079215110,103079215110,103079215110,103079215110,103079215110,64424513548,34225528828,8522833916,0,0,0,0,0,0,0,0,0
0,0,0,0,0,0,0,0,15728640,33293824,7543201280,6500523520,6509430272,6503206400,3280145408,3808671744,2072113152,532930560,264749056,241623040,208560128,209477632,205021184,1278769280,4281876416,1041776384,202911744,202911744,202911744,102248448,102248448,1058549760,2132291584,1662531584,1637383168,1102957568,16747520,8326144,3072,3072
0,0,0,0,0,0,0,0,3932160,16515072,12976128,25559040,62783488,6509495168,6574769088,3347153856,3875639040,1980235264,1058011136,530440192,263741440,217079808,216031232,13115613184,17125400576,8562802432,207650304,207667200,207667200,207716352,207847424,207814656,216465408,1021804544,2130690048,3883458560,3287314432,3284152320,6442463232,12288
0,0,0,0,0,0,0,245760,4311740464,6475905136,6501423200,6494877792,3346938976,3824188640,1676736960,1731320704,2117308160,473369600,204868608,205261824,238816264,34329858040,34296303600,406326272,405801984,204475392,204475392,204479488,236460032,1041766400,2115516416,1712076800,1737260032,3287051264,7532957440,6444533504,6442450944,6442450944,0,0
0,8355840,16760832,12640256,25190528,26210688,29352320,12917469376,15061774784,4290803584,2139160064,264370176,216217600,208082944,406722560,406591500,406593534,406331376,4162328576,8524404736,941103104,404232192,404232192,404238336,404257792,471453184,1008715520,2114913024,1846412032,3330015616,3354395008,3284140416,3221225856,3221225856,3221225856,3221226368,1073742720,384,0,0
0,0,0,0,7864320,16515072,68749819904,103104610304,120309530624,51598246656,60263744384,30190854528,15133164416,7633886976,4287101952,1065807872,231530496,418930688,410542080,410017792,410058720,68588470240,137307906048,34765561856,405823488,405823488,404254720,941125632,4229494784,7719147520,15235386368,30301457408,60249017344,120326063616,103112246784,16778752,768,768,0,0
0,0,0,0,0,0,0,66060288,133955584,117309440,265161728,68972058624,241022277632,206628591616,207098877952,206965708800,242401310720,135228022784,34064285696,3353542656,3284369408,6471909376,6467743744,58007289280,67670958016,16135537408,6505414656,6505414656,3284189184,3233923072,3233906688,3770933248,8065904640,8078628864,13715773440,13850512384,13300927488,13138136064,13018598400,12950965248
0,0,0,0,0,0,0,0,0,8388608,65024000,57683968,1664626688,1662791680,863907840,469655552,533618688,264757248,57131008,57131008,54312960,54312960,54063040,51937152,17164695552,34344558592,25820934144,51130368,51130368,51130368,25964544,25964544,25980928,260861952,529332224,966646784,818383872,1895697408,1627131392,1623197184
0,0,0,0,0,229376,1040384,1896448,7876608,14686208,1626871808,3774748672,1895816192,1073605728,533101792,50806208,50560896,50589184,50580480,2114161664,2114029056,100894232,100894712,100861936,100860672,50529024,117637888,126026496,226689792,482543104,417531392,812846592,809377280,1612709632,1610871552,1610613120,384,256,0,0
0,0,3670016,16252928,65798144,51249152,101122048,209387616,17716707552,52605481408,52479387520,66303819264,34292890624,4278677504,3884331008,1642868736,1618489344,1618489344,1886400512,52348073984,68454203328,17048805312,472913920,204478464,103815168,103821312,1060126592,8584720320,8081400000,6458228928,6458949728,6450806880,786528,64,0,0,0,0,0,0
0,0,0,0,0,131072,4129536,8356608,14926720,819970432,821936512,955367808,432267648,533164800,266747392,134102016,129775616,8826664960,17148155904,8573951984,235675632,101455872,101455872,126621696,63707136,63708672,535567872,485235584,947657088,808989056,1612706176,1040768,448,448,128,0,0,0,0,0
0,0,0,0,0,0,0,130023424,535822336,947650560,1879965696,3758555136,3288270336,3489531392,3725052928,208171944960,104958778368,104691857408,55704088576,63827918848,33527218176,15145656320,6505390080,12947841024,12947841024,12935258112,253453430768,270608138224,30089961472,12910092288,6467641344,6467641344,3246415872,3783286784,1635840000,1904344064,4186152448,7999522560,6691881728,13018596096
0,0,0,0,0,0,0,0,0,0,16646144,67076160,117686496,100712640,17397932224,26038231232,26021585280,13120044928,15561342464,8582469632,4175174656,819465216,821563360,821043168,1054871040,17160997888,34097597440,811600896,811600896,811600896,408947712,405806080,405813248,2016443392,4231064576,6679152128,15151891968,30131750400,60162573056,64424511232
0,0,0,0,0,0,0,0,2147549696,7516391168,16643198720,14495977216,27380879104,26576100224,26576132480,52346591616,52346591616,52348170688,52482388160,120668139712,103488286816,103293186144,103293182000,103205101616,103205068800,103129546752,206191984640,206158430208,206158430208,0,0,0,0,0,0,0,0,0,0,0
0,0,0,0,0,0,0,0,0,805306368,2016411648,4168101888,3639621632,8001715200,6672116736,15262084096,13114592256,30294461440,26024658432,26024707584,51658720768,51658720768,51658720768,51658720768,103198459648,103198425856,103198425856,103198425856,103131579136,103131513600,103080133376,103080002304,787200,384,256,0,0,0,0,0
0,0,0,0,0,0,0,0,0,0,0,3221225472,8059355136,8067751936,14528049152,13718548480,30898450432,26601904128,26627135488,52396922880,52397050880,52580781056,52043910144,103583450624,103549896192,240988718592,206292648704,768,896,256,0,0,0,0,0,0,0,0,0,0
0,0,0,0,0,0,0,0,0,0,0,0,469762048,1006632960,1009803264,1819308032,1819832320,3430471680,7731730432,6657988608,13100440576,13113330688,25997184000,25997184000,51792285184,51792250368,103331857920,103315081088,235800448,201720576,201326848,0,0,0,0,0,0,0,0,0
0,0,0,0,0,0,0,0,0,0,28672,28672,2147545088,7516248064,7519459328,16113572864,16113568768,16122481664,29005286912,29554836992,53177157376,53210710784,53202322176,104741142912,104741142912,103986168000,103986168000,103985643616,103985643616,104086044720,1006764080,469762104,469762072,402653184,402653184,0,0,0,0,0
0,0,0,0,0,0,0,0,0,0,0,0,1879048192,1879048192,4029677568,4033879040,7255112704,7264025600,15851875328,13704391680,13318515712,26198461440,26198459904,26223625728,60583364096,51993429504,52043367936,52043367168,120494457600,103314588032,103280771456,103280771200,103280771072,206359855104,206359855104,206359756800,206158430208,0,0,0
0,0,0,0,0,0,0,512,3758098176,3758098176,8053067520,8327794432,13697556224,13705943808,30902590208,26601861888,26601862016,26761245056,51994194304,51993403776,52060512640,103583343040,103583375552,103583498432,206393753792,206393753696,206393819232,481137492016,412317351984,137439182904,229400,229400,229400,65536,0,0,0,0,0,0
0,0,0,0,0,0,0,0,0,0,0,0,3147776,3765443584,3765967872,8067234816,8067233280,8067233280,14522529280,14521492224,14521492224,27406394112,27431166336,61790929280,52395688128,52395688128,103985430752,103985430624,241424367712,207165161520,207165161520,206561083416,402653208,8,0,0,0,0,0,0
0,0,0,0,0,0,0,32212254720,33286389760,54761750528,54761764864,53152267264,104691612672,104693197824,103887891968,103887889920,103891035648,103891060480,206567621376,206567621376,206573912832,206573781376,206372454784,206372454784,206385037696,206284308672,206284308672,137556426976,50331744,0,0,0,0,0,0,0,0,0,0,0
0,0,0,0,0,0,0,0,0,0,393216,1879977984,4161679360,7920842752,6847100928,13291124736,30269691904,25974721536,25977867264,51747474432,51781028864,51653084672,103192692224,103192692224,103209469696,103142359808,103138132736,103137935744,103104381312,25165952,0,0,0,0,0,0,0,0,0,0
0,0,0,0,0,0,0,0,0,0,0,807403520,1886388224,1895304704,1893207552,4053536256,4052492032,8347458304,7307270912,15888825088,13740946176,13338292608,26290303360,26273526144,52043342208,52043145600,120762622336,103549198528,103549223104,68920918208,134332512,114784,114688,32768,0,0,0,0,0,0
0,0,0,0,0,0,0,0,0,0,1610612736,1879048192,4027062272,4028381184,8325446656,7251717120,6853256704,13294659072,13294683648,30482548224,26252641024,25984205568,51770786560,51766592256,51766559488,103197114752,103197114752,206259487168,206192378048,412316860416,412316860416,0,0,0,0,0,0,0,0,0
