0,1,2,3,4,5,6,7,8,9,10,11,12,13,14,15,16,17,18,19,20,21,22
0,0,0,0,0,30720,35840,33792,33792,33792,50176,19456,30720,12288,524032,5632,4096,4096,12288,8192,8192,8192,0
0,0,0,0,0,30720,17408,17408,17408,17408,17408,19456,26624,14208,130816,4096,4096,4096,4096,12288,12288,12288,4096
0,0,0,0,0,7680,8704,16896,16896,25088,9728,15360,131008,4096,4096,4096,4096,4096,4096,6144,6144,6144,0
0,0,0,0,0,0,15872,8704,8960,8960,8704,11264,38912,65472,4096,4096,4096,4096,4096,4096,12288,12288,4096
0,0,0,0,0,15872,25088,16896,16896,16896,17408,17408,15360,261888,249856,4096,6144,6144,6144,4096,4096,12288,12288
0,0,0,0,15360,17920,17920,17920,17920,17408,17408,25600,9216,130560,131008,6144,6144,6144,4096,4096,4096,4096,4096
0,0,0,0,28672,55296,33792,34304,33280,33280,49664,17920,9216,13312,262112,6144,4096,4096,4096,4096,12288,12288,8192
0,0,0,0,0,31744,33792,33792,33792,33792,17408,27648,14336,524256,6240,6144,6144,4096,4096,4096,4096,4096,4096
0,0,0,0,0,15360,9216,9216,9216,9216,11264,14336,262016,12288,4096,4096,4096,4096,4096,4096,4096,4096,12288
0,0,0,0,14336,25600,33792,33792,33792,17408,27648,14336,130560,131008,4096,4096,4096,4096,4096,4096,4096,4096,4096
0,0,0,0,0,15360,16896,16896,16896,17408,17408,10240,65520,2048,2048,6144,6144,6144,6144,6144,6144,6144,6144
0,0,0,0,0,3072,4608,8704,8704,9216,15360,6144,65408,2048,2048,2048,2048,2048,2048,2048,2048,6144,0
0,0,16128,57568,229392,393240,262152,524292,1572870,1048578,1049602,1055750,1055748,1054724,1048580,524296,786456,262160,131168,65728,33152,32256,6144
0,0,3840,63712,65584,131096,262152,786444,524292,524292,524292,531460,788484,262148,262148,262156,131080,131096,65584,98400,49344,16256,1024
0,0,0,0,8192,126976,397056,524736,1048640,1048640,1048640,1056832,1060928,1581120,524352,524352,262208,393408,196736,98688,50944,27648,14336
0,0,0,0,16320,126944,196640,262176,786480,1572880,1048592,1052688,1060880,1056784,1048592,1048592,1048608,1048608,1572928,524480,393600,251648,31744
0,0,0,16352,57400,98312,196620,131076,393220,262148,786436,793604,793604,788484,262156,262152,393240,131088,196640,65728,33152,32512,0
0,0,4064,15344,49176,98312,131080,393224,786440,524296,528392,538632,538632,530440,524312,524304,262160,262176,262176,131136,196800,102784,65280
0,0,0,3840,32704,98336,393232,786440,1572872,1048584,1048588,1048588,1062924,1576972,524296,524296,786456,262192,131168,98496,31104,7936,0
0,0,0,65472,229472,393248,524304,524304,1048584,1048588,1048580,1052676,1062924,1048584,1048600,1048592,1572880,524320,262240,393408,196992,33536,32256
0,0,0,16368,57368,229380,393222,524291,1048579,1048579,1048578,1054722,1054722,1050630,1572868,1572876,524296,524304,786464,393312,196800,57728,15872
0,0,0,0,32640,262112,393264,786448,524304,524304,1048592,1052688,2125848,2097176,2097168,2097184,3145824,1048640,1572992,786816,393984,212480,122880
0,0,0,523776,786816,1048672,1048624,1048592,3145744,3145744,3151888,3160080,1060880,1052688,1048592,524320,524320,262208,262336,262528,393984,132608,68608
0,0,0,0,0,0,61440,245248,393472,262528,786624,524352,536672,536608,786464,262240,131264,196736,99072,33280,19456,28672,0
0,0,0,0,0,63488,231168,524224,524384,1048816,4194288,2097168,2097168,4194296,2097168,2097200,2097184,2097120,1048768,524672,263680,166912,258048
0,0,0,0,0,14336,61184,100224,523968,786528,524408,528272,1046544,1572912,1572896,1573344,1048352,524352,524416,525056,785920,912384,284672
0,0,0,8184,61452,262138,393219,786433,2097151,1179649,1048577,1048577,2097151,1048577,1048579,1835010,1310494,525308,786440,458864,131008,24576,0
0,384,4080,14364,65414,98559,131073,516097,278527,786447,983041,913409,794561,786559,786435,1044482,532476,786488,1048160,788416,265728,258048,0
0,0,0,0,0,0,65280,130944,130752,131136,278496,520224,262160,262160,270320,520208,262240,262592,200192,129024,49152,0,0
0,0,8128,61424,130840,393228,786460,655356,2031620,1048580,1049084,1064708,1564676,1835012,524292,524796,819080,507920,131088,147552,83904,64512,16384
0,0,0,0,0,8064,131040,196640,524272,264184,786440,917516,1048572,786436,786444,1048568,262160,262176,262208,262080,78208,127744,31744
0,0,0,1984,15408,65528,110600,65544,196604,131076,393220,393244,524284,262148,262152,393320,393200,393264,196704,262080,99200,52736,30720
0,0,0,16352,57584,131052,196612,393342,524162,1015811,524289,524543,1048513,524289,524291,262146,266236,262136,65648,61888,32512,0,0
0,0,0,7936,63680,98400,458744,786444,524292,2097150,1048578,1048578,2097151,2096642,1048578,1048580,2097148,524312,524336,524736,1048320,423936,245760
0,0,0,0,16376,57356,98300,262140,393220,458756,393212,786436,524292,917516,1048574,524304,524304,524320,1048512,393600,197376,99840,30720
0,0,0,1024,16256,49344,196704,917496,4063240,2097160,2097160,4194168,2129912,2097168,2097168,4194296,1048608,1048608,1048640,1572928,1048448,264064,396288
16256,127216,209036,397571,269057,526849,1576448,1049600,1835008,1507329,1163271,1585405,583553,754673,786463,525838,530692,274696,286896,360672,197504,261120,0
0,0,0,31744,123648,140000,135728,266768,265736,789512,920584,753784,574408,1016808,786488,528392,536584,796696,284720,448608,235968,65280,0
0,0,1024,65472,74032,205080,144132,397830,269852,265236,491620,324036,287620,1016060,917516,786440,790552,792592,275552,288448,147840,99840,125952
0,0,7808,12672,25024,103264,200208,132120,393224,458780,507940,405700,143748,180476,229380,66312,67480,101616,35808,32256,14336,0,0
0,0,0,0,0,31744,116608,230592,279616,813120,536640,786880,984896,577088,624576,983104,788544,399424,158848,116096,99840,64512,0
0,0,0,0,1024,130944,411872,288800,536624,532688,1573648,1967624,1164232,1073276,1163292,1507340,1847304,553008,546880,821632,460544,199680,110592
0,0,0,3968,29536,57904,71192,136232,264392,262532,262916,1045252,291012,311348,460812,396292,400396,136728,135728,139872,239488,130048,0
0,0,0,7680,61824,115136,205344,139792,275472,269320,268312,395368,458828,319692,274684,385036,393996,132876,134296,137440,136128,228864,122880
0,0,7680,127936,471584,267312,527384,524328,1572932,1835140,1507588,1081862,1278982,1445766,1574908,3145742,3694616,565280,635328,466432,258048,114688,0
0,0,0,0,0,1024,65408,215104,411712,804896,552992,536672,925936,622992,574224,623568,459888,396384,209600,123776,49920,15872,0
0,0,0,0,65472,90336,401840,790800,531216,789016,984184,640392,815880,320504,491544,393224,137240,78896,75360,50112,28160,12288,0
0,0,0,0,0,8128,28896,57752,205580,797700,538628,524350,983266,844026,376846,458758,263684,134660,135704,209696,74176,65408,7680
0,0,0,0,0,0,0,0,130560,1003504,1982488,1327116,1327108,1327108,802820,802820,311308,425992,229392,32288,1984,0,0
0,0,0,0,0,0,224,16376,122888,253956,466948,663556,663556,729100,598040,466992,262080,7936,0,0,0,0,0
0,0,0,0,0,0,0,0,131068,475142,737282,1458177,3424257,2637824,2646017,2646019,1859590,811016,262128,24576,0,0,0
0,0,0,0,0,0,0,32760,122892,499716,598018,1253378,2236417,2240515,2240514,3284996,1712136,417904,130944,0,0,0,0
0,0,0,0,0,0,0,0,8176,131064,516104,1662984,1204232,1728520,679944,485360,261632,0,0,0,0,0,0
0,0,0,0,0,0,0,4064,63680,238048,139320,401420,925700,794628,1327116,1327128,1015904,492480,130560,0,0,0,0
0,0,0,0,0,0,0,16380,122883,471041,798721,1847297,2371585,274434,2371586,2367494,1990668,524280,0,0,0,0,0
0,0,0,0,0,0,0,0,65024,238464,462944,987160,659470,1183745,1183745,1183750,1708092,988128,523776,0,0,0,0
0,0,0,0,0,0,0,0,65472,508024,942094,1449987,1318915,1318914,1318918,811068,524256,0,0,0,0,0,0
0,0,0,0,0,0,0,0,131040,516120,598044,1712134,1187842,1187842,1187842,1712156,1048560,65024,0,0,0,0,0
0,0,0,0,0,0,0,0,262136,462862,659462,1183747,3280899,1183747,1708033,921602,249916,32736,0,0,0,0,0
0,0,0,0,0,0,4080,28734,245766,1007617,679937,1187841,1187841,1187841,663553,671747,409614,246000,65408,0,0,0,0
0,0,61440,104448,67584,1024,1024,1024,1024,5376,5632,3584,3072,1024,1152,1408,25856,14080,7680,3584,1024,3072,0
0,15360,25600,33792,1600,704,896,2816,3584,1552,544,576,704,12928,6912,3840,1792,512,512,0,0,0,0
0,0,0,0,0,0,0,28672,102400,102400,4096,4608,38400,23552,22528,28672,4096,4864,37376,21504,23552,14336,12288
0,0,0,0,4096,14336,10240,18432,18432,2304,27136,15360,6144,2048,2048,2176,10624,15104,6656,7168,7168,2048,0
0,0,0,2048,15360,25600,17408,1024,1216,1408,3840,3584,1024,1024,1056,13344,5184,3264,3968,1536,0,0,0
0,0,0,0,0,0,7168,1536,1536,5696,7872,3968,1536,1600,14016,5760,2816,3584,512,1536,1536,0,0
0,0,0,0,0,14336,26624,2048,3072,3456,12032,15872,7168,3072,2048,2048,2048,18560,10624,11008,7680,3072,3072
0,0,0,0,0,0,14336,18432,2048,3072,1024,1024,1024,1152,1408,5888,7680,9280,13440,7936,3584,0,0
0,0,0,0,7168,25088,17152,256,256,256,320,3392,1920,288,288,6496,2368,3520,1408,896,0,0,0
0,0,0,0,0,0,0,12288,20480,18432,2048,3072,1152,1408,14080,5632,3072,3072,11264,10368,14720,7936,7168
0,0,0,4096,28672,22528,2048,2048,2048,18944,11776,15360,6144,2176,2432,35584,18944,19968,11264,14336,6144,0,0
0,0,0,12288,30720,18432,18432,2048,2432,19200,28160,11264,6144,6208,2112,18816,19200,11776,7168,6144,2048,0,0
0,0,0,0,0,0,65536,98304,16640,24832,8704,9216,15360,6144,12288,18432,34816,34816,34816,38912,61440,16384,0
0,0,0,0,24608,4192,2240,1408,768,1536,3840,6400,12544,8448,24832,24832,8448,13056,7680,0,0,0,0
0,0,0,0,32768,32896,17152,8704,13312,6144,6144,10240,25600,17408,16896,33280,33280,33280,33792,30720,8192,0,0
0,0,0,65536,49152,24672,6336,3456,1536,3584,2560,4608,8704,25088,16896,33280,33280,33280,34304,52224,30720,0,0
0,0,0,0,0,16384,8320,4864,3584,3072,13312,25600,17408,33792,33792,33792,50176,17408,30720,0,0,0,0
0,0,0,0,0,114688,24960,13056,7168,6144,13312,25600,33280,33280,33280,33280,33280,16896,15872,0,0,0,0
0,49152,28688,7216,1632,704,896,768,1792,3328,6272,4224,12416,8384,8256,8256,8256,12480,7936,0,0,0,0
0,0,0,0,0,0,0,196656,57440,12416,3840,1536,2816,4352,8320,16512,49280,32896,32896,49280,24960,7680,0
0,0,0,49216,24704,13056,7680,3072,7168,13824,8704,16640,16640,16768,24960,24960,8576,9984,15360,0,0,0,0
0,0,65536,49200,12512,7040,3584,3584,12800,25344,33024,98688,65664,196736,65728,98432,49536,32512,0,0,0,0,0
0,0,0,98304,49152,24640,4160,6528,3840,1024,7680,12800,17152,33024,98560,65792,98560,33536,50688,31744,0,0,0
0,0,0,0,24600,12336,2144,1152,768,1536,3328,12544,24832,16640,49408,33536,33280,33280,19456,30720,0,0,0
0,0,0,3584,7168,9216,17408,17920,8704,12800,7680,512,512,512,512,512,512,512,512,512,512,512,512
0,0,0,0,0,0,31744,33792,66560,197632,197632,99328,50176,32256,1024,1024,1024,1024,1024,1024,1024,1024,1024
0,0,0,0,0,0,30720,34816,67584,67584,100352,51200,30720,2048,2048,2048,3072,3072,3072,3072,3072,3072,0
0,15360,25600,50176,34304,17920,26112,13824,3584,1536,512,512,512,512,512,512,512,512,512,512,0,0,0
0,0,0,0,0,3584,4608,12800,8704,8704,8704,6656,3584,512,512,512,768,768,256,256,256,256,256
0,0,0,0,0,7168,11264,11264,9216,9216,13312,7168,1024,1024,1024,1024,1024,1024,1024,1536,512,1536,0
0,0,0,0,0,0,6144,14336,10240,18432,18432,26624,15360,3072,1024,1024,1024,1024,1024,1024,1024,1024,3072
0,0,0,0,7168,13312,9216,9216,13312,13312,7168,1024,1536,1536,1536,1536,1536,1536,512,512,512,512,0
0,0,14336,11264,27648,17408,17408,9216,15360,3072,1024,1024,1024,1024,1024,1024,1536,512,512,1536,0,0,0
0,0,0,0,1024,7168,9216,17408,17408,25600,13312,7680,1536,512,512,512,512,512,512,512,512,512,0
0,0,0,0,0,12288,51200,100352,67584,100352,34816,30720,2048,2048,2048,2048,2048,2048,2048,3072,3072,1024,1024
0,0,0,0,0,0,7680,12800,49664,33280,17920,25600,15360,3072,1024,1024,1024,1024,1024,1024,1024,1024,1024
0,0,0,0,0,0,0,0,1048576,2097146,1064958,1048578,1048580,524292,393276,131040,0,0,0,0,0,0,0
0,0,0,0,0,0,0,0,0,16,65528,1015840,524384,524416,393472,261632,0,0,0,0,0,0,0
0,0,0,0,0,0,0,0,0,1966082,1572862,1572866,524294,458776,131056,1792,0,0,0,0,0,0,0
0,0,0,0,0,0,0,0,0,31,1048575,917511,524316,786528,255872,15360,0,0,0,0,0,0,0
0,0,0,0,0,0,0,0,0,13,2097151,1048582,1048604,1572976,794496,522240,0,0,0,0,0,0,0
0,0,0,0,0,0,0,0,0,0,2097150,1048580,1048580,1048600,1572912,786656,197504,130560,0,0,0,0,0
0,0,0,0,0,0,0,0,0,2031618,2097151,1048582,1048582,1048600,1573104,1048448,0,0,0,0,0,0,0
0,0,0,0,0,0,0,0,0,0,2097151,1048578,1048588,1572920,919520,260096,0,0,0,0,0,0,0
0,0,0,0,0,0,0,0,0,0,4194303,1048580,524296,786448,458864,131008,0,0,0,0,0,0,0
0,0,0,0,0,0,0,0,0,1,2097150,1048580,1048584,1048624,1573088,790272,260096,0,0,0,0,0,0
0,0,0,0,0,0,0,1,1,1048515,1048575,524289,524289,262151,393244,131056,7168,0,0,0,0,0,0
0,0,0,0,0,0,0,0,0,0,2097148,1048580,1048584,1572880,786464,495552,63488,0,0,0,0,0,0
0,0,0,0,0,0,0,1008,1048572,524292,524292,524292,524300,524296,524296,1032200,248,64,0,0,0,0,0
0,0,0,0,0,0,0,524160,294896,786448,524304,1572888,1572872,1572872,1572872,1572872,1572872,2064664,1016304,0,0,0,0
0,0,0,0,0,0,64512,2097151,1048577,1048577,1048577,1048577,1048577,1048577,1048579,1048579,1048578,1048588,2080888,0,0,0,0
0,0,0,0,0,0,393216,524032,262655,786434,786434,786434,786438,524292,524292,524292,524292,524292,786436,507964,24,0,0
0,0,0,0,0,0,2097148,1048580,1048580,1048580,1048580,1048580,1048580,1048580,1048580,2064388,252,0,0,0,0,0,0
0,0,0,0,0,0,0,2097148,1048580,1048580,1048580,1048580,1048580,1048580,1048580,2066404,60,0,0,0,0,0,0
0,0,0,0,0,0,0,2097144,1048606,1048578,1048578,1048578,1048582,1048580,1048580,1048580,2081276,1572864,0,0,0,0,0
0,0,0,0,0,0,524160,1966590,1048580,1048580,1048580,1048580,1048580,1048580,1048580,3145732,3670028,2032632,0,0,0,0,0
0,0,0,0,0,0,0,1048574,524290,524292,524292,524292,524292,524292,524292,524292,1032196,124,0,0,0,0,0
0,0,0,0,0,0,0,1032192,3702776,2097158,2097154,2097154,2097156,3145732,3145732,3932164,493564,0,0,0,0,0,0
0,0,0,0,0,0,1835008,4194300,2097156,2097156,2097156,2097158,2097154,2097154,2097154,2097154,2097154,2097278,4128768,0,0,0,0
0,0,0,0,0,0,2097151,1048577,1048577,1048577,1048577,1048577,1048577,1048577,1048579,1048578,1835010,1015934,0,0,0,0,0
0,0,0,0,0,14368,418912,425504,156256,213952,62208,54656,54400,51328,248056,51328,51328,18624,116928,224448,142784,7776,96
0,0,0,0,0,7168,9728,28160,422456,156464,116672,60800,47232,45184,512480,37344,37120,37632,37376,120576,253312,159872,262272
0,0,0,0,0,278468,288712,163048,162264,117616,36448,35936,1034350,34928,34912,34880,51264,116800,214208,161216,397104,262144,0
0,7936,8320,12176,276888,487600,123360,37568,40000,101470,100464,493632,100416,35008,35296,102176,249360,162832,155664,131088,131120,16,0
0,0,0,15360,1057536,1600768,818064,410416,254944,58752,39296,104576,1020408,1935488,34944,34944,231872,428352,576096,1604640,1056800,32,0
0,0,0,0,30720,23552,58432,1098816,2196544,3215040,2071424,152064,406272,401880,1974648,418048,160000,143616,140160,337472,336960,838720,817248
0,0,0,0,0,0,28800,149632,97408,48768,29568,22272,19712,19960,1034368,543872,25728,9344,9344,58752,109888,79424,212000
0,0,0,768,3456,6336,212032,81728,62664,25336,17376,246560,16930,16956,16928,25136,41504,45600,72288,200688,131088,16,0
0,2048,15360,17408,55816,655256,590704,1016768,222848,138432,202944,1642560,1020152,38976,22720,116976,469384,407816,7688,8,0,0,0
0,0,0,1536,7952,79632,80272,45968,63136,27840,314432,511100,52292,19520,31808,62560,105552,69520,1552,24,0,0,0
0,0,0,0,8192,129024,198144,163360,182048,1116000,1248704,694528,414080,290944,286848,1319164,1843388,270464,401536,139648,74176,238112,326688
0,0,0,0,0,0,15872,17160,573320,582552,312304,517184,80960,71800,249920,987200,69696,69696,104512,100544,510752,818720,538656
0,0,0,0,0,131616,459376,853584,591440,592464,592792,1151368,1085836,1106308,1073280,1064960,2097152,0,0,0,0,0,0
0,0,0,0,0,65536,235520,178368,436416,305504,829728,583968,543008,1592096,1067552,1067552,1067568,1052208,1049616,16,0,0,0
0,0,0,0,0,0,131072,462848,342144,862592,600384,609088,1658432,1164832,1082400,3178528,16,0,0,0,0,0,0
0,0,0,0,0,0,0,32768,104576,235904,170304,309568,306496,567136,583200,1099296,1099312,33808,0,0,0,0,0
0,0,0,0,0,0,128,131520,399680,400192,932448,666144,666160,1134096,1132056,1132040,1132044,1147396,98308,32768,0,0,0
0,0,0,0,0,0,0,65536,202752,202816,334048,338400,896288,566560,574752,1623328,1099536,1098512,1082112,3179264,2129920,2097152,0
0,0,0,0,0,196640,327792,333904,862288,600208,616592,1688720,1098896,1099016,3196168,3196172,2098948,772,518,512,0,0,0
0,0,0,0,0,0,0,137280,137280,407776,470176,468144,599184,615824,608024,1131272,1131276,3244804,2195460,0,0,0,0
0,0,0,0,786432,656896,1707712,1116896,1116832,1121184,1119008,1086224,3191568,3187472,2154776,2121992,16392,0,0,0,0,0,0
0,0,0,0,0,0,66560,232576,298688,297792,561984,562016,1594144,1078048,1073696,1073680,1056784,8192,0,0,0,0,0
0,0,0,0,0,0,0,71680,211040,207968,468064,353488,902288,640144,639632,1098640,1082248,33544,264,256,0,0,0
0,0,0,0,0,0,196608,199744,462016,335008,300448,824608,570656,566800,1091088,1066512,3163672,2097152,0,0,0,0,0
