0,1,2,3,4,5,6,7,8,9,10,11,12,13,14,15,16,17,18,19,20
0,0,0,0,3072,13312,8704,8704,8704,8704,8704,7168,2048,130944,2048,2048,2048,6144,6144,6144,0
0,0,0,0,0,15872,8704,8704,8704,8704,12800,5120,7104,31744,2048,2048,2048,2048,2048,2048,2048
0,0,0,0,1536,6912,4352,4352,4352,4864,3584,32736,2048,2048,2048,2048,2048,2048,1024,1024,0
0,0,0,0,0,3840,6400,4352,4352,4352,5632,27648,16352,2048,2048,2048,2048,2048,2048,6144,2048
0,0,0,0,7680,4352,4352,8448,8448,8704,4608,7168,65280,2048,1024,1024,1024,3072,2048,2048,2048
0,0,0,0,7680,8704,8704,8704,8704,12800,4608,4608,32640,1248,1024,1024,2048,2048,2048,2048,2048
0,0,0,0,15360,17920,16896,17152,16640,8448,8960,4608,2560,65520,2048,2048,2048,2048,2048,2048,2048
0,0,0,0,7168,12800,16896,16896,8704,8704,4608,7168,131056,1024,1024,2048,2048,2048,2048,2048,2048
0,0,0,0,3072,7680,4608,4608,4608,5632,7168,130944,2048,2048,2048,2048,2048,2048,2048,2048,2048
0,0,0,0,7680,8704,25088,8704,8704,13824,7168,65280,2272,2048,2048,2048,2048,2048,2048,2048,2048
0,0,0,0,3584,4608,8448,8448,8704,12800,5120,32752,1024,1024,1024,1024,1024,1024,1024,1024,3072
0,0,0,0,512,3840,2304,6400,6656,3584,3072,32704,1024,1024,1024,1024,1024,1024,1024,3072,1024
0,0,8128,24688,32792,65544,131076,393222,262146,786946,790018,265732,264196,262148,131084,196616,65584,32864,16576,13184,3072
0,0,4064,28720,32792,65544,131076,131076,131076,131076,132612,132100,196612,65540,65540,65544,32792,49200,24672,8128,1792
0,0,0,0,12288,118272,197568,262240,262176,262176,268320,268320,262176,131104,131104,65600,98368,49344,16768,13824,7168
0,0,0,0,16352,49184,65552,131088,393232,262160,264208,530448,524304,524304,524304,786448,262176,393312,196672,59776,15872
0,0,0,8176,24584,49156,32772,65540,65540,131076,134660,134660,132100,65540,65544,65544,32784,32800,16576,16256,0
0,0,4080,14360,24584,32776,65544,196616,131084,393228,265228,134156,134152,131080,131096,131088,65584,65568,32832,49344,32640
0,0,0,3968,30816,114704,196616,393228,262148,262148,262148,265220,264196,131076,131080,196632,65584,49248,12480,3968,0
0,0,896,32352,98352,131088,393224,262152,262156,262148,786436,531460,524296,786440,262168,393232,131120,65632,32960,16768,16128
0,0,0,8184,24588,98310,196610,262145,262145,262146,263170,265218,263170,262148,262148,131080,131088,196640,98368,28864,7936
0,0,0,0,32736,114704,196624,131088,393224,262152,264200,530440,524296,524304,524336,262176,262208,131200,65920,102144,61440
0,0,0,262016,393440,262160,262168,786440,524296,527368,531464,793608,262168,262160,131088,131104,131168,65728,65920,33536,34304
0,0,0,0,0,0,65024,98688,65664,131136,131104,137248,137248,131104,65568,32832,49280,16640,8704,15360,0
0,0,0,0,2048,65024,131008,258144,262160,1048552,524296,24,1048568,16,524304,524320,524272,393408,131456,91648,64512
0,0,0,0,0,7936,24960,131008,131104,131128,264136,523280,262160,262192,262608,523808,131136,131200,132864,261632,68608
0,0,0,8188,24582,131066,196609,393217,524287,262145,262145,1048575,786433,262145,516098,278526,131076,65560,65504,12288,0
0,224,1848,6156,32767,32769,98304,229344,131103,229377,192513,135137,131135,229379,261638,131580,258072,135136,197504,130048,16384
0,0,0,0,0,16128,24704,65472,98336,67568,261136,131088,131080,212984,253968,65632,66432,64512,12288,0,0
0,0,8160,32760,61448,196612,401404,520196,262150,262270,270214,389126,393220,393228,133108,162824,114712,98320,41184,28416,4096
0,0,0,0,0,16320,49200,122896,212984,131080,196612,196604,131076,131084,262136,131088,65568,65600,65472,18816,15872
0,0,0,2016,7416,32648,49156,65534,98308,65540,65540,131068,65540,65548,131064,65560,65584,65504,49344,25344,15360
0,0,448,7792,32760,61444,65550,69618,260097,131073,131199,262081,131073,131073,196610,131068,32792,24672,16256,0,0
0,0,0,8064,28768,131056,196616,393220,524286,262146,262146,524287,262146,262146,262148,524284,131096,131168,262016,73216,57344
0,0,0,0,16380,16388,65532,65540,98308,262140,131076,131076,245764,163838,131096,131088,131104,131008,98688,17152,15360
0,0,0,1792,14528,57440,233720,524040,524296,524296,1048328,524536,524296,524304,1048568,786448,262176,262240,522432,135104,67072
8128,61560,100550,67715,132353,394496,262656,393216,491520,286723,268412,406401,246265,131087,132870,134276,200856,106608,115136,57088,8192
0,0,0,32512,53696,104752,67864,67336,132616,198152,180284,209348,246004,131084,133124,136200,136216,76848,126048,32640,0
0,0,1920,30944,37016,35204,67846,69388,67100,245814,161988,143812,245884,196612,131084,134152,134672,201568,78272,57728,30208
0,0,3904,4288,14560,52496,99848,65548,98316,122932,71780,71876,41020,49156,33164,17032,17648,9984,7680,0,0
0,0,0,0,3072,31488,49856,74336,144416,138272,131296,246560,157472,180448,229408,197728,105536,45696,17152,15872,4096
0,0,0,0,7936,124896,70704,137232,133232,262536,492040,319972,266292,286732,362500,399384,146480,156864,116608,99840,55296
0,0,384,7872,14640,19224,35352,68644,132292,131332,260484,137316,90140,99332,67076,69132,67864,100656,37312,32256,0
0,0,0,12160,12480,53536,37136,68104,68104,68632,66612,114788,77892,71806,122884,65924,66188,66800,100576,36608,30720
0,0,8064,61792,101136,134680,131096,262180,393284,360580,278786,311810,460738,393278,790540,274448,153696,215936,113664,61440,0
0,0,0,0,0,16256,58432,107616,140320,400400,268336,491600,409744,139664,180336,99888,101984,55744,29056,7936,0
0,0,0,6144,32736,37104,198800,134536,132360,229944,156360,137484,94716,114700,66568,36376,55856,20960,10112,15360,0
0,0,0,0,896,3680,12440,53644,201476,138246,131102,245858,143482,155662,98306,67332,101644,35088,37024,30144,7936
0,0,0,0,0,0,0,8192,131040,466968,335876,335876,335878,204802,204804,90116,98312,30736,2016,0,0
0,0,0,0,0,0,2040,15880,61444,233476,167938,299014,299020,167944,118832,32704,0,0,0,0,0
0,0,0,0,0,0,0,16376,122886,434179,339969,724992,659456,659457,659459,397316,262136,8160,0,0,0
0,0,0,0,0,0,4072,28700,120834,165890,296963,559105,591875,591874,856068,495640,127200,16128,0,0,0
0,0,0,0,0,0,0,0,32760,127108,430084,299012,495620,200712,131056,40960,0,0,0,0,0
0,0,0,0,0,0,0,8160,61664,102424,69644,200708,462852,339980,335896,254048,130944,0,0,0,0
0,0,0,0,0,0,1022,31750,104449,198657,460801,657409,133122,722946,856066,512060,16320,0,0,0,0
0,0,0,0,0,0,0,7168,58240,116832,165912,296975,362497,329729,362502,428088,248768,31744,0,0,0
0,0,0,0,0,0,0,15872,62448,233486,331777,462849,397314,397318,200760,131008,0,0,0,0,0
0,0,0,0,0,0,0,16352,127000,184332,299014,364546,593922,331778,495676,131040,0,0,0,0,0
0,0,0,0,0,0,0,16368,116748,165890,362499,591873,329729,493569,100358,63736,3968,0,0,0,0
0,0,0,0,0,976,8190,57350,233473,430081,331777,331777,331777,495617,167939,106524,65504,0,0,0,0
0,0,30720,17408,1536,512,512,512,2688,2816,1792,1536,512,704,640,6912,2816,1792,512,1536,0
0,7680,12800,512,864,448,1408,1280,768,272,288,320,6528,3456,896,256,256,256,0,0,0
0,0,0,0,0,0,6144,26624,18432,2048,2304,27392,11776,15360,6144,2048,2304,10752,10752,7168,6144
0,0,0,0,3072,7168,5120,9216,1024,5376,7680,3072,1024,1088,1088,5248,3328,3584,3584,1024,0
0,0,0,3584,6656,8704,512,576,704,1920,1792,512,512,4640,2592,3680,1728,768,0,0,0
0,0,0,0,0,3584,2560,512,512,2624,1920,768,544,2624,3776,1280,768,768,768,0,0
0,0,0,0,0,7168,9216,1024,1728,4992,2816,3584,1536,1024,1024,9216,13440,5504,3840,1536,1024
0,0,0,0,0,7168,13312,1024,1536,512,512,512,704,640,2816,1568,6720,2688,3840,0,0
0,0,0,0,7936,12544,8576,128,128,192,704,960,160,160,3232,1248,704,960,0,0,0
0,0,0,0,0,0,4096,14336,9216,1024,1024,640,640,2816,3584,1536,1024,5184,3264,3456,3584
0,0,0,6144,6144,1024,1024,1024,9472,5888,7680,3072,1088,1152,9472,14080,5632,7168,3072,0,0
0,0,0,7168,13312,13312,1024,1216,1408,5888,7680,3072,1056,1088,9344,5376,7680,3072,1024,0,0
0,0,0,0,0,0,49152,8320,12416,4352,4608,3072,3072,7168,9216,17408,17408,17408,18432,12288,0
0,0,0,0,6192,3168,1728,896,768,1792,3456,2176,4224,4224,4224,4352,3328,768,0,0,0
0,0,0,0,16448,8320,4352,6656,3072,3072,7168,4608,8704,8448,8448,8448,8704,9728,6144,0,0
0,0,0,49152,12304,6240,1216,768,512,1280,2304,6400,12544,8448,24832,16640,24832,8704,15360,0,0
0,0,0,0,8192,12352,2240,1792,1536,2560,4608,8704,8704,8704,8704,8704,11776,6144,0,0,0
0,0,0,0,16384,12352,6528,3584,1024,2560,12800,25344,16640,16640,16640,8448,12544,3584,0,0,0
0,24576,6152,1584,352,448,384,384,640,1152,2112,2112,4160,4160,4192,4160,4032,0,0,0,0
0,0,0,0,0,0,32784,57392,6208,1920,768,1408,2176,4224,8256,8256,16448,8256,12480,8064,0
0,0,0,8288,4288,2304,1536,1536,2560,4352,4480,4224,4224,4224,4224,4224,7936,0,0,0,0
0,0,49152,12336,2240,1408,1536,3328,12544,24704,16512,32832,32832,32832,16448,12672,7936,0,0,0,0
0,0,32768,49152,12288,6176,3136,1408,768,3840,6400,12544,24704,16512,16512,16512,8448,15872,0,0,0
0,0,0,8,14360,3120,1600,896,768,1792,2304,4352,8448,8448,8448,8448,8960,15872,0,0,0
0,0,0,1536,6656,12800,8704,4864,6912,3840,768,256,256,256,256,256,256,256,256,256,256
0,0,0,0,0,0,32256,16896,33280,33280,16896,25088,7936,512,512,512,512,512,512,512,512
0,0,0,0,0,0,15360,17408,33792,17408,25600,7168,1024,1024,1024,1536,1536,1536,1536,1536,0
0,7680,12800,8704,8704,8704,6656,3840,768,256,256,256,256,256,256,256,256,256,0,0,0
0,0,0,0,0,3840,2816,4352,4352,4352,3328,1792,256,256,256,256,256,384,128,128,128
0,0,0,0,1024,3584,5632,4608,4608,6656,3584,512,512,512,512,512,512,512,768,768,0
0,0,0,0,0,1024,3072,5120,5120,9216,5120,7680,1536,512,512,512,512,512,512,512,1536
0,0,0,1024,3584,2560,6656,2560,2560,3584,512,512,512,512,512,512,768,768,256,256,0
0,0,7168,5632,5632,8704,4608,6656,1536,512,512,512,512,512,512,768,768,768,0,0,0
0,0,0,0,3584,6656,12800,12800,4608,6656,3584,768,256,256,256,256,256,256,256,256,256
0,0,0,0,0,15360,25600,17408,17408,25600,15360,1024,1024,1024,1024,1024,1024,1536,1536,512,512
0,0,0,0,0,0,3840,12544,8960,8704,12800,7680,512,512,512,512,512,512,512,512,512
0,0,0,0,0,0,0,0,516098,270334,262146,262146,131078,114744,16320,0,0,0,0,0,0
0,0,0,0,0,0,0,0,0,16376,253976,393248,131264,98688,32512,0,0,0,0,0,0
0,0,0,0,0,0,0,0,2,524286,262146,131078,114716,32752,0,0,0,0,0,0,0
0,0,0,0,0,0,0,0,0,65535,491523,131100,196704,130944,0,0,0,0,0,0,0
0,0,0,0,0,0,0,0,1,524287,262146,262156,393328,212864,57344,0,0,0,0,0,0
0,0,0,0,0,0,0,0,0,524286,262146,262148,262152,393264,196704,59264,14336,0,0,0,0
0,0,0,0,0,0,0,0,3,1048575,262146,262150,262172,393456,130816,0,0,0,0,0,0
0,0,0,0,0,0,0,0,0,524287,262147,262156,393272,247744,30720,0,0,0,0,0,0
0,0,0,0,0,0,0,0,0,1048575,262150,393228,196632,98416,32640,0,0,0,0,0,0
0,0,0,0,0,0,0,0,1,524287,262150,262156,262192,393440,261888,4096,0,0,0,0,0
0,0,0,0,0,0,0,1,1,262143,131073,131073,131075,98332,32736,0,0,0,0,0,0
0,0,0,0,0,0,0,0,0,524284,264452,262156,262168,196720,130944,0,0,0,0,0,0
0,0,0,0,0,0,0,262140,131076,131076,131076,131076,131076,131076,253956,124,0,0,0,0,0
0,0,0,0,0,0,65536,131064,131080,131080,262152,262152,262152,262152,262152,262152,516344,0,0,0,0
0,0,0,0,0,0,524287,262151,262145,262145,262145,262145,262145,262145,262146,262146,516220,0,0,0,0
0,0,0,0,0,0,261632,131582,131074,131074,131074,131074,131074,131074,131074,131074,131076,258052,28,0,0
0,0,0,0,0,2044,522244,262148,262148,262148,262148,262148,786436,524292,508004,28,0,0,0,0,0
0,0,0,0,0,0,524256,262206,262146,262146,262146,262146,262146,295682,508402,12,0,0,0,0,0
0,0,0,0,0,0,524224,262270,262146,262146,262146,262146,262146,262146,278658,1032444,0,0,0,0,0
0,0,0,0,0,7168,518142,262146,262148,262148,262148,262148,262148,786436,524292,1016188,16832,0,0,0,0
0,0,0,0,0,0,261632,132094,131074,131076,131076,131076,131076,131076,188420,254068,60,0,0,0,0
0,0,0,0,0,0,0,524280,524414,524291,524290,524294,524292,524292,983068,58336,0,0,0,0,0
0,0,0,0,0,0,1048572,524292,524294,524290,524290,524290,524290,524290,524290,524350,622592,393216,0,0,0
0,0,0,0,0,524160,262271,262145,262145,262145,262145,262145,262145,262145,262145,507970,62,0,0,0,0
0,0,0,0,2048,73264,73264,70432,37344,31104,10880,11904,9280,58488,9280,9280,25664,54336,38624,4000,32
0,0,0,0,1024,3584,4864,81176,78104,41952,30592,15488,30912,125168,26752,26752,26880,11008,61312,113728,65600
0,0,0,0,4036,69700,79844,39144,58808,26400,17952,255022,17456,17440,9248,9280,58976,45664,69552,65536,0
0,3968,4288,6088,202952,63728,14656,20288,18031,17468,115744,17472,17472,17584,58128,42512,47112,32776,32792,24,0
0,0,0,7936,266624,409232,209304,111088,29376,19584,19584,249084,410688,17472,17600,115936,206112,407328,269360,16,0
0,0,0,0,15872,15904,291360,541216,575040,519616,112896,71936,69864,495768,71808,71808,100736,102720,234016,148000,146464
0,0,0,0,0,6208,40000,37440,24384,15232,7040,5760,5880,259648,4672,4672,4672,12864,22240,56096,36384
0,0,0,896,1088,34912,36640,31716,4472,12720,57760,8498,8476,8464,12560,30992,18736,34416,33232,16,0
0,1024,7680,8960,32524,287192,229872,127936,35392,35904,445504,248952,9280,9280,62584,70792,69512,4,0,0,0
0,0,0,1808,3472,53128,18824,31568,15968,9792,123516,8768,8768,6752,31312,19528,33736,8,8,0,0
0,0,0,0,30720,50688,40192,62240,836000,296640,224384,206976,71808,200768,987260,69696,69824,102528,37056,53552,77328
0,0,0,0,0,1536,14600,12168,153992,156144,127584,20000,19516,124960,149536,18464,19488,17504,124064,210736,138256
0,0,0,0,0,98608,164656,164656,165192,279880,281032,288964,274628,274432,524288,524288,0,0,0,0,0
0,0,0,0,0,50176,52288,87264,87200,144544,144544,406800,275728,275728,275728,276240,262672,16,0,0,0
0,0,0,0,0,0,100352,101440,169152,185536,152864,287520,287520,287248,16,24,0,0,0,0,0
0,0,0,0,0,0,16384,25600,60608,109760,76960,145056,144160,275232,271128,8720,0,0,0,0,0
0,0,0,0,0,64,192,66752,69024,167200,169264,300304,299800,303880,303880,287492,24580,16386,16384,0,0
0,0,0,0,0,0,32768,32768,85088,85088,216224,153248,152224,422576,287376,287632,287112,270720,532480,524288,0
0,0,0,0,32784,98352,100400,166992,152656,152656,291400,287368,287368,533132,533124,524548,258,258,0,0,0
0,0,0,0,0,0,0,101472,101472,105584,168528,168592,168584,308104,319884,811268,549124,2,0,0,0
0,0,0,0,197120,295744,296288,296416,312752,280976,805264,543120,539016,536712,536712,0,0,0,0,0,0
0,0,0,0,0,0,49728,83648,214944,159136,403872,272800,272656,276752,266512,266248,0,0,0,0,0
0,0,0,0,0,0,52224,52256,53808,86640,86608,160336,156248,287176,287112,287112,396,128,0,0,0
0,0,0,0,0,0,32768,83552,83680,84656,150160,150416,291600,275216,275208,524288,0,0,0,0,0
