0,1,2,3,4,5,6,7,8,9,10,11,12,13,14,15,16,17,18,19,20,21,22,23,24,25
0,0,0,0,0,24576,258048,135168,135168,137216,137216,202752,71680,77824,57344,16384,2096640,16384,16384,16384,16384,49152,49152,49152,49152,0
0,0,0,0,0,0,126976,69632,69632,71680,71680,71680,71680,102400,61440,65280,520192,24576,24576,8192,8192,8192,57344,24576,24576,16384
0,0,0,0,0,12288,60416,33792,99328,99328,99328,35840,63488,524160,8192,8192,8192,8192,8192,8192,8192,8192,8192,8192,8192,0
0,0,0,0,0,0,31744,17408,33792,33792,33792,33792,38912,61440,262016,65408,16384,16384,16384,16384,16384,16384,16384,49152,16384,16384
0,0,0,0,0,63488,35840,101376,101376,68608,68608,67584,100352,104448,60416,1047552,24576,8192,8192,8192,8192,8192,24576,24576,49152,16384
0,0,0,0,30720,63488,67584,67584,67584,67584,67584,67584,100352,38912,53248,524160,271232,8192,8192,8192,8192,24576,24576,24576,16384,16384
0,0,0,0,0,253952,143360,399360,395264,396288,134144,199680,68608,100352,51200,31744,2097088,24576,16384,16384,16384,16384,16384,16384,16384,49152
0,0,0,0,0,57344,260096,133120,133120,133120,133120,198656,104448,45056,28672,2097120,8192,8192,8192,8192,8192,8192,8192,8192,24576,24576
0,0,0,0,0,24576,63488,34816,34816,34816,34816,38912,61440,1046528,2096896,16384,16384,16384,16384,16384,16384,16384,16384,16384,16384,49152
0,0,0,0,8192,61440,202752,133120,133120,133120,198656,102400,61440,24576,1048320,24960,24576,24576,24576,16384,16384,16384,16384,16384,16384,16384
0,0,0,0,0,28672,51200,101376,68608,68608,67584,71680,36864,258048,262112,8192,8192,8192,8192,8192,8192,8192,8192,8192,24576,24576
0,0,0,0,0,4096,15360,19456,50176,52224,51200,22528,20480,28672,524032,8192,8192,8192,8192,8192,8192,8192,8192,8192,8192,0
0,0,6144,131008,458976,524336,1048600,3145736,6291468,4194308,8388614,8394758,8402950,8419332,8417284,12582924,4194312,4194328,2097168,3145776,1572960,786624,393600,198144,130048,24576
0,0,0,262080,458848,786480,1572880,3145752,2097160,6291468,6291460,6291460,6303748,2109444,2097164,3145740,3145736,1048584,1048600,524304,524336,262240,393408,99200,65024,2048
0,0,0,0,0,245760,946176,3153408,6292352,12583104,12583104,12583104,12583104,12632256,4243648,4194496,6291648,2097280,3145856,1048960,1573120,787200,394752,203776,126976,24576
0,0,0,0,0,262080,983104,1572928,3145824,2097184,4194336,12582944,8405024,8437792,8437792,8388640,8388640,8388640,8388704,8388672,8388800,4194432,3146112,1835776,510976,61440
0,0,0,16256,131040,196632,262152,786440,1572876,1048588,3145740,2097164,2111500,2127884,2111500,2105352,3145736,1048600,1048592,1572912,524384,786624,394112,230912,129024,0
0,0,0,32736,98352,458768,786456,1572888,1048600,3145752,6291480,4194328,4218904,4218904,4218904,4218904,6291472,6291504,2097184,3145824,3145792,1048768,1572992,786688,402944,261632
0,0,0,0,32640,246208,786528,3670064,6291480,4194328,12582920,8388616,8388616,8413192,12607496,4194312,4194312,6291480,2097168,3145760,1572928,786560,459520,65024,14336,0
0,0,0,65280,1040832,1572928,3145760,6291504,4194320,12582936,8388616,8388616,8388616,8413192,8445976,8388632,8388624,8388656,12582944,6291552,2097216,1048960,1573120,786944,199680,129024
0,0,0,8160,131056,458776,1835020,3145734,6291458,12582915,12582915,12582914,4206594,4222978,4222982,4194308,4194316,4194312,4194328,6291504,2097248,3145920,1573248,918272,255488,31744
0,0,0,0,0,262080,917568,1048608,2097184,6291488,4194352,12582960,8405008,25214992,25214992,16777232,16777248,25165920,8388800,8388736,12583296,6292224,3147264,1575936,980992,491520
0,0,0,1046528,4193792,4195264,12583008,8388640,8388656,8388624,8388624,8396816,8445968,8445968,8445968,12582960,4194336,4194400,6291520,2097344,3146112,3146496,1050112,1575936,530432,815104
0,0,0,0,0,0,0,258048,949248,1050112,3146496,2097536,6291584,6324416,6340672,6340672,2097216,3145920,1573248,786688,262656,396288,198656,126976,114688,0
0,0,0,0,0,16384,522240,1838592,4194176,6291648,12583328,33554416,33538096,16777264,16777328,33554416,16777248,16777248,16777312,16777184,16777088,4195072,2098688,3283968,1716224,1040384
0,0,0,0,0,0,63488,232960,925440,2097024,2097344,6291568,4196336,8387632,8323104,4194336,4194528,4195296,8388160,4194496,4194688,6292224,6295040,4193280,2109440,1171456
0,0,0,8160,131068,458764,2097146,3145731,6291457,8388607,16777215,8388609,8388609,12582927,16777215,8388611,8388610,16252930,16776196,4202492,6291480,3670064,917472,491520,0,0
0,0,8160,28728,114700,262143,786495,1572865,4186113,2162685,2097215,3670017,3080193,2357249,2105329,2097215,2097154,4186118,2162684,2097400,4186208,2129856,2100736,2095104,1032192,0
0,0,0,0,0,0,130048,232960,524032,1047936,1573056,3153888,4194144,2097184,2097200,2097200,2228208,4177952,3145952,1049472,1580544,1044480,491520,0,0,0
0,0,16256,127200,524272,1015832,3145736,6291704,4718572,16515076,8388612,8388860,8404964,8908804,16646148,6291468,4194328,6293496,2162456,4161552,1048624,1572960,852416,474880,253952,0
0,0,0,0,0,0,130944,491712,1835104,2097120,3211248,2097168,6291464,4161544,2162680,2097160,2097176,4194296,2097184,2097248,3145920,1573248,1048320,804352,248832,129024
0,0,0,384,16320,123888,262136,393240,786440,1048572,1572872,1048588,1048588,2097148,1048588,1048584,1048600,1574896,2097136,1048608,1048640,1048448,1047936,396800,243712,122880
0,0,0,16256,122976,524272,1040396,1572868,1049598,3407746,4161538,6291459,4194335,8388607,6290433,6291457,2097155,2097158,1050620,2097144,786528,393664,261888,14336,0,0
0,0,0,0,130816,491904,1048544,3670000,6291480,4194316,8388604,12582918,12582914,12582914,16777214,12582914,12582916,4194308,8388588,4259832,4194400,6291904,4194048,4193280,2088960,983040
0,0,0,0,0,131064,458760,1048568,2031624,1048584,1572872,4194300,2097164,2097164,6291464,8372232,7340028,6291504,6291488,6291552,3145920,4194176,1574400,789504,464896,126976
0,0,0,0,32256,115456,459200,1835120,8388592,16515096,25165848,16777240,16777240,33554416,16777232,16777264,25165856,33554416,16777184,8388672,8388800,12583040,8356224,8388352,3148800,1587200
65408,516576,835896,1590022,3171843,2106369,4209665,4200448,12589056,14680064,16252929,4653063,4292637,4245489,4689857,8126707,6291482,6298638,2110988,2114072,3244848,1769952,1966976,794112,520192,0
0,0,0,61440,523264,821120,1623232,1066016,1076272,3155984,2107408,3160088,8130616,6750664,5441288,8258536,6291512,6307848,6316056,2138128,2203696,3367008,1716608,927488,261120,0
0,0,0,261888,508896,819760,575000,1590284,1076238,1058844,3160116,3932260,4178372,2148100,2590692,4063356,3145736,2097160,2097176,2121776,2117728,3180736,1148672,1771008,953344,520192
0,0,15616,59136,99072,247488,420960,792624,1050640,1048600,1572920,1966184,1278156,1098124,1688572,721148,917512,787976,266008,399664,145376,207872,61440,0,0,0
0,0,0,0,0,24576,261120,921344,1706368,3346560,2207872,6348992,4211136,7866304,5119168,6504128,6686592,3932288,3145856,1077376,1626496,1022720,396800,506880,253952,0
0,0,0,0,2048,64512,1021824,1683648,2138208,2154592,6308320,4196144,7347216,14556696,12813256,12681336,13041720,14417928,7389208,4251696,6365376,2306944,3544576,1842176,798720,507904
0,0,0,7936,63360,247008,445488,804912,1601656,3158472,2097928,2098700,4131844,3131140,3244484,3539060,3944460,1060872,1062920,1075216,1068080,1625184,558976,1048064,245760,0
0,0,0,15360,259584,231296,493248,820320,1625120,1067056,3166224,3174456,3154024,3670216,4063624,3375496,1163772,2064396,1574408,1052168,1579800,1586016,1598400,548352,1046528,458752
0,0,6144,261888,970176,1591392,2127920,6303792,4194392,4194504,14680460,16515844,12977156,12979204,14422020,15744900,12583422,29392926,21069872,4440160,6734272,3432192,1964032,983040,458752,0
0,0,0,0,0,0,130560,515968,856448,1126528,2175040,6398048,4243552,6341088,8127264,4588064,6491680,6688736,2887904,1063104,551040,315136,495104,232960,63488,0
0,0,0,0,261888,524224,820032,1622560,3162672,6317072,6306832,5773424,5118936,6522392,2148312,3377144,1835032,1581080,536592,806944,313408,495488,204544,258048,16384,0
0,0,0,0,0,3840,32640,115680,492336,1869336,3202060,2158596,2121758,3145974,4129666,2195966,2555932,3932164,1050628,1063948,1598488,541792,837312,492416,261632,24576
0,0,0,0,0,0,0,0,0,522240,4194240,15794288,9502744,9502732,9502732,5308420,7405572,3211268,3342344,1703960,1835056,508000,64960,3968,0,0
0,0,0,0,0,0,0,992,65456,491544,1015820,3964932,6848516,4751364,4767756,4767768,7127088,3965024,1033152,65280,0,0,0,0,0,0
0,0,0,0,0,0,0,0,61440,524280,4128782,7143430,14221315,11632641,27361280,31555584,23166977,31555587,14778372,7438360,2097136,131008,32768,0,0,0
0,0,0,0,0,0,0,0,131064,491548,2015236,7651334,13418498,8962050,18366467,17842178,17842182,26787852,13139992,3768560,2097088,130048,0,0,0,0
0,0,0,0,0,0,0,0,0,16352,262128,2064904,7700488,13205512,13205512,5865480,7962648,4194288,1048064,524288,0,0,0,0,0,0
0,0,0,0,0,0,0,0,32704,259008,1016768,1605728,1605656,3178508,3178508,5341192,15794200,15925296,7995616,3801984,1048064,0,0,0,0,0
0,0,0,0,0,0,0,12,65532,507910,1884161,3162113,7356417,27279363,18890755,18890754,19972102,28360708,15826956,4194296,556800,0,0,0,0,0
0,0,0,0,0,0,0,0,0,261120,1003264,1851840,3948656,6832156,5783559,14180353,14172163,14172166,13123644,6833120,4193792,516096,0,0,0,0
0,0,0,0,0,0,0,0,0,262016,2068448,7962686,14188550,15761410,10518530,10518530,14712846,7438456,4194272,261120,0,0,0,0,0,0
0,0,0,0,0,0,0,0,0,262080,4161648,6717464,5013534,14188546,9994242,9994242,9994246,5799996,8356832,1048064,0,0,0,0,0,0
0,0,0,0,0,0,0,0,0,1048568,1851420,6832134,13131778,9986051,9986051,13656067,7888899,3694598,1982588,262112,0,0,0,0,0,0
0,0,0,0,0,0,0,32752,245822,983046,4030467,6914049,5799937,14188545,14188545,5799937,5799939,6914050,3735580,1900784,1048448,0,0,0,0,0
0,0,245760,417792,274432,4096,6144,6144,6144,2048,19968,27648,11264,15360,6144,6144,6400,6912,105984,56320,31744,15360,6144,6144,6144,0
0,28672,120832,198656,133120,2432,2816,11776,15872,7168,3104,3168,3264,3456,3328,52992,13824,5632,3584,1024,1024,1024,0,0,0,0
0,0,0,0,0,0,0,49152,245760,409600,409600,16384,24576,19456,153600,225280,90112,49152,49152,17408,150528,215040,88064,126976,57344,49152
0,0,0,0,0,24576,61440,36864,69632,69632,5632,39936,55296,20480,12288,4096,4096,4352,54016,54784,21504,22528,30720,12288,4096,0
0,0,0,0,30720,55296,67584,67584,2048,2432,2816,11776,15360,6144,2048,2048,2112,51264,26752,10624,15104,7168,2048,0,0,0
0,0,0,0,0,0,14336,30720,2048,2048,2176,27008,15104,7680,6144,18624,18816,27392,15872,7168,7168,3072,3072,0,0,0
0,0,0,0,0,0,61440,110592,4096,4096,4864,54784,23552,22528,28672,12288,4096,4096,4096,69632,103168,54784,23552,30720,12288,4096
0,0,0,0,0,0,24576,122880,77824,4096,4096,4096,4096,4096,6144,7040,6912,24064,31744,47232,55680,23296,32256,14336,0,0
0,0,0,0,0,64512,99328,67072,1536,512,512,512,4992,7040,3904,576,576,8896,12928,4992,7040,3840,512,0,0,0
0,0,0,0,0,0,0,0,49152,90112,73728,12288,4096,4096,4864,5632,23552,30720,14336,4096,4096,53504,20736,21248,23552,28672
0,0,0,0,49152,122880,8192,8192,8192,8192,74752,44032,59392,28672,24576,8576,8960,140800,207872,108544,47104,61440,24576,8192,0,0
0,0,0,0,57344,106496,106496,8192,8192,8960,75264,109568,47104,28672,28672,12416,12672,78592,79360,48128,30720,28672,28672,4096,0,0
0,0,0,0,0,0,0,786432,393216,197120,98816,33792,35840,55296,28672,24576,106496,204800,143360,135168,135168,143360,155648,245760,0,0
0,0,0,0,0,49248,24768,12672,6912,3584,3072,5120,9728,26112,49664,33280,98816,99840,34304,50176,31744,6144,0,0,0,0
0,0,0,0,0,393600,197376,99840,35840,55296,28672,24576,61440,36864,71680,67584,198656,134144,134144,133120,133120,208896,122880,0,0,0
0,0,0,262144,393216,196704,49344,25472,5632,7168,6144,15360,27648,19456,35840,99328,197632,132096,132096,132096,134144,202752,126976,57344,0,0
0,0,0,0,0,65536,98432,49920,26112,15360,12288,28672,102400,69632,202752,202752,198656,198656,198656,202752,126976,49152,0,0,0,0
0,0,0,0,0,393216,196864,34560,19456,14336,12288,20480,100352,198656,396288,396288,394240,132096,132096,197632,101376,30720,0,0,0,0
0,131072,98320,61488,6240,3200,1280,1536,1536,3584,6656,13056,24832,16640,49408,33152,32896,32896,32896,49536,32512,0,0,0,0,0
0,0,0,0,0,0,0,0,786528,229568,57728,13824,7168,7168,12800,25088,33536,65792,196864,131456,131456,131328,197376,116224,31744,0
0,0,0,131200,229760,49920,28160,14336,12288,30720,18432,35840,99328,98816,98816,99072,99072,33536,33536,34304,63488,0,0,0,0,0
0,0,262144,458784,98528,25472,13824,7168,14336,27648,99328,197120,393984,262400,786688,524672,786816,262400,131840,130560,30720,0,0,0,0,0
0,0,0,786432,393216,229376,49344,24960,8960,5632,6144,14336,60416,99328,198144,131584,393728,262656,262656,132608,199680,129024,57344,0,0,0
0,0,0,0,65552,114736,24672,12672,6912,3584,3072,15872,26112,50688,99840,67072,198144,132608,132096,134144,198656,126976,0,0,0,0
0,0,0,2048,30720,51200,100352,67584,67584,34816,51200,30720,7168,3072,3072,1024,1024,1024,1024,1024,1024,1024,1024,1024,3072,1024
0,0,0,0,0,0,0,260096,397312,266240,790528,528384,266240,397312,251904,63488,6144,6144,2048,2048,2048,2048,2048,6144,6144,2048
0,0,0,0,0,0,0,258048,397312,266240,790528,266240,397312,258048,61440,4096,4096,4096,4096,4096,4096,4096,4096,4096,4096,0
0,30720,129024,198656,133120,198656,67584,100352,59392,15360,7168,3072,3072,3072,3072,3072,3072,3072,3072,3072,3072,3072,0,0,0,0
0,0,0,0,0,2048,14336,26624,51200,52224,35840,35840,19456,15360,1024,1024,1024,1024,1024,1024,1536,1536,1536,512,1536,512
0,0,0,0,0,12288,28672,36864,36864,36864,36864,53248,28672,12288,6144,2048,2048,2048,2048,2048,2048,2048,2048,2048,2048,0
0,0,0,0,0,0,4096,28672,61440,36864,102400,69632,102400,53248,28672,4096,4096,4096,4096,4096,6144,6144,6144,6144,6144,6144
0,0,0,0,12288,28672,20480,55296,55296,18432,18432,30720,14336,2048,2048,2048,2048,2048,2048,2048,2048,3072,3072,3072,0,0
0,0,28672,36864,36864,102400,102400,102400,36864,30720,14336,6144,2048,2048,2048,2048,2048,2048,2048,2048,2048,2048,2048,0,0,0
0,0,0,0,0,28672,55296,104448,67584,100352,34816,51200,26624,14336,2048,3072,3072,3072,3072,3072,3072,3072,3072,1024,1024,0
0,0,0,0,0,0,122880,204800,401408,270336,270336,139264,253952,61440,12288,12288,12288,4096,4096,4096,4096,4096,4096,4096,4096,4096
0,0,0,0,0,0,0,31744,52224,199680,133120,198656,67584,116736,30720,2048,6144,6144,6144,4096,4096,4096,4096,4096,4096,4096
0,0,0,0,0,0,0,0,0,8388608,16744448,8519678,8388614,12582916,4194308,6291468,3932280,1048512,32256,0,0,0,0,0,0,0
0,0,0,0,0,0,0,0,0,0,0,65520,2093176,7340096,4194688,6292224,3671552,1047552,0,0,0,0,0,0,0,0
0,0,0,0,0,0,0,0,0,0,14680066,16777214,8454138,4194310,6291468,4063288,262112,3584,0,0,0,0,0,0,0,0
0,0,0,0,0,0,0,0,0,0,1,262143,8372227,6291486,6291576,3146176,2096896,61440,0,0,0,0,0,0,0,0
0,0,0,0,0,0,0,0,0,0,3,16777215,8421374,8388620,12582960,6291936,3276544,2088960,0,0,0,0,0,0,0,0
0,0,0,0,0,0,0,0,0,0,0,16777214,12582916,8388612,8388616,12582928,4194400,7340480,1836800,523264,0,0,0,0,0,0
0,0,0,0,0,0,0,0,0,0,2,16777214,8396788,8388612,8388620,8388664,6292448,4194048,0,0,0,0,0,0,0,0
0,0,0,0,0,0,0,0,0,0,0,16777215,12582914,12582926,4194328,4194800,3948416,1044480,0,0,0,0,0,0,0,0
0,0,0,0,0,0,0,0,0,0,0,33554431,8390654,4194316,6291480,3145776,1835488,524160,28672,0,0,0,0,0,0,0
0,0,0,0,0,0,0,0,0,0,3,14680190,16777158,8388620,8388664,12583008,6292352,3161600,2093056,0,0,0,0,0,0,0
0,0,0,0,0,0,0,0,1,1,1,8388607,6291457,6291457,2097155,2097158,1835064,524256,31744,0,0,0,0,0,0,0
0,0,0,0,0,0,0,0,0,0,0,16712188,13107196,12582920,12582936,4194352,7340480,1974144,520192,0,0,0,0,0,0,0
0,0,0,0,0,0,0,0,12272,4194300,6291468,6291468,6291464,6291464,6291464,6291464,6291464,4128776,504,240,0,0,0,0,0,0
0,0,0,0,0,0,0,0,4194240,3276784,2097168,6291472,4194320,4194320,4194320,4194320,4194320,4194320,4194320,4194832,8258544,0,0,0,0,0
0,0,0,0,0,0,0,8388352,16777215,12582913,12582913,12582913,12582913,12582915,12582915,12582915,12582915,12582914,12582918,12582924,16711932,0,0,0,0,0
0,0,0,0,0,0,0,4063232,3145600,2098174,2097154,2097158,2097158,2097156,2097156,2097156,6291460,2097156,2097156,2097156,2097164,4161576,120,0,0,0
0,0,0,0,0,0,0,16777208,8388616,8388616,8388616,8388616,8388616,8388620,8388620,8388620,8388620,16646156,1020,0,0,0,0,0,0,0
0,0,0,0,0,0,0,0,16777212,8388612,8388612,8388612,8388612,8388612,8388612,8388612,8390660,8130500,124,0,0,0,0,0,0,0
0,0,0,0,0,0,0,0,16777212,8388670,8388614,8388614,8388612,8388612,8388612,8388612,8388612,8388612,16712700,15728640,0,0,0,0,0,0
0,0,0,0,0,0,16384,8388480,15729148,12582916,12582916,12582924,12582924,4194312,12582920,12582920,8388616,8388616,8388620,16517112,263680,0,0,0,0,0
0,0,0,0,0,0,0,3670016,8388606,6293502,6291460,2097156,2097164,2097164,2097164,2097164,2097164,2097164,4128780,2097404,24,0,0,0,0,0
0,0,0,0,0,0,0,0,8355840,12713976,25165836,16777218,16777222,25165828,25165828,25165836,25165836,32505864,8261624,395264,0,0,0,0,0,0
0,0,0,0,0,0,0,16777208,26214396,16777228,16777220,16777220,16777220,16777220,16777220,16777220,16777220,16777220,16777220,25166076,33292288,14680064,0,0,0,0
0,0,0,0,0,0,0,16777215,12582913,12582913,12582913,12582915,12582915,12582915,12582915,12582915,12582914,12582914,14680066,4063742,126,0,0,0,0,0
0,0,0,0,0,16384,61536,1083584,1177664,1674432,886656,509696,215552,228096,209152,733584,995824,200960,201088,201088,463232,889216,562048,63168,31936,192
0,0,0,0,0,4096,30720,51200,113664,1174576,1803376,987072,499456,242432,156416,2277632,4147168,156640,156160,157184,158720,224256,1015296,652032,1163520,1048832
0,0,0,0,0,32520,1106312,1154952,1700312,648080,861936,470208,141376,208960,8335484,143424,139456,139456,209024,987264,594304,629120,1638368,1055776,1048576,0
0,32256,49920,36624,48656,3203856,2081632,509888,159104,141440,407710,405756,1978496,1978496,397440,135552,398272,400992,727072,749616,639024,524336,524336,524336,48,0
0,0,0,28672,8444928,12617216,4323872,2215728,1115744,1019840,498432,152320,422656,418808,16655296,401664,401664,405760,930688,1709696,6493376,4308032,8450112,96,32,0
0,0,0,0,32768,126976,260096,235648,8853632,25565312,25966976,15609600,3892224,1164288,1099264,5276624,7914096,1098240,1163776,1590784,1623808,1625472,3983488,2414720,2339008,2220224
0,0,0,0,0,0,49408,123136,635136,899328,456960,249600,126464,113152,111152,111600,8360192,4296960,102656,37120,39168,235776,514944,317120,851136,553024
0,0,0,1024,7936,12672,24704,555136,851592,252824,101808,100320,984640,984128,66668,68728,68640,99360,230496,410720,289856,800992,532256,524320,0,0
0,0,61440,104448,199680,4455448,4689712,4982496,4132608,755968,547200,553344,795008,8135152,401536,139392,74112,500208,1876752,1110552,1080344,8,0,0,0,0
0,0,0,0,15392,26144,286256,288272,446256,256352,129472,201088,4133104,200956,200832,69760,53440,512224,422064,799120,532240,16,16,0,0,0
0,0,0,0,0,253952,800768,527360,653376,986688,9178816,13114240,8270592,3367424,1131264,3261184,3178752,15761916,15761916,3178752,1081600,1606400,819968,837568,2018400,3405856
0,0,0,0,0,0,0,64512,67096,4423440,6539024,2297824,4164032,2021504,291008,286968,2056384,3424448,286912,286912,270528,401792,1979328,3358272,2160736,6340704
0,0,0,0,0,0,1576032,3673312,7081120,7085216,4461744,4470160,4466576,12732184,12763912,8618764,8487168,8388608,25165824,0,0,0,0,0,0,0
0,0,0,0,0,0,786432,811264,1991040,1221568,3318464,2269760,6533696,4437568,4437088,4306016,12686432,12686432,8494112,8460320,8394784,32,32,0,0,0
0,0,0,0,0,0,0,524288,1597440,3990272,2925312,6599552,4560512,4527232,4529344,13047872,8525888,8519776,32,0,0,0,0,0,0,0
0,0,0,0,0,0,0,0,393216,401664,942848,1733504,1200768,3330688,2266816,6460480,4428864,12786752,8591472,198688,0,0,0,0,0,0
0,0,0,0,0,0,256,896,1049472,1581696,3696256,2651200,6878272,4756576,4822048,13474864,13442064,9243672,8850440,8784904,393228,393220,131072,0,0,0
0,0,0,0,0,0,0,0,786432,794624,1859776,1339840,3437376,2413376,2527808,6722112,4692544,4393568,4394528,12783152,8586768,8586752,25298432,25296896,0,0
0,0,0,0,0,524384,1835104,1835232,2908320,2416800,6599072,6590752,4559152,4657968,12786448,8587792,8587800,25366024,16846348,16780292,1028,1028,0,0,0,0
0,0,0,0,0,0,0,0,532608,1601728,1593792,1626432,3707232,2922784,7113504,5081648,5081616,12914200,8848904,8848396,25559044,4,0,0,0,0
0,0,0,0,0,7342080,5773312,4726144,13123008,13381440,8660800,8676960,8799776,8799776,8537648,25347632,25396752,25264656,98328,0,0,0,0,0,0,0
0,0,0,0,0,0,0,268288,1972608,1457024,2239104,6433408,4353728,4410944,4410944,12668000,8506464,8487968,8421424,32768,0,0,0,0,0,0
0,0,0,0,0,0,0,262144,815168,839744,839904,1347808,1349792,3508640,2427168,6621488,4656400,13045520,8521232,8521240,1544,512,0,0,0,0
0,0,0,0,0,0,0,786432,1839488,1323456,1325888,3570496,2509408,6442592,6474784,4361248,12815392,8490032,25233424,16777216,0,0,0,0,0,0
