0,1,2,3,4,5,6,7,8,9,10,11,12,13,14,15,16,17,18,19,20,21,22,23,24,25,26,27,28,29,30,31,32,33,34,35,36,37,38,39,40,41,42,43
0,0,0,0,0,0,0,0,0,266338304,1071644672,1886388224,1882193920,1882193920,1882193920,1882193920,1882193920,1882193920,808452096,808976384,808976384,942669824,435159040,532676608,251658240,50331648,68702699520,68719411200,67043328,50331648,50331648,50331648,50331648,50331648,50331648,50331648,251658240,251658240,234881024,100663296,100663296,100663296,33554432,0
0,0,0,0,0,0,0,0,0,130023424,534773760,409993216,405798912,405798912,405798912,405798912,405798912,405798912,405798912,405798912,405798912,405798912,477102080,484442112,264273920,127909888,4294950912,4294705152,25165824,25165824,25165824,25165824,25165824,25165824,25165824,25165824,125829120,125829120,125829120,58720256,58720256,58720256,58720256,58720256
0,0,0,0,0,0,0,0,14680064,33030144,66846720,118358016,235274240,470155264,470155264,470155264,470155264,202244096,202113024,245104640,133693440,133169152,8589930496,8589930496,25165824,25165824,25165824,25165824,25165824,25165824,25165824,25165824,25165824,25165824,25165824,25165824,29360128,12582912,12582912,12582912,12582912,8388608,0,0
0,0,0,0,0,0,0,0,0,0,33292288,66977792,117833728,101056512,235274240,235274240,235274240,235274240,235274240,235798528,236716032,108527616,133169152,1639972864,2147481600,1073739776,58720256,58720256,50331648,50331648,50331648,50331648,50331648,50331648,50331648,50331648,50331648,50331648,50331648,117440512,117440512,50331648,50331648,0
0,0,0,0,0,0,0,0,66060288,267911168,268173312,202113024,470548480,470548480,403439616,403439616,403439616,403439616,404488192,404226048,404226048,473432064,208666624,266338304,268304384,34359672832,34357641216,25165824,25165824,29360128,29360128,29360128,29360128,29360128,29360128,29360128,29360128,25165824,25165824,25165824,58720256,125829120,117440512,50331648
0,0,0,0,0,0,0,133693440,267911168,471334912,404488192,941359104,941359104,807141376,807141376,941359104,941096960,404226048,404226048,404226048,473432064,204996608,204472320,238026752,124780544,4294836224,8589932544,2160586752,29360128,29360128,29360128,29360128,29360128,29360128,25165824,25165824,25165824,25165824,25165824,25165824,25165824,25165824,58720256,58720256
0,0,0,0,0,0,0,0,532676608,2145386496,1893728256,3761242112,3224895488,3222798336,3223060480,3222011904,1611399168,1611399168,1611399168,806092800,806092800,941359104,471334912,236453888,121110528,61865984,34359721984,34359737344,12647424,29360128,58720256,50331648,50331648,50331648,50331648,50331648,50331648,50331648,50331648,50331648,50331648,117440512,117440512,117440512
0,0,0,0,0,0,0,0,0,266338304,1072693248,2016935936,1612185600,1612185600,1612185600,1612185600,1612185600,1880621056,806879232,941096960,406323200,472907776,249561088,130023424,62914560,68719475712,68719476224,29360128,29360128,29360128,29360128,29360128,25165824,25165824,25165824,25165824,25165824,25165824,25165824,25165824,25165824,25165824,25165824,58720256
0,0,0,0,0,0,0,0,0,65011712,133169152,104333312,236453888,202899456,202899456,202899456,202899456,202899456,204996608,208666624,249561088,130023424,34359214080,34359705600,34359705600,50331648,50331648,50331648,50331648,50331648,50331648,50331648,50331648,50331648,50331648,50331648,50331648,50331648,50331648,50331648,50331648,50331648,117440512,117440512
0,0,0,0,0,0,0,29360128,266338304,535822336,943194112,1880621056,1612185600,1612185600,1612185600,1612185600,1880621056,808976384,405798912,477102080,241172480,132120576,62914560,8589803520,8589930496,25686016,25165824,25165824,25165824,25165824,25165824,25165824,25165824,25165824,58720256,58720256,58720256,58720256,58720256,58720256,58720256,58720256,58720256,58720256
0,0,0,0,0,0,0,0,31457280,133693440,267911168,471597056,403439616,403439616,403439616,403439616,404488192,404226048,406323200,472907776,208666624,241172480,2147483136,2147483392,536870400,12582912,12582912,12582912,12582912,12582912,12582912,12582912,29360128,29360128,29360128,29360128,29360128,29360128,29360128,29360128,29360128,62914560,29360128,29360128
0,0,0,0,0,0,0,0,0,7864320,33292288,30146560,59637760,118358016,101580800,101449728,102498304,102236160,121110528,57671680,56623104,65011712,29360128,4294950912,4294950912,12582912,12582912,12582912,12582912,12582912,12582912,12582912,12582912,12582912,12582912,12582912,12582912,12582912,12582912,12582912,29360128,29360128,12582912,0
0,0,0,0,268419072,536868864,4227890176,16911437312,33285998336,25769804672,60129542592,120259084480,240518168800,206158430304,481036337200,962072674360,1924145348632,1649267441688,1649267441688,1649270587416,1649283694616,1649300471832,1649334026288,1649333502000,1649333502000,1924166320176,824633720944,824633720928,962072674528,412316860608,481036337600,240518169472,103079217024,51539609344,60129549824,30064785408,15032414208,7516250112,3758342144,2014281728,1044250624,267911168,65011712,0
0,0,0,0,33546240,1073739776,8585772032,8053067264,15032387328,30064771840,60129542528,120259084736,103079215296,240518168672,206158430304,481036337264,481036337200,481036337200,481036337200,481038434352,481043677232,206174158896,206189887536,206173110320,240518168688,103079215216,103079215200,103079215200,120259084384,51539607648,60129542336,25769803968,25769804224,30064771968,12884903680,15032389120,7516199936,3758110720,2013294592,1040310272,268419072,67043328,3670016,0
0,0,0,0,0,0,0,0,503316480,8573157376,34154217472,133160632320,257706393600,481036595200,962072735744,824633735168,824633726976,824633726976,824633726976,824633726976,824633726976,824734390272,824885385216,824885385216,824885385216,962173343744,412316866560,412316866560,481036351488,206158444544,240518180864,103079227392,51539636224,60129566720,30064828416,12884951040,7516307456,3221454848,4028563456,2017329152,477102080,266338304,130023424,58720256
0,0,0,0,0,0,0,0,268433408,4294965248,8455724032,32212257792,60129545216,120259087872,103079216640,206158431744,481036338688,962072676096,824633722624,1924145349376,1924145349376,1649317774080,1649519100672,3848542356224,3848408138496,3848290697984,3848290697984,3848290697984,3848290699008,3848290698752,3848290698752,3848290700800,1649267444736,1649267448832,1924145354752,962072686592,412316889088,240518193152,266288029696,66572238848,16962748416,4282253312,536346624,65011712
0,0,0,0,0,16769024,134216704,532692736,2080376768,4026532288,7516192992,15032385632,12884901984,25769803872,60129542256,51539607664,120259084400,103079215152,103079215152,240518168624,206174683184,206191460400,206191460400,206190936112,206174158960,240532848736,240518168672,103079215328,103079215296,120259084736,51539607936,60129543040,25769804544,30064772864,12884905472,15032392704,6442465280,7516254208,3758211072,2081390592,1073676288,133693440,0,0
0,0,0,0,16776192,67108608,264505088,1040188288,4160749952,8053064128,15032385728,30064771264,25769803968,60129542336,120259084480,240518168768,206158430400,481036337344,412316860608,412333637824,412379775168,412446884032,412446884032,412379775168,412346220736,412346220736,412316860864,412316860800,481036338048,206158430976,240518170368,240518170112,103079218688,103079218176,120259087360,51539613696,60129556480,25769816064,30064799744,15032442880,7524696064,3791618048,2147418112,1073217536
0,0,0,0,0,0,16744448,134209536,2139158528,4227866112,16643001856,64424511232,266287973248,240518169024,481036337344,962072674496,824633721024,824633721056,1924145348832,1649267441760,1649267441760,1649267441760,1924208263264,1924208263264,824692441184,824650498144,962072674528,412316860640,412316860608,481036337344,206158430656,240518169472,103079216896,51539611136,60129549312,30064785408,16643026944,8455774208,1044496384,268402688,67043328,7340032,0,0
0,0,0,0,983040,268419072,4294963200,17045682176,66572000256,128849021952,240518170112,206158432000,412316861184,962072675200,824633721216,824633721280,1924145348800,1649267441888,1649267441760,1649267441760,1649267441760,3848307474528,3848416526432,3848420720864,3848420720832,3848290697408,1649267442112,1649267442048,1649267442560,1649267442432,1924145350400,962072675840,412316861952,481036340224,240518175744,120259115008,60129570816,64424566784,15032500224,7516422144,3758555136,1881014272,1073479680,535822336
0,0,0,0,0,4193792,134217472,535823296,2080375264,8321499360,32212254768,128849018936,257698037788,481036337166,962072674310,1924145348614,1924145348614,1924145348614,824633720846,824633720844,824637915148,824648400908,824665178140,824665178136,824665178136,824640012312,824633720880,824633720880,824633720944,962072674400,412316860640,412316860864,412316861312,481036338944,206158433792,240518171648,120259090432,60129556480,32212316160,16643121152,4228104192,1073152000,134086656,3932160
0,0,0,0,0,0,0,0,1073737728,17179868160,33822874624,60129545728,120259085824,240518170112,206158432000,481036337920,412316861184,962072675072,824633721600,1924145349504,1649267442048,1649317773696,3848408138112,3298786541952,3298786541952,7696581394816,7696581395328,7696581396224,7696581395968,3298534886912,3298534890496,3848290711552,1649267453952,1924145377280,962072731648,412316909568,481036451840,240518397952,120259543040,60130459648,30131617792,16105603072,8556380160,4160749568
0,0,0,0,0,0,137438822400,266288988160,481036591104,962072737792,824633736192,1924145352192,1649267443456,1649267442432,1649267442432,3848290698112,3848290698112,3298534884224,3298534884224,3298564244352,3298664907648,3848420721536,3848554939264,1649397465984,1649393271680,1924145349504,824633722624,824633722624,962072675840,412316864000,481036340224,206158437376,206158436352,240518182912,103079243776,103079272448,120259198976,51539836928,51540066304,25770721280,30066606080,12888571904,15039725568,7581204480
0,0,0,0,0,0,0,0,0,0,0,0,4292870144,17179607040,32216317952,60130000896,120259313664,103079329792,240518225920,206158458880,206158442496,206158444544,206225545216,206410095616,206410091520,206410091520,206208764928,240518171648,103079221248,120259098624,60129554432,25769828352,12884959232,15032500224,7516422144,3221684224,1611530240,1880883200,947388416,1072693248,532676608,503316480,0,0
0,0,0,0,0,0,0,0,0,264241152,4293918720,16919691264,64426573824,137438945280,274877446144,481036352512,962072677888,1924145380864,3848299085568,8796093021952,8796091974400,6597069767424,6597069767424,4398046512896,7696581402496,8796093022080,6597069763328,6597069767424,6597069768448,6597069768192,7696581398016,3298534890496,4123185380352,2199023254528,2199014895616,962072731648,481036582912,206158921728,240520134656,121873629184,61747494912,27411873792,16907239424,8573157376
0,0,0,0,0,0,0,0,0,0,267386880,1073676288,2015330304,8053309440,33554423808,68719472640,128832256000,240518175744,481036341120,412316876736,412317384448,412325241600,1099511366400,1099507434240,960998934272,824633722368,824633722368,824633726464,824633753088,824633981952,1099511614464,549755689984,412316874752,412316889088,412316917760,412316975104,481036566528,206159413248,266321395712,274877644800,274877382656,103094943744,120456216576,60658024448
0,0,0,0,0,2096128,134217664,1072695280,4261412984,8053064152,34359738332,68719476494,120259084294,240518168583,481036337155,1099511627775,1099511627775,893353197443,1924145348611,1649267441667,1649267441667,1649267441667,2199014867455,4398046511103,1924145348583,1649267441671,1649267441670,1649267441678,1649267441676,2196875771916,2199019061272,833223655416,962106228720,481036337248,515396075712,257698038720,64424513408,32749125120,8589932544,4261412864,503316480,0,0,0
0,0,258048,2096128,16776960,66062272,260047344,1040187512,2147481630,8589934591,16106135551,30064771075,60129542145,137170518017,120258822145,104152956801,240520265727,206158430463,240518168579,270582939651,274341036035,223304744963,207231909891,206191982595,206159478663,206158438399,206158430463,206158430222,274609471516,274875809848,206695287928,206166818800,206158561216,274341037952,274873720576,210453396480,206166814720,240520257536,103087472640,137437904896,68715282432,17112760320,1073741824,0
0,0,0,0,0,0,0,0,0,0,268173312,1073676288,2013757440,3758211072,8589926400,17179828224,30064783360,60129556480,51539622912,120326192640,137438952448,274873716224,240518170112,240518170368,240518169344,240518169344,240518171392,240652386048,274877906688,137422177792,103079218688,103079246848,120259213312,60130574336,30068899840,15602286592,8585740288,4278190080,2080374784,0,0,0,0,0
0,0,0,4186112,134215680,535837696,2130706176,4294967168,17171481024,66571993280,128849018976,240518169056,481039482848,414464344048,996432396400,1098437886000,2190433321008,1924145348656,1924145349104,1924145479664,1924149542832,1924279533616,1932733186096,1992797716528,1095216660528,1065151889456,824633720880,962072674784,412316868576,481037385696,206225537216,241591648704,137422176640,136902083456,60129543936,25769805312,30333214208,13690223616,15838736384,8472477696,4294443008,2139095040,201326592,0
0,0,0,0,0,0,0,0,0,0,268427264,2147481600,8455732224,16106130432,30064774656,68715284224,137438953216,103112769408,240518168960,206158430656,481036337344,541165879520,274869518432,223338299360,206225539040,206158430304,206158430304,206158430432,274877905344,274877906880,240518172608,240518170368,240518172160,103079222272,103079229440,51539636224,68719468544,34359730176,15082831872,7566753792,4077846528,2132672512,536346624,66060288
0,0,0,0,0,0,4192256,33553920,132124544,1061158848,2147483584,4025483456,7516192960,6442451136,16106127600,17179869176,27917287408,25769803872,60129542256,60129542256,51539607600,60129542256,137438953456,137438953456,120259084400,120259084384,120259084384,120259084480,120259084736,68719476608,68719476608,60129018752,51539609344,51539611136,60129549312,33286240256,34359734272,17179860992,7516438528,3759112192,1883111424,1072693248,534773760,25165824
0,0,0,0,507904,16773120,134216704,1065360896,2088763264,8589934528,17179836640,33822867568,25769803832,60129550328,51540656124,120795953164,274877644812,240383950862,481036337158,412316860422,412316860543,412316893183,549755813827,549755805699,412316860419,412316860419,481036337159,206158430214,240518168590,103079215132,120259084344,68719476720,68719476704,34091304832,15032389120,7516224512,4060215296,2144321536,536805376,16252928,0,0,0,0
0,0,0,0,0,0,67076096,536854528,2113990656,8321529856,16106143232,68719476480,124554050432,240518169024,481036337376,412316860528,1099511627760,1099511627768,825707462616,1924145348636,1924145348620,1924145348620,1924145348620,2199023255550,2199023255548,1924145348620,824633720860,824633720856,824633720888,824633720880,1099243192432,1099511627744,549755813824,412316862336,412316864256,412316875776,481036466176,240584744960,274877841408,137438691328,120525422592,68702699520,34225520640,0
0,0,0,0,0,0,0,16776704,536870848,2147483616,4026531936,7516192864,17179869152,34359738336,25769803872,60129542240,51539607648,133143986272,120259084272,111669149680,103087603696,240518168688,206158430320,206158430320,206158430304,547608330464,274877906936,240518168568,206158430592,206158431104,206158430976,206158431744,206158433792,206158437376,274861144064,274877902848,137438945280,60129771520,30065229824,16107044864,8056995840,1895301120,1071644672,528482304
0,0,0,0,0,0,8126464,67043328,533184512,2114052096,8321527808,33286011904,133143990144,534723428288,1099511626176,4397778076096,3298534883520,7696581394624,6597069766848,6597069766848,6597069766848,8796092957120,8796093022144,6597070028672,6597069767040,7696581395328,3298534884096,3298534884096,3298534885120,4398046510976,4398046510976,1649267445248,1649267444736,1649267448832,1924145354752,824633735168,824633749504,1030792208384,549751742464,549755797504,240534929408,120263147520,60145795072,30129782784
268427264,2147482624,8556412800,16206852064,30182260976,60188377148,120284479518,103108771847,240531210243,481049313283,412324069377,962080800769,824641585153,824637390849,824636866561,1030792151041,1082331758593,957777707011,858456588303,833089437759,825640354041,824885411811,962325380867,413359128579,429364608007,480499990406,545460848582,515396076014,412318695932,481040400508,206174617656,206190084208,206217248992,103330972608,103549093760,116903697920,66303622144,68182732800,33287036928,32220577792,17179344896,8585740288,805306368,0
0,0,0,0,0,65011712,2147221504,4282318848,16307961856,15267786752,30182636544,60180274688,60189181696,51565560576,120289231744,103093633408,103093371264,240534421952,240533897408,266295312576,545468188608,428425093056,416477740224,465870254272,541032706240,549219466432,547608338368,515396077504,412333637824,412375580864,481095057600,481166360768,206271676864,240732078976,103561561856,104048102912,121093757952,62040061952,33854386176,16656613376,8589901824,1073479680,0,0
0,0,0,0,8126464,1073725440,4293392384,8288206336,6543314816,15133246400,30182408416,25820594272,60180267128,51599245436,51565560048,120290279920,120275338160,103086556976,103085510192,136365218864,137405429808,105210048560,240770334768,241558872112,248974147376,239981330416,270582940144,257698037856,240518168672,206158430432,206158430656,206183596416,206221345664,206223443712,240642956800,240622517248,103315959808,120729886720,61069574144,31944310784,16779247616,7721451520,4235198464,2145386496
0,0,0,7880704,33480704,134209536,251904000,503570432,1057224704,1938242560,8083344896,15048902400,30072636288,25773474176,60130591168,51539607776,60129542624,64424510432,67645736800,59995328096,53619997792,51791296608,51665494112,60381323360,26776567776,27783102432,33822867552,16106258528,15032844512,6443466944,6444384448,7517864384,3224946560,3765567232,1894251520,954171392,1023148032,267386880,132120576,0,0,0,0,0
0,0,0,0,0,0,0,0,0,266338304,1073479680,4162781184,16645079040,33824563200,62012289024,121067548672,241465044992,206642886656,481283815424,412446889984,412375611392,515396204544,541166376960,479964567552,420646492160,414204172288,414204286976,489089923072,239444457472,270582953984,257698050048,257710632960,51571077120,60194578432,26028859392,13928349696,17049550848,8057192448,3760062464,4244373504,2146435072,1065353216,67108864,0
0,0,0,0,0,0,0,1572864,66584576,2147418112,17150504960,66982115328,129333468160,103293127680,240782413312,206284262912,481153793536,412434366208,412317115136,962073691008,1065155953024,1090925363648,892820488384,841679892672,825640418528,825103491040,825573246944,832955220960,858456588512,957777707104,1082449199328,1031052198336,962332723072,412811796224,413285760000,482928029696,244291067904,110602977280,126705664000,66575925248,30081024000,15063842816,8313110528,4278190080
0,0,0,0,0,4161536,218095616,266825728,528956416,2114850304,4144760576,7568360320,15086389120,30126641088,60162055360,120273778880,240532910304,240522608736,240518660192,240519086192,270583726128,274862145584,249100230704,103599372336,104085863984,107105750960,111144862704,135306150128,128864747632,51555336288,51555860576,51570540768,51566346688,51600163712,60180662016,25888034304,25888177152,30165956608,14732484608,17179836416,4293918720,939524096,0,0
0,0,0,0,0,8126464,33488896,1070039040,1057218560,4161007616,8523298816,15234112512,30300573184,25871255296,60232041216,120378098560,120313086336,103145275776,103110672832,103110674368,103108579296,120271674592,133144000608,119185371232,111400738912,105159614560,120762425440,51791298552,53670346744,68585259104,67645931616,51540590688,60131606624,60133310688,25773065152,25776213888,25782443520,25799227392,25829044224,30119231488,15166341120,8587837440,8556380160,0
0,0,0,0,67043328,1073733632,8557426688,33924332544,66690223616,120311252480,240551200512,206174159744,481042630592,412316864192,962072681696,824633735264,962072703072,1065151946864,1095216775216,891205943344,832150372400,828392734776,832688619544,858460258328,889073958936,1082348527640,1065168666168,962072707064,1924145349628,4123369930984,8521718432704,7422743676800,964052389376,416175635456,484375132160,248085733376,264207532032,135559380992,34351349760,8455716864,8455716864,3221225472,0,0
0,0,0,0,0,0,0,0,0,0,268369920,2147467264,8462131200,16917749760,31010598912,61075369984,120668035072,240933410816,481451576320,412815985664,962299170304,962332737024,1065269362176,1095250273792,1098438002432,970125968128,414196368128,481976845056,485063915264,213675671296,221190831616,133151329792,128865278976,60160489472,30125355008,15150669824,7752105984,4228874240,2013724672,1042219008,268304384,66060288,0,0
0,0,0,0,0,0,0,2147475456,4294965248,7986018304,15233768448,64525291008,128966559232,240568730368,240577086208,481066156928,412329836928,515403284864,541174006656,478892539840,428426198208,416346796224,483116908736,206687305920,241047698624,105194192832,124285618112,67645735872,66571993280,60142125248,25784484288,30096229248,12946769664,6563565056,7618436096,3457972224,4228902912,2048901120,1048444928,1072693248,532676608,0,0,0
0,0,0,0,0,0,0,0,0,8380416,67104768,260111360,1040244224,2080491392,8254620608,33521336544,64527138912,257802633328,206274822192,206288453680,206217150716,206158432248,257698054044,273804229660,240384073756,208238870488,207165095928,107239964920,119722213400,133143986232,128850591792,51543539760,60146057328,25802047712,25795888096,25828919168,12935630336,15150029824,6677592064,8522952704,4278173696,1073676288,133955584,0
0,0,0,0,0,0,0,0,0,0,0,0,0,0,0,2139095040,34359734272,274877905920,542105411328,1014014936960,1976087609792,1701209702624,1701209702512,1701209702512,1976087609392,876575981616,1014014935096,464259121208,532978597944,258637561904,258503344240,122138132704,61740155072,65498251712,67645735808,8455718656,2144341504,268385280,8386560,1040384,0,0,0,0
0,0,0,0,0,0,0,0,0,0,0,14336,4193792,67108736,268428224,1042284736,8522825952,16844324976,66773319728,270817820720,253503733808,494021902384,425302425648,975058239536,975058239600,975058239712,975058239936,494021903232,530529126144,135392140800,68685954048,17179865088,536854528,0,0,0,0,0,0,0,0,0,0,0
0,0,0,0,0,0,0,0,0,0,0,0,0,0,536870656,2147483616,34226044912,137170518076,548547854364,1044079706142,855101145094,1984677543943,3969019543555,3402083860481,3539522813953,3505163075585,8178087493633,8109099581443,8109099581447,3711053070366,4329528361020,2164864843888,1065353216224,270784267200,68719476608,17179868672,201326592,201326592,0,0,0,0,0,0
0,0,0,0,0,0,0,0,0,0,0,0,0,134217664,1073741792,4261413360,16743661616,137002745912,273921605688,487596228632,977222500364,1937147691020,3878472908814,7722468638726,6622889902086,6657249640462,6657249640476,6657249640472,7756828377144,3908520902768,4149173289184,1061058249664,541367209856,136566603264,34359734272,4294934528,0,0,0,0,0,0,0,0
0,0,0,0,0,0,0,0,0,0,0,0,0,0,0,32256,536870656,4294967232,17113014720,137371844800,548883398848,1046025863360,1937231577280,1954411446464,850604851392,988043804864,438287990976,507007467968,266489315264,137438953216,34359734272,13824425984,13153337344,0,0,0,0,0,0,0,0,0,0,0
0,0,0,0,0,0,0,0,0,0,0,0,0,2093056,67107840,1073739776,4261539840,16844453888,32413588992,30266099584,60330869696,129050345696,120460410992,257899364464,532777271408,464057794656,1082801520736,945295458528,945832329664,945698113408,1084210814720,547071474688,274341163008,68719460352,17179803648,0,0,0,0,0,0,0,0,0
0,0,0,0,0,0,0,0,0,0,0,0,32752,16777208,1073741816,4286578750,16743661582,64541949959,128899350531,532626276355,1065202221063,2027274895367,3951420243974,7937149894662,6837638266894,4638615011340,4638615011340,6700266422300,6700249645080,8366696955960,4312382046320,1095417989104,274877906880,34359737344,25769803776,0,0,0,0,0,0,0,0,0
0,0,0,0,0,0,0,0,0,0,0,0,0,0,0,536608768,4294901760,17014177792,33403564032,135341833216,270633279232,253453404032,511159829488,987901198588,850462244894,850428690438,850428690438,850428690438,850428690462,850428690492,850428690928,992196173792,493971635968,270634317824,137438920704,34358689792,0,0,0,0,0,0,0,0
0,0,0,0,0,0,0,0,0,0,0,0,0,0,0,1073725440,8589933568,34293677824,135761235960,545662174204,1091123019836,1984476217358,2044605759502,1752547983374,1752547983372,1889986936844,1889986936860,2164864843896,1065353216496,515865841600,273133207296,137438951424,17179803648,0,0,0,0,0,0,0,0,0,0,0
0,0,0,0,0,0,0,0,0,0,0,0,0,0,0,2147481600,17179868672,137371846528,270247395776,488753857504,427550573048,992338772028,1950150033420,1675137908748,1675137908748,3874161164300,3874161164300,1675272126492,1950116479224,988043808752,541367271296,274877905920,34359705600,0,0,0,0,0,0,0,0,0,0,0
0,0,0,0,0,0,0,0,0,0,0,0,0,0,67106816,17179869120,68702703584,135350190584,253428236408,511126274076,987867643916,1949940318222,3874085666822,3358689591302,3874085666822,1984300056582,884788428806,1095241826310,545486012430,128874184764,67704455672,17163108320,4294967040,134209536,0,0,0,0,0,0,0,0,0,0
0,0,0,0,0,0,0,0,0,0,0,8388096,67108856,532680700,4261413368,17045651580,68048388126,273200185350,545662173191,507007467527,988043804679,850604851207,850604851207,850604851207,850604851207,850604851207,988043804678,438287990790,507007467526,232397996062,270985592956,133546640368,64827170752,34359737856,8589926400,133693440,0,0,0,0,0,0,0,0
0,0,0,1056964608,2139095040,8082423808,7528775680,7522484224,7340032,3145728,3145728,3145728,3145728,3670016,3670016,1572864,1638400,52101120,60751872,27131904,31326208,14417920,16515072,7864320,7864320,3145728,3194880,3194880,3260416,3244032,204668928,238485504,121044992,62259200,28704768,33423360,16515072,8126464,3670016,7864320,7864320,0,0,0
0,14680064,133169152,531628032,1010302976,1880621056,1612185600,1572864,1847296,815104,843776,901120,13598720,13565952,7274496,8257536,3932160,1835520,788224,790016,793600,800768,815104,843776,835584,118341632,131039232,30375936,15695872,8355840,4128768,1966080,917504,917504,917504,393216,393216,0,0,0,0,0,0,0
0,0,0,0,0,0,0,0,0,0,0,0,117440512,520093696,2130706432,4076863488,3271557120,3279945728,3279945728,58720256,25165824,25427968,26083328,1906049024,1907884032,837812224,970981376,432013312,528482304,260046848,125829120,25165824,25559040,26083328,1636564992,1906049024,832045056,968359936,502267904,501219328,266338304,130023424,125829120,58720256
0,0,0,0,0,0,0,0,29360128,62914560,132120576,241172480,207618048,476053504,945815552,811597824,811597824,6488064,140967936,208535552,243007488,125304832,65011712,31457280,14680064,6291456,6291456,6291456,6316032,6348800,107069440,107184128,123961344,124190720,57540608,58458112,33030144,32505856,32505856,14680064,6291456,0,0,0
0,0,0,0,0,0,15728640,66060288,263192576,506986496,941096960,941096960,1572864,1572864,1572864,1601536,1634304,1687552,14385152,14614528,16646144,8126464,3932160,3670016,1572864,1572864,1572864,1574912,119020544,119019520,60307456,30947328,14184448,14278656,8110080,8323072,4063232,1835008,0,0,0,0,0,0
0,0,0,0,0,0,0,0,0,0,3145728,66584576,66584576,1835008,1835008,1835008,1835008,1847296,60583936,64774144,14540800,16760832,8323072,3932160,1835008,1841152,119289856,60583936,27058176,31309824,14647296,15663104,8126464,3932160,3932160,786432,1835008,1835008,1835008,0,0,0,0,0
0,0,0,0,0,0,0,0,0,62914560,264241152,509607936,408944640,408944640,6291456,6291456,6340608,7454720,3375104,104267776,121503744,54263808,62390272,32505856,32505856,15728640,6291456,6291456,6291456,6291456,6291456,6291456,945815552,1012973568,207732736,241401856,107413504,124649472,66846720,33030144,14680064,6291456,6291456,6291456
0,0,0,0,0,0,0,0,0,0,58720256,264241152,515899392,417333248,6291456,6291456,6291456,3145728,3145728,3145728,3145728,3145728,3145728,3145728,3145728,3203072,3203072,3260416,53706752,62324736,29229056,33304576,15740928,238055424,120643584,53592064,62619648,33488896,16646144,7864320,0,0,0,0
0,0,0,0,0,0,0,15728640,66846720,268173312,470679552,403046400,403111936,268632064,196608,196608,196608,196608,196608,208896,2322432,3371008,3923968,2088960,1018880,203776,203776,202752,202752,29562880,12793856,6500352,7565312,7593984,3399680,2088960,2080768,491520,0,0,0,0,0,0
0,0,0,0,0,0,0,0,0,0,0,0,0,251658240,520093696,427819008,968884224,817889280,283115520,6291456,6291456,6291456,3145728,3178496,3260416,3375104,37158912,121503744,62652416,28835840,33030144,15728640,7340032,6291456,73400320,241188864,107012096,123789312,56737792,56852480,58654720,66977792,32505856,29360128
0,0,0,0,0,0,50331648,260046848,528482304,494927872,163577856,12582912,12582912,12582912,12582912,12582912,13041664,416153600,483262464,249298944,114819072,133693440,66060288,65011712,29360128,12607488,12705792,12697600,12812288,1892089856,818806784,416022528,417071104,483917824,217055232,250609664,132120576,62914560,29360128,12582912,0,0,0,0
0,0,0,0,0,0,125829120,264241152,482344960,415236096,415236096,415236096,12582912,12582912,12615680,12697600,12828672,415694848,483262464,215744512,251133952,116391936,65011712,62914560,29360128,29364224,12597248,12611584,12640256,818003968,952598528,483328000,249298944,133693440,133169152,66060288,31457280,31457280,14680064,6291456,0,0,0,0
0,0,0,0,0,0,0,0,0,0,0,4294967296,15032385536,8053063680,4026531840,805371904,939622400,469991424,201785344,235798528,236716032,102236160,121110528,56623104,62914560,62914560,125829120,264241152,482344960,952107008,1885339648,1616904192,3764387840,3764387840,3764387840,3772776448,3770679296,3787456512,2004877312,2130706432,1006632960,0,0,0
0,0,0,0,0,0,0,201327616,234884096,251665408,62928896,14708736,7397376,3784704,2064384,2031616,917504,1966080,4063232,7798784,15138816,29818880,58916864,50528256,117637120,100859904,235077632,201523200,201523200,201523200,201523200,235339776,117899264,63307776,33423360,8257536,0,0,0,0,0,0,0,0
0,0,0,0,0,0,0,0,3221250048,3758153728,1879162880,939753472,470220800,235798528,102498304,121110528,57671680,65011712,29360128,29360128,65011712,123731968,242221056,472907776,943194112,941096960,806879232,807141376,1879834624,1879834624,1611399168,1611399168,1611399168,1612447744,1880621056,1886912512,972029952,532676608,251658240,0,0,0,0,0
0,0,0,0,0,4294967296,7516192768,8053063680,2013266944,1040190976,251673600,62945280,29483008,6537216,7798784,4063232,1835008,3670016,8126464,15466496,30146560,59506688,118226944,101449728,235667456,470679552,939917312,805699584,1879441408,1611005952,1611005952,1611005952,1611005952,1611530240,1612447744,1880621056,808976384,955252736,534773760,260046848,0,0,0,0
0,0,0,0,0,0,0,0,0,939524096,1006641152,234938368,117563392,58949632,30343168,16515072,7864320,14680064,32505856,128974848,254803968,472907776,942669824,808452096,808452096,808976384,808976384,808976384,808976384,808976384,808976384,808976384,808452096,812646400,1072693248,532676608,0,0,0,0,0,0,0,0
0,0,0,0,0,0,0,0,2147483648,8053063680,4160765952,1006747648,235388928,118423552,60555264,33030144,15728640,31457280,66060288,120586240,238551040,471334912,941096960,1880883200,3758882816,3222011904,3222011904,3222011904,3758882816,1611530240,1611005952,1879441408,939917312,470155264,259915776,133955584,31457280,0,0,0,0,0,0,0
0,536870912,1879048192,1006632960,520094592,132121344,32509696,3677696,1849344,815104,974848,507904,491520,458752,983040,2031616,3899392,7438336,14778368,12697600,29409280,58769408,50380800,117497856,117465088,100687872,100687872,234909696,234909696,234893312,100675584,100691968,100691968,125952000,67092480,16711680,0,0,0,0,0,0,0,0
0,0,0,0,0,0,0,0,0,0,0,0,512,15032387328,16643001856,4160764928,1040218112,260104192,63160320,16220160,4063232,3932160,8257536,15138816,29589504,58818560,117555200,234930176,469811200,939573248,805363712,805330944,1879072768,1610637312,1610637312,1610637312,1879105536,939573248,469876736,252149760,134152192,33292288,0,0
0,0,0,0,1073741824,1610625024,2013294592,1006657536,235003904,117669888,59703296,31195136,16252928,15728640,15728640,32505856,62390272,119275520,101449728,235798528,201719808,470220800,469958656,469991424,469860352,469860352,469876736,201424896,201424896,201424896,201424896,234979328,235372544,238944256,133693440,132120576,0,0,0,0,0,0,0,0
0,0,0,0,7516192768,8321499648,2080378624,503348736,117504000,63160320,15171584,8257536,3932160,7864320,16515072,63700992,252575744,503775232,939720704,1879277568,3758194688,7516307456,6442500096,15032434688,12884959232,12884926464,12884926464,15032410112,6442475520,7516250112,3758211072,2013495296,1048510464,268304384,65011712,0,0,0,0,0,0,0,0,0
0,0,0,0,0,15032385536,7516192768,4026531840,2013265920,469762048,234887168,117454848,58748928,29483008,14925824,6750208,4063232,3932160,7864320,33292288,63700992,252575744,503709696,939917312,805502976,1879244800,3758325760,3221323776,3221323776,3221323776,3221454848,3221422080,3758292992,1611530240,1881014272,1010565120,536346624,132120576,0,0,0,0,0,0
0,0,0,0,0,0,0,939524480,1040188288,251660032,62918144,14695424,7368704,3727360,1949696,1015808,983040,1966080,4128768,16187392,29818880,126287872,252116992,201785344,470220800,939982848,805765120,1879506944,1611071488,1611071488,1611005952,1611005952,1611530240,1879834624,809238528,1073217536,534773760,16777216,0,0,0,0,0,0
0,0,0,0,0,3670016,8126464,33030144,64487424,119013376,236453888,471334912,404226048,404226048,471597056,203161600,236716032,119275520,60555264,33292288,16515072,1835008,786432,786432,786432,917504,917504,393216,393216,393216,393216,393216,393216,393216,393216,393216,393216,393216,393216,393216,393216,917504,917504,393216
0,0,0,0,0,0,0,0,0,0,0,535822336,2146435072,4293918720,3761242112,7519338496,15035531264,12888047616,12888047616,12888047616,6445596672,7519338496,3761242112,2016411648,1073217536,536608768,3670016,3670016,3670016,3670016,3670016,3670016,3670016,3670016,1572864,1572864,1572864,1572864,3670016,3670016,3670016,3670016,1572864,0
0,0,0,0,0,0,0,0,0,0,0,532676608,1071644672,2145386496,3764387840,7522484224,6448742400,6448742400,6448742400,7522484224,3764387840,1885339648,1071644672,266338304,31457280,6291456,6291456,6291456,6291456,6291456,7340032,7340032,7340032,7340032,7340032,7340032,7340032,7340032,7340032,7340032,7340032,3145728,0,0
0,0,133693440,267911168,471334912,941096960,1880621056,1880621056,1880883200,806879232,941096960,471334912,236453888,119013376,64487424,33292288,8126464,1835008,786432,786432,786432,786432,786432,786432,786432,786432,786432,786432,786432,786432,786432,786432,786432,786432,786432,786432,786432,0,0,0,0,0,0,0
0,0,0,0,0,0,0,0,524288,8126464,16515072,64749568,60555264,119275520,119275520,101449728,101449728,101449728,101449728,101449728,118226944,63700992,33292288,8257536,917504,393216,393216,393216,393216,393216,393216,393216,458752,458752,458752,196608,196608,196608,196608,196608,196608,196608,229376,229376
0,0,0,0,0,0,0,0,6291456,31457280,66060288,108003328,108003328,242221056,238026752,238026752,238026752,103809024,103809024,120586240,66060288,32505856,7340032,3145728,3145728,3670016,3670016,3670016,1572864,1572864,1572864,1572864,1572864,1572864,1572864,1572864,1835008,1835008,1835008,1835008,1835008,1835008,0,0
0,0,0,0,0,0,0,0,0,0,2097152,6291456,65011712,132120576,106954752,241172480,207618048,476053504,408944640,408944640,408944640,476053504,257949696,133169152,66060288,15728640,3145728,3145728,3145728,3145728,3145728,3145728,3145728,3145728,3145728,3145728,3145728,3145728,3145728,3145728,3145728,7340032,3145728,3670016
0,0,0,0,0,0,0,31457280,66060288,53477376,120586240,120586240,103809024,104333312,121110528,54001664,54001664,51904512,60293120,33030144,16252928,1572864,1572864,1572864,1572864,1572864,1572864,1572864,1572864,1572864,1572864,1572864,1572864,1835008,1835008,1835008,786432,786432,786432,786432,786432,0,0,0
0,0,2097152,65011712,132120576,108003328,242221056,208666624,477102080,472907776,405798912,405798912,472907776,204472320,238026752,128974848,66060288,15728640,3145728,3670016,3670016,1572864,1572864,1572864,1572864,1572864,1572864,1572864,1572864,1572864,1572864,1835008,1835008,1835008,1835008,1835008,1835008,524288,0,0,0,0,0,0
0,0,0,0,0,0,0,0,32505856,66060288,128974848,238551040,473432064,406323200,406323200,471334912,471334912,202899456,236453888,119013376,127401984,33292288,16515072,3932160,1835008,786432,786432,786432,786432,786432,786432,786432,786432,786432,786432,786432,786432,786432,786432,786432,917504,393216,0,0
0,0,0,0,0,0,0,0,0,0,264241152,1069547520,1891631104,3770679296,7528775680,6455033856,7528775680,3233808384,3770679296,1623195648,2092957696,1069547520,130023424,14680064,14680064,14680064,14680064,6291456,6291456,6291456,6291456,6291456,6291456,6291456,6291456,6291456,7340032,7340032,7340032,3145728,3145728,3145728,3145728,7340032
0,0,0,0,0,0,0,0,0,0,0,16515072,33292288,126615552,520880128,1007419392,1879834624,1880883200,807141376,807141376,941096960,471334912,253231104,133693440,33030144,1572864,3670016,3670016,3145728,3145728,3145728,3145728,3145728,3145728,3145728,3145728,3145728,3145728,3145728,3145728,3145728,3145728,3145728,0
0,0,0,0,0,0,0,0,0,0,0,0,0,0,0,1649267441664,2190433320960,2199023255064,1683627180028,1649401659388,1649267441688,1649267441688,1924145348632,824633720888,962072674360,481036337272,257698038768,135291477984,34225585664,4294963200,268402688,0,0,0,0,0,0,0,0,0,0,0,0,0
0,0,0,0,0,0,0,0,0,0,0,0,0,0,0,0,0,256,896,1073741760,68719476672,549487381632,515396082688,412316874752,412316921856,481036460032,240518397952,133144444928,68586176512,17179607040,536346624,0,0,0,0,0,0,0,0,0,0,0,0,0
0,0,0,0,0,0,0,0,0,0,0,0,0,0,0,0,0,2164663517196,2198754820124,2199023255548,1650341183484,1924145348620,962072674332,481036337208,240518168688,135291470816,68685938560,4294966784,134209536,0,0,0,0,0,0,0,0,0,0,0,0,0,0,0
0,0,0,0,0,0,0,0,0,0,0,0,0,0,0,1,1,2,2097151,34359738367,1099511103495,545460846622,412316860668,481036339184,206158438272,240518200320,136902340608,68719460352,4294836224,65011712,0,0,0,0,0,0,0,0,0,0,0,0,0,0
0,0,0,0,0,0,0,0,0,0,0,0,0,0,0,0,0,6,2198956146942,2199023255550,1649804312572,1649267441724,1649267441904,1924145349600,824633724800,962072706560,481036859392,257966456832,137438822400,34342961152,0,0,0,0,0,0,0,0,0,0,0,0,0,0
0,0,0,0,0,0,0,0,0,0,0,0,0,0,0,0,0,0,1099511627772,2199023255548,1924145348632,1924145348664,1924145348656,1924145348720,1924145348832,1924145349056,824633722752,962072678144,481036352512,257698068480,128849141760,33288060928,17179803648,2146435072,0,0,0,0,0,0,0,0,0,0
0,0,0,0,0,0,0,0,0,0,0,0,0,0,0,0,6,14,2199019061372,2199023255550,1649284218872,1649267441688,1649267441688,1649267441720,1649267441904,1924145349600,1924145356672,1030792216064,549755809792,274877874176,8585740288,0,0,0,0,0,0,0,0,0,0,0,0,0
0,0,0,0,0,0,0,0,0,0,0,0,0,0,0,0,0,0,1099243192319,1099511627775,828928688126,824633720860,824633720892,824633721072,824633721280,962072682368,515397123584,270591326208,68718952448,8585740288,0,0,0,0,0,0,0,0,0,0,0,0,0,0
0,0,0,0,0,0,0,0,0,0,0,0,0,0,0,0,0,0,3848291745798,4398046511102,2199023255548,1924145348664,962072674544,412316860896,481036337600,240518169472,128849020672,64424525312,16644045824,8589926400,2147221504,0,0,0,0,0,0,0,0,0,0,0,0,0
0,0,0,0,0,0,0,0,0,0,0,0,0,0,0,0,6,6,2046,2199023255548,2199023255548,1649267441776,1649267441888,1649267442112,1649267443584,1924145352448,824633736192,962072803328,481036853248,273837654016,137438691328,17171480576,0,0,0,0,0,0,0,0,0,0,0,0
0,0,0,0,0,0,0,0,0,0,0,0,0,2,6,6,7,15,549755813887,549755813887,412316860423,481036337159,206158430215,206158430215,240518168582,240518168606,120259084536,133143987168,34091368320,8589934080,1073725440,0,0,0,0,0,0,0,0,0,0,0,0,0
0,0,0,0,0,0,0,0,0,0,0,0,0,0,0,0,0,0,1095216660480,2199023255536,1099511627760,824734777456,824633721056,824633721024,824633721792,824633722752,962072677888,515396082688,128850065408,68593643520,17179344896,532676608,0,0,0,0,0,0,0,0,0,0,0,0
0,0,0,0,0,0,0,0,0,0,0,0,0,0,2147483520,274877906912,274844352752,206158430256,206158430320,206158430320,206158430304,206158430304,206158430304,206158430304,206158430304,206158430432,206158430400,206158430400,274609471680,274743689408,4026556608,32736,32704,0,0,0,0,0,0,0,0,0,0,0
0,0,0,0,0,0,0,0,0,0,0,0,0,136902082560,137438953216,111669149440,240518169472,206158431104,481036337536,412316860800,962072674688,824633721216,824633721216,824633721216,824633721216,824633721216,824633721216,824633721216,824633721216,824633721216,824633721216,824633721216,824633786752,1098974988160,1098975018880,130560,0,0,0,0,0,0,0,0
0,0,0,0,0,0,0,0,0,0,0,0,1099511625728,1099511627774,824633753598,824633720838,824633720838,824633720838,824633720838,824633720838,824633720838,824633720838,824633720838,824633720838,824633720838,824633720838,824633720838,824633720838,824633720846,824633720844,824633720860,824633720860,824633720888,1099243208688,1099377442800,274743705088,0,0,0,0,0,0,0,0
0,0,0,0,0,0,0,0,0,0,0,0,137405399040,137438822400,103616083968,103079739390,103079219198,240518168588,206158430220,206158430236,206158430232,206158430232,206158430232,206158430264,206158430256,206158430256,206158430256,206158430256,206158430256,206158430256,206158430256,206158430256,206158430256,206158430256,206158430320,274743689312,274743690848,4064,448,0,0,0,0,0
0,0,0,0,0,0,0,0,0,0,0,1099511627744,2199023255520,1649267441760,1649267441760,1649267441760,1649267441760,1649267441760,1649267441760,1649267441760,1649267441760,1649267441760,1649267441760,1649267441776,1649267441776,1649267441776,3848290697328,3848290697328,4397509640304,2198486384752,1098438017008,65520,480,0,0,0,0,0,0,0,0,0,0,0
0,0,0,0,0,0,0,0,0,0,0,0,2199022993408,2199023255536,2199023255536,1649267441712,1649267441712,1649267441712,1649267441712,1649267441712,1649267441712,1649267441712,1649267441712,1649267441712,1649267441712,1649267441712,1649267441712,1649269014576,2197953699888,1098439982128,16368,2032,0,0,0,0,0,0,0,0,0,0,0,0
0,0,0,0,0,0,0,0,0,0,0,0,68853694464,1099511626752,2199023255544,1649267445752,1649267441688,1649267441688,1649267441688,1649267441688,1649267441688,1649267441688,1649267441688,1649267441688,1649267441720,1649267441720,1649267441720,1649267441720,1649267441712,1649267507248,1683359006704,2198754951152,2190433320960,0,0,0,0,0,0,0,0,0,0,0
0,0,0,0,0,0,0,0,0,0,0,8589803520,1099511627760,1097366241272,1924145352696,1924145348664,1924145348656,1924145348656,1924145348656,1924145348720,1924145348720,824633720928,824633720928,824633720928,824633720928,1924145348704,1649267441760,1649267441760,3848290697312,3848290697312,3848290697328,4389456840688,2196876820448,15032908800,2147876864,0,0,0,0,0,0,0,0,0
0,0,0,0,0,0,0,0,0,0,0,0,274873712640,549755551744,485331304444,412317384700,412316860440,481036337208,206158430256,206158430256,206158430320,206158430320,206158430320,206158430320,206158430256,206158430256,206158430256,206158430256,206158430256,206158430256,274743689264,274743697456,240518201328,16368,480,0,0,0,0,0,0,0,0,0
0,0,0,0,0,0,0,0,0,0,0,0,0,274341036032,1099503239168,2078764171200,3848307474400,3298534883448,3298534883390,3298534883340,3298534883356,3298534883352,3298534883352,3298534883384,3298534883376,3298534883376,3298534883440,3298534883440,3848290697312,4380866642144,1095217709024,34093400000,8323334144,0,0,0,0,0,0,0,0,0,0,0
0,0,0,0,0,0,0,0,0,0,0,0,4398046511072,4398046511072,3298534883440,7696581394480,6597069766704,6597069766704,6597069766704,6597069766712,6597069766712,6597069766680,6597069766680,6597069766680,6597069766680,6597069766680,6597069766680,6597069766680,6597069766680,7696581394456,3298534883352,3298534883832,3298534899704,3298534899696,4395899027456,4393751543808,1924145348608,0,0,0,0,0,0,0
0,0,0,0,0,0,0,0,0,0,0,2199023255520,2199023255551,1924145348671,1924145348611,1924145348615,1924145348615,1924145348614,1924145348614,1924145348614,1924145348614,1924145348614,1924145348614,1924145348614,1924145348614,1924145348614,1924145348622,1924145348622,1924145348622,1924145348622,2061584302094,1065151897612,549218975740,68182622204,0,0,0,0,0,0,0,0,0,0
0,0,0,0,0,0,0,0,0,62914560,133172224,60372302848,51805436928,51807521792,52076219392,60634699776,30535464960,15502667776,8020025344,4279205888,2132770816,865697792,834256896,837861376,837861376,820035584,34240266112,17060396928,811622400,811622400,811622400,811622400,811622400,945840128,8462032896,17119076352,13092548608,13126137856,12993157120,133666816,66983936,58464256,6144,6144
0,0,0,0,0,0,0,0,0,15728640,66584576,119013376,236716032,217841664,17682925312,52068878208,61186900864,26776833920,30467898880,15974004736,8527011840,4235689984,2128707584,2009186304,1669447680,1728102400,268016074752,137221110784,16970415616,1635877888,1635876864,1636007936,1636237312,1636171776,1636696064,1938554880,865992704,16974282752,34291810304,26304692224,60658073600,60330926080,51539632128,57344
0,0,0,0,0,0,0,0,16744448,34493948000,120527056992,120460914912,52013560000,60565551296,26304641216,30324945344,13367489408,17058709248,8335015424,1893472256,1624774656,1626871808,1894782992,549636282872,274624159736,1625300736,1623201792,1623201792,1623201792,1623201792,1893742592,811610112,8462036992,17053020160,13827600384,13357873152,30588139520,26038213632,60163067648,51541575168,51539607552,51539607552,0,0
0,33423360,67076096,117669888,100712448,236831488,209699712,68953801600,240648315264,129100800896,68702826240,17146575872,2114416640,1930321920,1671196672,1641836544,3773837312,3236966910,3236970492,3235921728,33300688896,68188909568,7522496512,3227529216,3227545600,3764449280,3764449280,3764517888,3765931008,8061322752,17049585152,31012161280,26741834496,26839352064,26289898368,25769804544,25769804544,25769804544,25769805568,25769805568,8589935488,256,0,0
0,0,0,0,0,65011712,133693440,1649372168192,1649503305728,1924347920384,962609219072,482110048000,241022501632,121199101696,61069565696,34293677056,17148276736,4265328640,1731297280,3823206400,3252797440,3250700288,3250716608,273833656256,2197978923008,1034026008576,3233857536,3233857536,3235954688,3227566080,16649412608,33829285888,61746688000,259583842304,516208072704,413272905728,962609290240,1924412738560,1649468771328,3584,1536,1024,0,0
0,0,0,0,0,0,0,234881024,534773760,468713472,938999808,2134382592,2084059136,1653431873536,3852320911360,3306054758400,3306054758400,3854741041152,1940268113920,1082093715456,543205294080,26232094720,60381593600,51791724544,51774734336,51640529280,1082432651136,1091156778880,60364619776,51791462400,51791462400,60381396992,25820332032,25820594176,60247490560,64526213120,64525987840,135393718272,109623916544,248138184704,244719818752,208253491200,207230081024,240782415872
0,0,0,0,0,0,0,0,0,0,100663296,260104192,532733952,13369401344,13093625856,15237431296,7784415232,4026318848,2115878912,1057980416,530513920,496959488,435388416,418480128,418484096,410124160,7925266432,549627936768,549628985344,412789825536,472965120,204529664,204529664,204529664,204529664,238075904,2117197824,4264685568,3329486848,7637768192,6561863680,13018601472,13018078208,12918459392
0,0,0,0,0,262144,2031616,4177920,15851520,29384704,58748928,13017034752,30198476800,15166550016,7650392128,4281989344,2132605376,202145664,470744832,403692544,4161247232,17046116352,17046047744,939920408,940445688,940445680,940312512,403441152,470681088,1007552000,1041106432,1980630528,3876457472,3280866304,7546346496,6458719232,15040773632,12889089536,12885018368,768,768,0,0,0
0,0,12582912,65011712,267386880,506986496,404226048,941359168,2013135072,416611697088,420875322240,969589903104,427349736960,548683118592,137305636864,34328076288,26025156608,30130855936,12916383744,12916383744,15061770240,968544509952,1098467278720,273833557888,3787485184,1640001536,834695168,952131584,952138752,8535473920,68396568448,133391565184,51669860800,51605635264,51573031104,16515264,192,0,0,0,0,0,0,0
0,0,0,0,0,0,3933696,33424896,65406464,6494814976,6501106560,7583007616,7579599744,3482288896,4262315776,2140990976,534313984,1056471040,854614016,69532151808,274746866688,137307914208,808484848,808480768,808480768,942698496,506490880,254832640,1060142080,4281368064,3819992832,7548728192,6457155968,12893274496,8594096512,384,384,896,0,0,0,0,0,0
0,0,0,0,0,0,0,0,2130706432,4290772992,7817134080,15036317696,30066606080,26037977088,26843024384,29932493824,3332358772736,3863324080128,1937034409984,839674228736,995373604864,510593695744,268225839104,121249038336,120712167424,103599423488,103330922496,103314145280,103280590848,4363888164848,4363888164848,240719544320,103314145280,120359796736,51640320000,60230320128,30165532672,12985679872,15133306880,16207313920,33387585024,64009012736,122330547712,104150861312
0,0,0,0,0,0,0,0,0,0,0,133693440,268304512,504299712,939753920,139384947072,482915369344,208272867712,208172205824,242532482816,133112331264,68689620992,33410791424,6500128768,6507469760,6505381824,8384429952,68643985408,274794027008,247019345920,6501177344,7541364736,7541364736,3246397440,3250599936,3233837056,3770742784,33835571200,68465957888,121205885952,240996060160,481304251392,412448982528,1030792154624
0,0,0,0,0,0,0,0,0,25770067456,60130463232,133144911360,253405044224,221192797696,487482865408,418762863360,418767057664,418766025472,968530228096,968528126336,832179757440,827880366528,828450783424,826294911200,1926142083168,1925051433072,1650307743776,1649737252864,1649737203712,3848290697216,3298534883328,3298534883328,0,0,0,0,0,0,0,0,0,0,0,0
0,0,0,0,0,0,0,0,0,0,6442450944,16118710272,33348935680,29054005248,64017723392,53263529984,121983064064,104937396224,242342795264,208251623424,207177845760,482055752704,413338373120,413330246656,963018951680,825579933184,825579933184,825579931136,1924555212288,1924555081216,1649677174272,1649677174272,1649678222848,1649271113216,1649271113216,3147264,1792,768,0,0,0,0,0,0
0,0,0,0,0,0,0,0,0,0,0,0,25769803776,64483229696,64483246080,133274058752,118224969728,247073988608,212848599040,487686631424,418967138304,419235835904,969999267840,832556636160,828798408704,828664192000,1928175553536,1653028686848,3849901313536,3298534884864,1792,768,768,0,0,0,0,0,0,0,0,0,0,0
0,0,0,0,0,0,0,0,0,0,0,0,0,3758096384,3758096384,8065695744,16672415744,14524997632,31740518400,27437166592,53207085056,121993637888,104796993536,242236987392,208007534592,482851821568,414132344832,964157115392,826651053056,1926162550528,1651284643584,1880884992,1880622592,536871424,0,0,0,0,0,0,0,0,0,0
0,0,0,0,0,0,0,0,0,0,0,49152,122880,122880,60129800192,60142333952,128878587904,128878852096,266351286272,231993645056,232060754944,511208459264,425443331584,975166113280,837728208640,837992317696,837925208960,1939584319872,1656653349248,1656651252160,1656517034176,1656517034208,1657589727328,8321761392,3758096432,3758096440,3758096400,3221225472,0,0,0,0,0,0
0,0,0,0,0,0,0,0,0,0,0,0,0,6442450944,15032385536,32220643328,32241620992,66601367552,58047100928,58038745088,126758213632,110719260672,243846453248,209487763456,209617787904,484462136320,415742790656,416011750400,966237293568,826648759808,826648757760,826514802432,826513752832,1926025380736,1651147473152,1651146948608,3850170204160,3300414390272,3300145627136,3299071754240,3298534883328,0,0,0
0,0,0,0,0,0,0,0,8589936128,30064774656,64424513024,64424517120,135316643328,109584596480,247023547904,212730934784,212716254976,212842080000,488760173312,415745762048,416015237888,965699748608,828260860800,828260860288,1928309342592,1651150258560,1651148292544,3850171515072,3300415701216,3300415701088,3299342221408,7696583426160,2199024173104,917560,917560,393272,393216,0,0,0,0,0,0,0
0,0,0,0,0,0,0,0,0,0,0,0,0,12582912,25799176192,30094161920,64489551872,64481163264,133267745792,133252049920,116067978752,253506930176,219281409536,219248445184,496271721216,427552244480,427820680064,968986820992,831479841216,1930991435968,1656650399936,1656516182240,3856612589664,3306588340336,3302292979760,3221225528,24,0,0,0,0,0,0,0
0,0,0,0,0,0,0,103079215104,257698562048,541167452160,987846410240,987846438912,837526779904,837525764096,837534144512,1939191158784,1930601286656,1655740288000,1656809819136,1656809293312,1652547880448,3851571136000,3852099618560,3852099617536,3300263428864,3300246651648,3300515087232,3299441082752,3299575300480,3299541746112,2199493017792,402653376,0,0,0,0,0,0,0,0,0,0,0,0
0,0,0,0,0,0,0,0,0,0,0,1572864,6446137344,33289723904,63358689280,123488235520,106853953536,242142261248,207782522880,482677340160,413953660928,414222063616,962937690112,825490349056,825490344960,825624497152,1924666363392,1649788454400,1649771677184,1649502717696,1649502323456,1649368105856,100663552,0,0,0,0,0,0,0,0,0,0,0
0,0,0,0,0,0,0,0,0,0,0,0,6442450944,15061745664,15097400320,15156124672,32320265216,32316079104,67883775488,59260286464,59260302848,127979775488,111066769152,244143645440,209783939840,484661846784,416479494912,966100042624,828661154688,828661137792,1928172896640,1651146981760,1650878546368,1074233536,458944,196608,196608,0,0,0,0,0,0,0
0,0,0,0,0,0,0,0,0,0,0,12884901888,15032385536,32214360064,32219623424,67661527040,59071584256,123496094720,106333064192,106329377792,243802016768,209968630784,207821145600,482766423552,414030104064,963785917952,826749617920,825642321664,1925153817344,1650275910400,3848695185792,3298536456576,7696581394432,6597069766656,0,0,0,0,0,0,0,0,0,0
