0,1,2,3,4,5,6,7,8,9,10,11,12,13,14,15,16,17,18,19,20,21,22,23,24,25,26,27,28,29,30,31,32,33,34,35,36,37,38,39,40,41,42,43,44,45,46,47,48,49
0,0,0,0,0,0,0,0,0,0,4261412864,17163091968,33881587712,30123491328,30123491328,30089936896,30089936896,30089936896,30094131200,30094131200,30094131200,30094131200,12914262016,15061745664,15091105792,8044675072,8573157376,4160749568,2013265920,939524096,2199014866944,2199022993408,1073217536,939524096,939524096,939524096,939524096,939524096,939524096,805306368,805306368,4026531840,4026531840,4026531840,1879048192,1879048192,1879048192,805306368,0,0
0,0,0,0,0,0,0,0,0,0,2113929216,8573157376,17171480576,15091105792,15057551360,15057551360,15057551360,15057551360,15061745664,6471811072,6471811072,6471811072,6471811072,6471811072,7574913024,7574913024,7633633280,4278190080,4228317184,8589869056,137438822400,137405399040,469762048,469762048,469762048,201326592,201326592,201326592,201326592,201326592,201326592,1006632960,2080374784,1006632960,1006632960,1006632960,1006632960,939524096,939524096,939524096
0,0,0,0,0,0,0,0,0,117440512,264241152,1071644672,2020605952,4030201856,3761766400,7519862784,7519862784,7519862784,7519862784,7519338496,3228565504,3772776448,1876951040,2143289344,1065353216,137438937088,137438937088,201326592,201326592,201326592,201326592,201326592,201326592,201326592,201326592,201326592,201326592,201326592,201326592,201326592,201326592,201326592,234881024,234881024,234881024,234881024,234881024,0,0,0
0,0,0,0,0,0,0,0,0,0,0,266338304,535822336,1072693248,1882718208,1882718208,1614282752,3759669248,3759669248,3759669248,3761766400,3761766400,3773825024,1642070016,1941962752,1065353216,60632858624,68719468544,34359730176,536862720,402653184,402653184,402653184,402653184,939524096,939524096,939524096,939524096,939524096,939524096,939524096,939524096,939524096,939524096,2013265920,2013265920,939524096,939524096,402653184,0
0,0,0,0,0,0,0,0,0,1069547520,2145386496,4292870144,3227516928,3227516928,7522484224,7522484224,7522484224,6448742400,6448742400,6448742400,6457131008,6457131008,6457131008,7530872832,7545552896,3351248896,4286578688,4277665792,549755289600,1099511103488,1099444518912,201326592,201326592,201326592,201326592,201326592,201326592,201326592,201326592,201326592,201326592,201326592,201326592,469762048,469762048,469762048,2013265920,2013265920,939524096,939524096
0,0,0,0,0,0,0,0,2143289344,4292870144,3772776448,7530872832,6457131008,15047065600,15047065600,15047065600,15047065600,15047065600,15047065600,15047065600,6457131008,7528775680,7528775680,7545552896,3250585600,3787456512,3783262208,1937768448,1056964608,137438937088,137438945280,235126784,201326592,201326592,201326592,201326592,201326592,201326592,201326592,201326592,201326592,201326592,201326592,201326592,469762048,469762048,402653184,402653184,939524096,939524096
0,0,0,0,0,0,0,0,1879048192,8522825728,34326183936,32463912960,60188262400,51568967680,51554287616,51554287616,51545899008,51545899008,60136882176,60136882176,25777143808,30072111104,12891193344,15038676992,16120807424,7530872832,3772776448,1908408320,2109734912,1099511103488,1099511623680,1099511625728,234942464,469762048,939524096,939524096,939524096,939524096,939524096,939524096,939524096,939524096,805306368,805306368,805306368,805306368,805306368,805306368,805306368,805306368
0,0,0,0,0,0,0,0,0,0,4278190080,17171480576,33315356672,60142125056,60142125056,25784483840,25784483840,25784483840,25784483840,30079451136,30079451136,12899581952,15047065600,7545552896,8111783936,3883925504,2130706432,1040187392,2199023251456,2199023253504,2199023253504,201326592,201326592,201326592,201326592,201326592,201326592,201326592,201326592,201326592,201326592,201326592,201326592,201326592,201326592,201326592,201326592,201326592,469762048,469762048
0,0,0,0,0,0,0,0,0,0,1056964608,1065353216,1941962752,3772776448,3772776448,3772776448,3772776448,3772776448,3772776448,3770679296,3787456512,3816816640,3883925504,1862270976,2113929216,1099507433472,1099511496704,1099511496704,805306368,939524096,939524096,939524096,939524096,939524096,939524096,939524096,939524096,939524096,939524096,939524096,939524096,939524096,939524096,939524096,939524096,939524096,939524096,939524096,2013265920,939524096
0,0,0,0,0,0,0,0,251658240,4278190080,8581545984,16135487488,32241614848,30077353984,25782386688,25784483840,25784483840,25784483840,30079451136,12899581952,15061745664,7574913024,3808428032,4143972352,2130706432,1040187392,274876858368,274877890560,274877890560,201441280,469762048,469762048,469762048,469762048,469762048,469762048,402653184,402653184,402653184,402653184,402653184,402653184,402653184,402653184,402653184,402653184,402653184,402653184,402653184,402653184
0,0,0,0,0,0,0,0,0,520093696,1069547520,4292870144,3772776448,7522484224,6448742400,6448742400,6448742400,6448742400,6457131008,6457131008,6471811072,7545552896,7574913024,3816816640,4143972352,34359736320,68719475712,34359737344,100663296,100663296,100663296,234881024,234881024,234881024,234881024,234881024,234881024,201326592,201326592,201326592,201326592,201326592,201326592,201326592,201326592,201326592,469762048,469762048,469762048,469762048
0,0,0,0,0,0,0,0,0,0,130023424,266338304,517996544,477102080,942669824,808452096,1886388224,1886388224,1893728256,1893728256,1908408320,868220928,864026624,989855744,520093696,503316480,68719411200,68719411200,234881024,234881024,234881024,234881024,234881024,234881024,234881024,234881024,234881024,234881024,234881024,234881024,234881024,234881024,234881024,234881024,234881024,234881024,234881024,234881024,0,0
0,0,0,0,536608768,8589901824,17179865088,135291598848,541165894656,1065151892992,962072676096,1924145350528,3848290698112,7696581394880,7696581394880,15393162789088,30786325577840,30786325577840,61572651155512,123145302310968,123145302310968,105553141432376,105553179181112,105553246289976,105553648943152,123145834987632,123146371858544,123146367664224,52777078227040,61572651155680,61572651155680,61572651155648,30786325578176,30786325578112,15393162789760,7696581396224,7696581398272,3848290704896,1924145363968,962072705024,1030792208384,240518291456,257698529280,128850001920,64428572672,16122642432,8588886016,2139095040,1040187392,0
0,0,0,0,33292288,2147475456,34359734272,137170548736,266287979520,481036340736,962072677888,962072676096,4123168605056,3848290698112,7696581394880,6597069767104,15393162789088,15393162789088,13194139533408,13194139533408,13194139533408,13194139533408,15393221509216,15393288618080,15393422835808,15393422835808,6597321424992,7696581394656,7696581394656,3298534883552,3298534883552,3848290697408,3848290697408,1649267442112,1924145349056,824633721728,824633721728,962072676096,481036340736,481036344832,240518183936,257698068480,128849080320,32212369408,16643489792,8456699904,2147352576,536346624,12582912,0
0,0,0,0,0,0,0,0,0,8053063680,137304735744,548614963200,2165196193792,4260741251072,17042463719424,15393163821056,30786325831680,61572651212800,61572651180032,61572651180032,61572651180032,61572651180032,61572651180032,61573188050944,61574530228224,61576677711872,61576677711872,61576677711872,26390158139392,30786325602304,30786325602304,13194139557888,15393162846208,6597069824000,7696581443584,3848290811904,3848290811904,1924145446912,962072903680,962072903680,481036795904,240518627328,120261050368,60137668608,32245284864,16171139072,8581545984,2130706432,1040187392,0
0,0,0,0,0,0,0,0,0,4294959104,68719472640,274341064704,532575956992,2130303793152,1924145362944,3848290703360,7696581401600,6597069773824,15393162791936,30786325580800,61572651158528,61572651159040,52776558136832,123145302314496,123145704967680,123149463064064,105557277019648,105554995318272,105554995318272,105553116270080,105553116270080,105553116270080,105553116269568,105553116273664,105553116273664,105553116272640,105553116280832,123145302323200,123145302339584,61572651212800,65970697723904,13194139648000,16492674514944,8521215606784,2130304761856,1091332603904,274223071232,34256977920,4286578688,520093696
0,0,0,0,0,0,536854528,4294965248,8522857984,33286000512,64424510336,120259084736,240518169024,481036337344,1030792151264,962072674528,1924145348832,1924145348832,3848290697440,3848290697440,7696581394528,7696581394528,6597195595872,6597334007904,6597602443360,6597602443360,6597334007904,6597329813728,6597187207392,7696614949056,7696581394880,3298534883776,3848290697600,3848290698112,1649267443456,1924145350400,824633724416,962072677888,412316867584,481036351488,206158458880,240518291456,120259330048,128850034688,66576056320,34359476224,8587837440,58720256,0,0
0,0,0,0,25165824,536869888,2147483136,8522829312,33822869248,66571993856,128849019776,240518169472,481036338048,962072675200,2061584302976,1924145348992,3848290697600,7696581394816,15393162789248,15393162789248,13194139533696,30786325578112,30786728231296,30787365765504,30787365765504,30787365765504,30787365765504,30786828894592,30786828895104,13194340860800,13194139534080,13194139535104,15393162790400,15393162792448,7696581398016,7696581401600,7696581401600,3298534897664,3848290711552,3848290725888,1649267470336,1924145405952,962072788992,962072788992,481036566528,240518627328,257900281856,66840166400,34359214080,8522825728
0,0,0,0,0,0,0,536739840,4294950912,34225778688,136902146048,541165894656,1065151892992,4260607561472,8246337210240,16492674417536,30786325578624,30786325578112,26388279067008,61572651155904,52776558133696,123145302311360,123145302311360,123145302311104,123145503637696,52777061449920,52777598320832,52777564766400,61573053808832,26388279067072,30786325578176,30786325578176,13194139533696,15393162789760,15393162789760,7696581396224,7696581398016,3848290704384,1924145379328,962072735744,1065152012288,541165993984,135291961344,33857404928,4294836224,1073479680,267386880,33554432,0,0
0,0,0,0,0,66977792,8589901824,137435004928,547608391680,2164663545856,4260607571968,8246337215488,7696581401600,15393162792448,30786325581312,30786325579520,61572651157248,61572651156352,52776558134144,123145302311360,123145302311360,123145302311104,105553116266688,105553116266688,105553518919904,105554122899648,105555230196160,105555230196160,105553317593984,105553116267392,105553116267264,105553116268288,123145302312448,123145302314496,61572651159040,61572651162624,30786325584896,15393162803200,7696581425152,7696581455872,3848290820096,1924145463296,2061584531456,481036795904,257698955264,128852951040,64432373760,32697745408,8587837440,4286578688
0,0,0,0,0,0,536869888,4294966784,17171482496,67645735872,270582940128,532575944928,2130303778928,8521215115320,17042430230556,32985348833308,65970697666572,61572651155470,52776558133262,52776558133262,52776558133260,61572651155484,61572651155484,61572768595996,61572902813720,61573171249176,61573171249208,61572902813752,61572768596016,61572651155568,61572651155568,26388279066848,26388279066848,26388279066816,30786325578176,30786325578624,30786325579520,13194139536896,15393162796032,15393162803200,7696581425152,3848290758656,2061584424960,1065152135168,532576436224,135292452864,34294595584,4290510848,1073217536,65011712
0,0,0,0,0,0,0,0,0,17179852800,274877902848,545460910080,1065151903744,1924145355776,3848290704384,7696581397504,15393162791936,15393162792448,30786325581312,30786325579264,26388279068160,61572651156992,52776558135040,123145570748160,123146241836800,246292617889536,246294765373184,211110393284352,492582282987264,492581209245440,492581209247232,492581209247232,211106232540160,246290604636160,246290604650496,105553116323840,123145302368256,52776558247936,61572651384832,30786325807104,30786326036480,15393163706368,7696583360512,3848294629376,1924153212928,962608496640,491771658240,274861129728,136365211648,66571993088
0,0,0,0,0,0,1099509530624,8796092497920,17042438488064,32985349849088,65970697924608,61572651218944,52776558147584,123145302318080,123145302314496,123145302312448,105553116268032,105553116268032,105553116268032,246290604623360,246290604623360,246290805949952,246291107939840,246292718552576,105555230197248,105555230197248,105555196642816,123147382687232,123146241836544,52776558136832,61572651159040,61572651162624,30786325584896,30786325583872,13194139547648,15393162817536,6597069795328,7696581451776,7696581509120,3298534998016,3298535374848,3848291680256,3848291614720,1924149280768,1924153212928,962088402944,1030823608320,481095057408,241038262272,258218131456
0,0,0,0,0,0,0,0,0,0,0,0,0,34225520640,137434759168,549754765312,1065184919552,2061586137088,3848291614720,3298535800832,7696581853184,6597069996032,15393162903552,15393162838016,15393162846208,15394773430272,15397189349376,15397323550720,15397323550720,15395176067072,6597069778944,7696581423104,3848290725888,3848290754560,1924145463296,962072920064,481036566528,481036795904,240519086080,120260919296,51543539712,60136882176,30079451136,15162408960,16634609664,17163091968,8455716864,0,0,0
0,0,0,0,0,0,0,0,0,0,4227858432,68711088128,274070503424,1090954985472,2062121107456,4398046494720,17592182104064,32985348894720,65970697680896,131941395340288,263882794860032,281474976710144,562949953357312,492581075027456,422212465067520,422212465067520,422212465073664,422212465082112,562949953421056,562949953418752,422762220621312,422212465069568,422212465069056,492581209250816,492581209257984,211106232547328,246290657048576,140737488353280,140737488353280,61572651401216,30786326069248,32985349750784,15393166721024,7696589258752,3874093006848,1949978066944,2087614152704,988882665472,549688705024,274609471488
0,0,0,0,0,0,0,0,0,0,0,2130706432,8588886016,33889714176,135295533056,266296328192,1073741807616,4398046494720,8521148063744,7696581423104,15393162803200,13194139565952,30786325839616,30786329771520,30786593981952,35184371043840,35184355315200,35175782157824,26388279073792,26388279073792,26388279073792,26388279121920,26388279326720,26388281153536,35184371972096,35184371593216,35184363761664,30786325635072,30786325692416,13194140024832,13194140516352,13194141499392,15393170915328,15393430175744,17592184995840,8796088827904,7696707223552,3848542355456,3852518555648,2070040018944
0,0,0,0,0,0,134217216,2147483584,17171484640,68182606064,270582940600,549755813816,2199023255324,4123168604172,8246337208334,15393162788871,32985348833287,35184372088831,70368744177663,70368744177663,52776558133251,123145302310915,123145302310915,105553116266499,105553116266503,140737421248511,140737488355327,140737488355319,105553116266502,105553116266510,123145302310926,123145302310924,123145302310940,140703128616984,70368677068856,62122406969328,61573724897248,30786327674848,15393162789312,16492674417536,8521215119104,2061584317952,1073741822976,274877902848,68182605824,16911433728,1610612736,0,0,0
0,0,32768,8384512,67107840,534789888,1056968640,4160750048,16642998520,34359730238,137438953471,257698168831,515396075523,962072674307,2061584302083,4396972769283,3573412265987,7730941132547,7696614948863,6597069774847,6597069766659,8521215115267,8761733283843,7694433910787,6734374502403,6614247538691,6597606621191,6597086543623,6597070028798,6597069768703,6597069766718,8658654068764,8795019280444,8796084633720,6605659650288,6597203984352,6597071863744,8521215119232,8795556167168,8796084698112,6605659697152,6597136859136,7696598138880,7696647979008,4261677105152,2199006478336,1099377410048,257698037760,0,0
0,0,0,0,0,0,0,0,0,0,0,2143289344,17179344896,34359476224,30066737152,60133670912,274877874176,274877890560,481036451840,962072731648,1924145377280,3848294889472,3307124815872,8796092905472,8795556158464,7696581401600,7696581398016,7696581398016,7696581395968,7696581395968,7696715609600,8263517076992,8796093017600,8795556158464,3298534898688,3298534946816,3848291217408,3848292761600,1924161994752,1030858735616,529350524928,274844352512,68585259008,33285996544,6442450944,0,0,0,0,0
0,0,0,4063232,536854528,4294959104,17045782016,68719476224,137438953216,549688706944,2156073583488,4123168604608,8246337208512,16492674418624,32986422575072,30855045054432,35184367894752,70351564308576,61435212202096,52776558133360,52776558133488,52776558166000,52776562327536,52776692350064,52780852576368,52913980309616,54974507647088,70351564308592,69818988363872,61572651155552,26388279066848,30786325579744,13194139598784,15393179566016,15393699656064,7705170281344,8246270101248,4395899029248,4380866645504,1924145355776,824633728000,974957606912,493921366016,255558934528,135425654784,136364687360,68685922304,16911433728,0,0
0,0,0,0,0,0,0,0,0,0,0,1073676288,17179852800,137438945280,266288001024,1065151903744,962072681472,2198989708288,4398046510592,7705171328768,7696581396224,7696581395328,15393162789760,15393162789248,17523466568128,8796025913568,7696581394400,6599217250272,6597070290912,6597069766880,6597069767104,6597069767552,8796093022080,17592186044288,7696581410688,7696581401600,7696581409792,7696581408768,3298534912000,3848290754560,1649267556352,2199023222784,1099511595008,481843675136,241325441024,129792475136,68593123328,34256977920,3753902080,520093696
0,0,0,0,0,0,507904,33550336,268433408,2130722560,17054039936,34359738240,68718953344,124419834240,240518169024,206158430656,532575945184,549755813872,1030792151024,962072674528,1924145348832,1924145348832,1924145348704,1649267441760,2061584304096,4398046511072,4398046511072,3848290697312,3848290697440,3848290697408,3848290697664,3848290697600,3848290704256,4398046510848,4398046510848,4123168542464,1649267445248,1649267448832,1924145362944,824633749504,1090925879296,549755797504,515396042752,240519151616,120267341824,60162572288,33954988032,17171480576,8556380160,0
0,0,0,0,0,33521664,536862720,4292999168,17045666816,67712843520,137438953344,274877903808,547608330464,1030792151152,824633721328,1924145414136,3848307474392,3856880623644,8796091973660,8795824586764,15393162788878,15393162788878,30786325577734,30786325578751,30786325839871,35184372088707,35184372072451,32985346736131,13194139533319,13194139533319,15393162788878,6597069766670,7696581394460,7696581394488,3848290697328,4264902524912,2199023255488,1099509534592,481036345088,240518200320,257698164736,64962420736,34334507008,8589672448,534773760,0,0,0,0,0
0,0,0,0,0,0,0,2147352576,17179803648,34091548672,133144113152,532575975424,2199023255040,4329327034112,8246337210240,15393162789824,13194139533792,30786325577952,35171487186928,70368744177648,70368744177648,52776558133304,52776558133272,52776558133276,52776558133276,52776558133276,70368744177660,140737488355324,70368744144924,52776558133272,61572651155512,61572651155504,61572651155568,61572651155552,35180077121760,35184372088768,35184372088704,30786325579520,30786325585408,13194139548672,13194139660288,15393163304960,16493209157632,8796092891136,8796091973632,3850433986560,2147416539136,1099243192320,545460846592,0
0,0,0,0,0,0,0,0,536870400,8589934464,34359738304,66571993536,128849019072,257698037696,549755813824,1099511627712,824633721024,1924145348800,1649267441856,4260607557856,4397912293600,3848290697184,7834020347872,7696581394656,6597069766880,6597069766880,15393162789088,15393162789056,16492674417088,17592186044400,17592186044400,15427522527216,15393162790656,15393162790656,15393162792448,15393162796032,15393162803200,15393162819584,15393162850304,8796093014016,8796093005824,4123168571392,2061586268160,1030793986048,515403939840,120274812928,64487424000,33277607936,17146314752,4160749568
0,0,0,0,0,0,0,133169152,1073479680,8560443392,33823358976,66572238848,541165940736,2164663547904,8658654199552,34909494181632,70368744171392,140733193388928,246290604622720,492581209244544,492581209244544,492581209244544,492581209244544,492581209244544,562949953421184,562949953421184,492585504210688,492581209245440,492581209245440,211106232534528,211106232536576,246290604625408,246290604625664,281474976710400,140737488355072,105553116280832,123145302325248,123145302323200,123145302339584,52776558190592,61572651212800,61572651270144,32985349062656,35184305471488,17592185978880,16493211222016,7696597647360,3848355708928,1924409589760,964186603520
4294934528,34359730176,137304866304,536334286720,482915583968,963012657392,1924616028284,3848761245726,7696784556047,7696819945479,15393267122179,30786450358275,30786383249411,26388344078337,61572716167169,61572680515585,61572676321281,68169720922113,69818988363777,70300024700931,63754494541839,61843234095167,61639223148799,61589294155763,26392440340419,26392444009987,30803253755911,30922707558407,31877255658502,35150012366734,17317308139470,15393169082364,13194155262972,15393195819256,15393290453104,6597323260128,6598077317600,7698595578816,3302561812352,3314641477120,4292820302848,2194728546304,2190433828864,2181847547904,1065185247232,1084478193664,274869518336,68585259008,0,0
0,0,0,0,0,0,4286578688,34358689792,136935374848,260923392000,484798611456,963955126272,963015374848,1925088033792,1924618259968,3848767800832,3848498317056,3298784445184,7696830956288,7696711418752,7696711418752,17042556060544,17454805813120,14224990412672,13735322255232,13329431525760,14876697149824,17109006385536,17587895267712,17575006437248,17317308153728,13194139535232,13194542186880,13195079057792,13195146166656,13196219908480,15395276718976,6601062745856,7700037504512,7704332475392,3863826413568,4136556851200,1954461900800,1091173597184,532812890112,274877775872,68718952448,8522825728,0,0
0,0,0,0,0,268304384,34359721984,68654460928,124019211264,242130624000,482917224320,414197744576,962879816128,825576915168,1925088542840,1924622450936,1649743495648,3848540259296,3848422819680,3848420724320,3298593610864,4260607572080,8791798116464,8795824840816,7713628078176,7698598789216,7713228521568,7832948702816,7142531137504,8761733287904,8658654069216,16492674416832,7696581394880,6597069767104,6597069767552,6597539530496,6597573086976,6598126734848,7697646763008,7698519193600,7698491961344,3852064768000,3855815245824,1939179765760,994286764032,545468973056,269524926464,132135256064,68711088128,17163091968
0,0,0,0,267616256,536838144,2017394688,4028563456,8053555200,34092343296,65365929984,129360215040,257957043712,515528199680,1030855067392,1924174710528,1924145349568,1924145349056,1924145349568,2061584304064,2164663525056,2190433336544,2059436849376,1958236713184,1928306221280,1925085364448,1928307081440,1932199460832,995359195104,1026497200096,541165879520,532577517760,206162362816,240526295488,240526427008,103094290304,120288907008,51598851584,60256418816,30186401792,15283519488,16909336576,4290772992,2130706432,0,0,0,0,0,0
0,0,0,0,0,0,0,0,0,0,2130706432,17177772032,68484071424,133160697856,541182623744,1090934505472,2091678547968,3878380683264,7711672557568,15400796479488,15401467568128,15397424226304,30787332268032,30786460311552,34634617315328,35046937223168,32951005372416,31331852509184,13327413567488,13224271306752,13254302621696,15659451801600,7662221778944,8727373602816,8521215172608,8246437920768,3848542404608,1924665556992,826697547776,966158417920,497704960000,272760700928,266319167488,128865271808,67778904064,34355544064,17163091968,4026531840,0,0
0,0,0,0,0,0,0,0,12582912,1071644672,34359214080,549755781120,2196936581120,2069218062336,3855924359168,7700574386176,7700574377984,15395243179008,15395176119296,13194945100800,30786326597120,30786329708032,32985365350144,69269265056512,70231337730944,63763117900672,62120263664064,61605937672640,61580167413184,61588757299136,61639223152576,61843234097088,62654982914240,65901978190016,69819927888320,32987362100096,30790553440000,30794311548416,30794043127808,13209406922752,15423328468992,7756829392896,7816901165056,4088875712512,2130336284672,1030924271616,481296384000,533616132096,137304735744,68451041280
0,0,0,0,0,16515072,67043328,3489644544,4280279040,17049384960,33826569216,66310905344,129660618240,241472376576,482005229312,962567618432,4123697117568,3848542482880,7696699081152,7696615964864,7696583360736,7696585326816,8521222455520,8791805919328,8795962867808,7971327148128,7705037627488,7712687650912,3365106908768,3427484573664,4381118302176,4329578693088,4123294433504,1649527488704,1649531683008,1649514906048,1649751884672,1924629792512,1924554297088,1925092220416,825446382592,963959126016,963687473152,510580981760,549755682816,137436856320,68652367872,0,0,0
0,0,0,0,0,0,133169152,9126543360,34296692736,16913498112,67647815680,136367169536,265217961984,484798117888,1034557594624,1926031739904,1926039080448,3849108588032,3849259583232,3298996257536,3299063366528,3299054980992,3298786549632,3298769780160,4123235744192,4329327096256,4380866757056,3569117938112,3366180716992,3864933794240,3850170007520,3856746676216,1786438090744,2196875772352,2181844959680,1924149281216,1924153475520,1924160946624,1924175627200,824692838272,824751635968,824869124096,825104003072,962544517120,1031748386816,482109030400,549751619584,274743689216,135291469824,0
0,0,0,0,132120576,8589803520,34359721984,274348892160,1092808142848,2132189132800,3849244908544,7697080524288,15393695469056,15393288625920,13194189873024,30786325592512,26388279095744,61572651212992,65970697781472,68169721168096,70093866729696,57105886085216,53841711857776,52896820887664,52836695015472,53042860785712,53867509186608,54906987741232,56899860430896,69269366759472,68169788030960,65970697699320,131941395334136,272682104914904,554161913464704,448617387134720,26420222901248,30852629166080,30848334295040,15514229260288,7800608489472,8487391985664,4333619904512,1099461296128,273804165120,273804165120,135291469824,0,0,0
0,0,0,0,0,0,0,0,0,0,0,2143289344,34359607296,68719443968,270641889280,530478907392,977155506176,1939228123136,8252897157120,7703124537344,15400913874944,30794076665856,30790016571392,26392439830528,26392439879680,34086739639296,35047738678272,30751966301184,26920855932416,30850752056832,13224208240128,13226360114688,15457595681792,15650865015808,7112465906688,8658712804352,4123298658304,1924409651200,962590728192,481982267392,242537955328,124025503744,67653992448,32216186880,16650862592,8589410304,2143289344,0,0,0
0,0,0,0,0,0,0,0,34359721984,68719468544,136365465600,519154659328,1034550720512,2063463750656,3849096924160,7697522757120,15393634387456,13194646521600,30786564130560,34084985242368,34634682337024,35046998155008,31851540512640,31318931403648,13260737708416,15426987491712,15401622176128,7700750528896,7730681085824,3915940626304,4114578673536,2164663517568,2130303779200,1924246012288,962324333440,962592769792,481564823040,241487059968,242426591232,124031889408,124024774656,67649912832,32765837312,34157887488,17171480576,8556380160,939524096,0,0,0
0,0,0,0,0,0,0,0,0,0,134152192,536854528,2130964480,8456239104,16643472896,67646197504,270046988160,1083946303936,2131922256352,8523126669536,7698590466144,6599200473200,6598109954168,6598076400632,6597069774840,8246337273624,8778913413144,7694434418712,6733972373304,6613713027064,7764227162104,7829725381112,3831110828080,4329327034416,4123172798576,1649298899056,1924277469280,1924412735712,824875942848,962545586112,963015876096,413260069888,482917251072,244278226944,136903122944,67748462592,34359607296,8589410304,503316480,0
0,0,0,0,0,0,0,0,0,0,0,0,0,0,0,0,0,34225520640,1099511595008,4398046507008,17332340653056,70108898672384,63236950984576,124801012204480,127000035459552,127000035459296,127000035459296,56631291281504,65427384303728,65427384303728,34641058726000,17048872681584,17057462616176,8261369593952,8259222110432,3878355468736,1984274891200,2121713845120,2147483649792,2190433324544,274341043712,34351365120,4294506496,67100672,8372224,1966080,0,0,0,0
0,0,0,0,0,0,0,0,0,0,0,0,0,260096,134217216,1073725184,4294936448,16928211840,136365212096,548682072288,2167884742880,4333085130848,8731131641968,15807090262128,13608067006576,31200521486448,31200521486448,26802474975472,26871194452448,26871194452928,31269240964992,33193386315520,17284827454976,4365297417216,2198486511616,549755805696,17179836416,267911168,0,0,0,0,0,0,0,0,0,0,0,0
0,0,0,0,0,0,0,0,0,0,0,0,0,0,0,0,8589934080,68719476672,1097380921312,4393751544056,8776765669436,33481417556028,31273804365854,62541166280718,125076963852295,109408923156483,253994702209027,253994702209025,217710818492417,226506911514625,226502616547331,224303593291783,224303593291791,259487965380670,261686988636280,139641197953264,68172942148064,17320529363904,4398046510976,1099511627264,137438951424,3221225472,3221225472,0,0,0,0,0,0,0
0,0,0,0,0,0,0,0,0,0,0,0,0,0,1536,4294967168,34359738304,136902083552,543044927600,2192312369264,8780792201328,17283753705528,33192312569880,62054492799004,123558424477708,264845668646924,247253482602510,493406648270862,494506159898638,424137415720988,424137415721016,494506159898680,494507233640560,265808815063264,132907226104256,69135551694784,17458505195392,8730594901504,2193655590912,549755781120,34359607296,0,0,0,0,0,0,0,0,0
0,0,0,0,0,0,0,0,0,0,0,0,0,0,0,0,0,260096,8589934080,68719476480,274610489216,2197950431680,8782134378880,34878355669376,66454955229568,62056908718464,53192096219520,62537945055616,62537945055616,31614180524480,16221017735552,17320529364864,8524436864768,4398046510080,1099511611392,481019559936,418759311360,0,0,0,0,0,0,0,0,0,0,0,0,0
0,0,0,0,0,0,0,0,0,0,0,0,0,0,0,134209536,1073737728,17179865088,68452081664,549219987456,1068910049280,1034550263296,965830778624,1927903446976,4126926701024,8524973211872,8250095304928,17046188327136,32439351116000,34637837500608,65428458045888,65427384304576,65435974240128,65451006631680,69849053150208,35141422479360,8718784126976,4389460738048,1099511496704,274876858368,0,0,0,0,0,0,0,0,0,0
0,0,0,0,0,0,0,0,0,0,0,0,0,0,4194288,1073741808,34359689208,137371844732,546266152990,2166542565383,4261412864007,8247142514695,34635421581319,69270037856262,135240735522822,271580177367054,500278595944462,429909851766798,429909851766812,289172363411484,289172363411480,425511805255736,495881623175216,549207937122416,133594420871408,70097624371168,17592186044352,2199023255296,841813573632,0,0,0,0,0,0,0,0,0,0,0
0,0,0,0,0,0,0,0,0,0,0,0,0,0,0,0,0,8587837440,68718952448,273569218560,1084211838976,2165603299328,4364626361344,8178020400896,15874601783232,33947824162800,31748800906236,62535126483006,62397687529486,62397687529478,62397687529478,53601594507278,53601594507326,53601594507384,62535126483952,62535126491072,33398068608768,16974652372992,8762739884032,2199022731264,549747425280,0,0,0,0,0,0,0,0,0
0,0,0,0,0,0,0,0,0,0,0,0,0,0,0,0,0,34359672832,274877902848,1098471439360,4371202998240,17526687801336,35050154361336,67898601111676,54704461578252,56628606926860,126447595290636,130845641801756,130845641801756,130845641801756,60476897624120,69272990646520,69272990648288,34092376686464,8769250000384,4398046507008,1099511496704,0,0,0,0,0,0,0,0,0,0,0,0,0
0,0,0,0,0,0,0,0,0,0,0,0,0,0,0,0,1073676288,34359734272,274877905920,4397509656320,8795556153216,16754130552768,13438415800288,31271120012280,62538481926200,62538481926172,123971546644508,106379360600092,106379360600092,106379360600092,123971546644508,123973694128248,62401042973680,31752156364768,34912715669248,8796093020160,2199023222784,17178820608,0,0,0,0,0,0,0,0,0,0,0,0
0,0,0,0,0,0,0,0,0,0,0,0,0,0,0,0,2147479552,274877906816,1099444551616,4381269297120,8762203046392,16974113407096,33947891269688,62535193591836,123970405793804,247115708104718,248215219732494,247115708104718,125069917421582,63497266266126,67895312777230,35047402897422,17455216853022,4261077319804,2165066171376,548547919840,137438953216,8589926400,536608768,0,0,0,0,0,0,0,0,0,0,0
0,0,0,0,0,0,0,0,0,0,0,0,16750592,268434944,2147483640,17112776696,68182606832,547608330488,2189359579196,8769249476622,16976931979270,33950642733062,31751619477510,27216134012934,62400506101766,62400506101766,53604413079558,62400506101766,62400506101766,27216134012934,31614180524038,31614180524038,16358456688654,16362751655964,8666170261752,4267050010608,4335769501632,2196876819968,549755809792,68719411200,0,0,0,0,0,0,0,0,0,0
0,0,0,16911433728,34225520640,68652367872,120762400768,240769826816,103196655616,58720256,58720256,25165824,25165824,29360128,29360128,29360128,29360128,12582912,13107200,953942016,419168256,486014976,217055232,250609664,267386880,132120576,132120576,62914560,62914560,29425664,29556736,25624576,25624576,26083328,3248226304,3785097216,1905786880,968359936,1035468800,502792192,267386880,133169152,65011712,29360128,62914560,62914560,62914560,0,0,0
0,117440512,1065353216,4286578688,16940793856,33298579456,30079451136,25784483840,14680064,6406144,6537216,6520832,6750208,74317824,243007488,243007488,125304832,66584576,32505856,14681088,14683136,6298624,6305792,6320128,7397376,7454720,7569408,7569408,1886846976,2020999168,507379712,255721472,129761280,66846720,33292288,16252928,3145728,3145728,3145728,3145728,3145728,3145728,0,0,0,0,0,0,0,0
0,0,0,0,0,0,0,0,0,0,0,0,0,536870912,4160749568,17045651456,68585259008,133546639360,120661737472,120661737472,51942260736,51942260736,402653184,469762048,405798912,409993216,26188185600,30496784384,30526144512,15552479232,6962544640,7985954816,8455716864,4160749568,2013265920,402653184,404226048,406323200,409993216,26178748416,30482104320,13319012352,15464398848,7977566208,7977566208,4278190080,4261412864,2080374784,2013265920,939524096
0,0,0,0,0,0,0,0,0,503316480,1040187392,2113929216,1996488704,3875536896,8103395328,7566524416,15082717184,15082717184,12935233536,51904512,54001664,3279421440,3824156672,1944059904,2076180480,1065353216,520093696,251658240,50331648,50331648,50331648,50397184,50561024,50561024,1929838592,1930297344,1931214848,859570176,859308032,997195776,467664896,532676608,532676608,260046848,251658240,117440512,50331648,0,0,0
0,0,0,0,0,0,0,260046848,1069547520,4257218560,8082423808,16118710272,15044968448,12897484800,12582912,12582912,14680064,14794752,14925824,15138816,216924160,251396096,116916224,133169152,65011712,31457280,31457280,14680064,14680064,14680064,14680064,1625305088,1893756928,2027974656,484499456,484499456,249675776,115589120,133136384,134086656,66846720,32505856,14680064,0,0,0,0,0,0,0
0,0,0,0,0,0,0,0,0,0,0,0,532676608,1069547520,484442112,14680064,14680064,14680064,14680064,14712832,417447936,1021427712,518225920,250576896,134086656,66846720,31457280,31457280,14696448,820043776,2028068864,484687872,484671488,216465408,251527168,125566976,66060288,65011712,31457280,14680064,14680064,14680064,14680064,14680064,0,0,0,0,0,0
0,0,0,0,0,0,0,0,0,0,469762048,2113929216,4278190080,8170504192,6492782592,50331648,50331648,58720256,58916864,59703296,60751872,867958784,1941438464,871366656,1004535808,465567744,528482304,260046848,260046848,125829120,58720256,50331648,50331648,50331648,50331648,50331648,15082717184,16156590080,7566983168,3809345536,1931214848,1933312000,863502336,1004535808,532676608,260046848,125829120,58720256,58720256,125829120
0,0,0,0,0,0,0,0,0,0,0,469762048,2113929216,4261412864,8153726976,6559891456,117440512,50331648,58720256,58720256,58720256,58720256,58720256,25165824,25165824,25165824,25165824,25165824,25657344,29851648,29818880,30277632,970719232,503054336,502267904,266354688,264298496,1908523008,1908637696,834895872,969342976,534642688,536608768,267911168,132120576,8388608,0,0,0,0
0,0,0,0,0,0,0,0,264241152,1071644672,4293918720,3761242112,7519862784,6444023808,15033958400,1835008,1835008,1835008,1835008,1835008,1835008,1835008,1949696,27115520,64864256,33521664,16744448,8335360,3944448,1847296,1863680,1863680,68972544,236740608,236773376,119324672,59621376,59621376,63799296,30375936,16744448,16711680,1966080,0,0,0,0,0,0,0
0,0,0,0,0,0,0,0,0,0,0,0,0,0,1610612736,4026531840,8455716864,7985954816,15535702016,13119782912,15133048832,117440512,50331648,50331648,58720256,58720256,59113472,59179008,26083328,27131904,834142208,972029952,970981376,501219328,264241152,130023424,58720256,58720256,58720256,1669332992,3816914944,1937997824,855867392,856096768,1000210432,1002307584,469237760,534773760,528482304,201326592
0,0,0,0,0,0,0,2013265920,4160749568,8522825728,7717519360,7751073792,234881024,100663296,100663296,100663296,100663296,100663296,102236160,6546784256,7620001792,3866099712,3873439744,2009071616,2009071616,1065353216,520093696,503316480,100761600,101154816,101154816,101580800,8692432896,30169104384,32320782336,15140388864,7631536128,7631536128,3351248896,3883925504,4152360960,1996488704,1040187392,503316480,234881024,0,0,0,0,0
0,0,0,0,0,0,0,2080374784,4261412864,8287944704,7751073792,6677331968,7616856064,2248146944,100663296,100663296,100794368,101122048,101646336,6547046400,7624720384,7632584704,3890216960,2009071616,2004877312,1056964608,1040187392,503316480,234881024,234938368,100720640,100909056,101154816,12986548224,15134883840,7624720384,3866099712,1994391552,2009071616,1065353216,1065353216,503316480,251658240,251658240,50331648,0,0,0,0,0
0,0,0,0,0,0,0,0,0,0,0,0,0,206158430208,257698037760,128849018880,64424509440,32213041152,15033303040,7516979200,3223060480,3761766400,3765436416,1625292800,1910505472,1941962752,931135488,1056964608,1040187392,1006632960,4227858432,8287944704,16341008384,15133048832,30182211584,60246982656,60179873792,60179873792,60179873792,60246982656,60246982656,60364423168,60632858624,61136175104,34225520640,16642998272,0,0,0,0
0,0,0,0,0,0,0,0,3221229568,4026546176,4160780288,1006661632,235003904,117686272,59211776,30343168,16646144,8126464,7864320,16252928,33030144,62390272,119013376,236453888,471334912,471597056,941359104,1880883200,1880883200,3759931392,3759931392,3223060480,3223060480,3223060480,3759931392,3759669248,1880621056,941096960,523763712,267911168,66060288,0,0,0,0,0,0,0,0,0
0,0,0,0,0,0,0,0,0,51539705856,60129771520,30065229824,15033303040,16107962368,7519862784,3765436416,1625292800,1908408320,998244352,528482304,520093696,234881024,503316480,1056964608,1929379840,3816816640,7574913024,16135487488,15061745664,15047065600,12899581952,30071062528,30071062528,30071062528,25776095232,25776095232,25776095232,25776095232,25784483840,30094131200,30194794496,17163091968,8556380160,4160749568,0,0,0,0,0,0
0,0,0,0,0,0,206158430208,257698037760,133143986176,66571999232,16643012608,4026562560,2080501760,503562240,252674048,127795200,62652416,32505856,14680064,31457280,65011712,123731968,258998272,510656512,477102080,946864128,1886388224,3765436416,8060403712,7519338496,15035531264,12888047616,30067916800,25772949504,60132687872,60132687872,60132687872,60132687872,25777143808,25784483840,30096228352,30127685632,15158214656,17163091968,4261412864,0,0,0,0,0
0,0,0,0,0,0,0,0,0,0,15032385536,16106160128,8053178368,4027023360,2014248960,473825280,242745344,267386880,130023424,125829120,260046848,1065353216,2038431744,4051697664,7541358592,15057551360,12910067712,30089936896,30094131200,30094131200,30094131200,30094131200,30094131200,30094131200,30094131200,30094131200,12914262016,12910067712,15560867840,8573157376,4227858432,0,0,0,0,0,0,0,0,0
0,0,0,0,0,0,0,0,0,103079215104,128849018880,135291535360,33286455296,8054046720,1883111424,947650560,485490688,532676608,260046848,251658240,528482304,998244352,1908408320,3770679296,16118710272,32226934784,64430800896,60135833600,51546947584,51546947584,51546947584,51546947584,60136882176,60132687872,25772949504,30067916800,32215400448,16109273088,8060403712,4293918720,2145386496,503316480,0,0,0,0,0,0,0,0
0,0,30064771072,32212254720,16911435520,4227860224,1056968192,264257024,31488000,14737408,7454720,7569408,4128768,4063232,1835008,3932160,8126464,16515072,15466496,63832064,126746624,252051456,235339776,470220800,402849792,939720704,939753472,1879277568,1879146496,1610711040,1610727424,1610727424,1610727424,1610661888,1610661888,1610727424,1879162880,1879277568,1073676288,536739840,133693440,0,0,0,0,0,0,0,0,0
0,0,0,0,0,0,0,0,0,0,0,0,0,0,3072,515396083200,541165894656,66572056576,33822990336,4160995328,1041170432,253624320,129761280,32505856,32505856,66584576,119275520,236716032,470679552,940441600,4026990592,3758555136,7516651520,15032582144,15032614912,30065000448,30064869376,25769902080,25769902080,25769902080,25770033152,30065000448,32212451328,16107110400,8323465216,2147221504,535822336,130023424,0,0
0,0,0,0,0,25769803776,64424558592,32212369408,16106356736,3758587904,1881079808,943456256,477626368,266338304,264241152,125829120,125829120,260046848,499122176,954204160,1886388224,4033871872,3761766400,7519862784,7518027776,7516979200,7516979200,7517110272,7516585984,7516585984,3221618688,3221618688,3221618688,3221618688,3758489600,3759013888,3762159616,3774611456,2146435072,2143289344,1056964608,0,0,0,0,0,0,0,0,0
0,0,0,0,206158430208,266287972352,135291472896,33286028288,8321628160,2013782016,1007648768,255721472,125566976,66060288,29360128,132120576,266338304,1047527424,2016411648,8325169152,16107962368,30066606080,60130459648,120260001792,120259543040,240518627328,206158626816,481036566528,481036566528,481036435456,481036435456,240518266880,240518266880,120259313664,60130000896,32213172224,16659513344,8589410304,2145386496,0,0,0,0,0,0,0,0,0,0,0
0,0,0,0,0,137438953472,515396075520,257698037760,64424509440,32212254720,8053063680,4026556416,2013323264,939646976,470007808,235896832,119406592,129761280,66584576,31457280,62914560,266338304,1046478848,1013972992,4029677568,8056733696,16109797376,15033958400,30066606080,60131377152,120260001792,120260001792,120260001792,120260001792,120259870720,120259870720,51541442560,60133212160,30072635392,32227983360,8185184256,8585740288,2130706432,0,0,0,0,0,0,0
0,0,0,0,0,0,0,0,15032387328,16643002112,8455724544,1006648320,503347200,117501952,58966016,29851648,15663104,8257536,8126464,16252928,33030144,64487424,253231104,504889344,2014838784,1880621056,3759669248,7517765632,15033958400,15033958400,30066343936,30066343936,25771376640,25771376640,25773473792,25773473792,25777143808,30072111104,30079451136,15063842816,17175674880,8573157376,0,0,0,0,0,0,0,0
0,0,0,0,0,8388608,31457280,132120576,532676608,1052770304,2025848832,3770679296,8067743744,6457131008,6457131008,6457131008,7530872832,3764387840,3764387840,1885339648,945815552,509607936,266338304,65011712,6291456,6291456,6291456,7340032,7340032,3145728,3145728,3145728,3145728,3145728,3145728,3145728,3145728,3145728,3145728,3145728,3145728,3145728,3145728,3145728,3145728,3670016,7864320,7864320,3670016,3670016
0,0,0,0,0,0,0,0,0,0,0,0,0,17175674880,34351349760,60188262400,120284250112,120284250112,240543334400,481061502976,481061502976,481061502976,481061502976,240543334400,120284250112,60154707968,30089936896,17175674880,8587837440,2145386496,29360128,29360128,29360128,29360128,29360128,29360128,29360128,29360128,29360128,12582912,12582912,12582912,12582912,29360128,29360128,29360128,29360128,12582912,12582912,0
0,0,0,0,0,0,0,0,0,0,0,0,0,17163091968,34342961152,64474841088,128899350528,120309415936,240568500224,206208761856,240568500224,240568500224,120309415936,60179873792,32262586368,17163091968,8573157376,1056964608,50331648,50331648,50331648,50331648,50331648,50331648,58720256,58720256,58720256,58720256,58720256,58720256,58720256,58720256,58720256,58720256,58720256,58720256,58720256,16777216,0,0
0,0,1069547520,4290772992,8585740288,16120807424,32226934784,30079451136,30079451136,30079451136,12899581952,15047065600,6457131008,7530872832,4041211904,2095054848,1054867456,266338304,65011712,31457280,6291456,6291456,6291456,6291456,6291456,6291456,6291456,6291456,6291456,6291456,6291456,6291456,6291456,6291456,6291456,6291456,6291456,6291456,6291456,6291456,7340032,2097152,0,0,0,0,0,0,0,0
0,0,0,0,0,0,0,0,0,4194304,31457280,132120576,534773760,1012924416,945815552,811597824,1885339648,1885339648,1885339648,1617952768,1617952768,1617952768,1886388224,946864128,510656512,267386880,66060288,3145728,3145728,3145728,3145728,3145728,3670016,3670016,3670016,3670016,1572864,1572864,1572864,1572864,1572864,1835008,1835008,1835008,1835008,786432,1835008,1835008,1966080,917504
0,0,0,0,0,0,0,0,0,50331648,520093696,1065353216,864026624,1937768448,1669332992,3816816640,1669332992,1669332992,1669332992,1669332992,1669332992,1937768448,964689920,528482304,260046848,125829120,25165824,29360128,29360128,29360128,29360128,29360128,12582912,12582912,12582912,12582912,12582912,12582912,14680064,14680064,14680064,14680064,6291456,6291456,6291456,14680064,14680064,12582912,0,0
0,0,0,0,0,0,0,0,0,0,0,0,50331648,520093696,1056964608,2130706432,1929379840,3808428032,3808428032,3271557120,7566524416,6492782592,6492782592,7566524416,3808428032,4085252096,2071986176,1065353216,260046848,25165824,25165824,25165824,25165824,25165824,25165824,25165824,25165824,25165824,29360128,29360128,29360128,29360128,29360128,29360128,29360128,29360128,29360128,62914560,62914560,29360128
0,0,0,0,0,0,0,0,528482304,1065353216,998244352,830472192,830472192,1908408320,1908408320,1908408320,834666496,834666496,834666496,834666496,952107008,515899392,266338304,132120576,14680064,14680064,14680064,14680064,14680064,14680064,14680064,14680064,14680064,14680064,14680064,14680064,14680064,14680064,6291456,6291456,6291456,6291456,7340032,7340032,7340032,7340032,0,0,0,0
0,0,0,50331648,1056964608,2139095040,1669332992,3816816640,3816816640,7574913024,7574913024,7541358592,6467616768,7541358592,7541358592,3783262208,1904214016,2042626048,532676608,264241152,29360128,29360128,29360128,29360128,12582912,12582912,12582912,12582912,14680064,14680064,14680064,14680064,14680064,14680064,14680064,14680064,6291456,6291456,6291456,6291456,14680064,14680064,6291456,0,0,0,0,0,0,0
0,0,0,0,0,0,0,0,0,260046848,528482304,1069547520,1908408320,3787456512,7545552896,6471811072,7545552896,7528775680,7528775680,3233808384,3770679296,4039114752,2025848832,1021313024,534773760,132120576,31457280,6291456,6291456,6291456,6291456,6291456,6291456,6291456,7340032,7340032,7340032,7340032,7340032,7340032,7340032,7340032,7340032,7340032,7340032,3145728,3670016,3145728,0,0
0,0,0,0,0,0,0,0,0,0,0,4261412864,17146314752,32312918016,64525172736,128949682176,120359747584,103179878400,103179878400,120359747584,51640270848,60230205440,32312918016,34326183936,8556380160,2113929216,117440512,117440512,117440512,117440512,117440512,117440512,50331648,50331648,50331648,50331648,50331648,50331648,50331648,50331648,58720256,58720256,58720256,58720256,25165824,25165824,25165824,25165824,25165824,58720256
0,0,0,0,0,0,0,0,0,0,0,0,0,267386880,1072693248,4235198464,8328839168,16112418816,32218546176,30071062528,30071062528,12899581952,15047065600,15047065600,7530872832,4039114752,2143289344,1069547520,62914560,12582912,29360128,29360128,29360128,29360128,25165824,25165824,25165824,25165824,25165824,25165824,25165824,25165824,25165824,25165824,25165824,25165824,25165824,25165824,25165824,0
0,0,0,0,0,0,0,0,0,0,0,0,0,0,0,0,0,105553116266496,140187732541440,140735340871696,140737488355320,123179662049272,123145302311160,123145302310968,123145302310968,52776558133296,61572651155504,26388279066672,30786325577840,16492674417648,8521215123424,4380866707328,1098975280128,137438937088,4294836224,0,0,0,0,0,0,0,0,0,0,0,0,0,0,0
0,0,0,0,0,0,0,0,0,0,0,0,0,0,0,0,0,0,0,0,1792,1073741568,549755813760,4398038130560,35167192233984,34084860489728,30786325639168,30786325823488,13194140041216,16492675399680,8246339174400,4363690704896,1099511103488,274875809792,8585740288,0,0,0,0,0,0,0,0,0,0,0,0,0,0,0
0,0,0,0,0,0,0,0,0,0,0,0,0,0,0,0,0,0,0,35184372088856,140703128616984,140737488355324,123420180217852,52780853100508,61572651155484,30786325577784,13194139533424,16492674416864,8658654070720,4393751560064,1099478335232,34359736320,536838144,0,0,0,0,0,0,0,0,0,0,0,0,0,0,0,0,0
0,0,0,0,0,0,0,0,0,0,0,0,0,0,0,0,0,1,1,1,65535,17179869183,35184372084743,35184103653391,34084860461182,13194139534328,15393162792944,15393162805120,7696581457920,8521215631360,4393759899648,1099511496704,17178820608,0,0,0,0,0,0,0,0,0,0,0,0,0,0,0,0,0
0,0,0,0,0,0,0,0,0,0,0,0,0,0,0,0,0,0,0,6,70360154243582,140737488355326,140737488355324,123145839181756,123145302311032,123145302311408,123145302312928,61572651163392,65970697731072,32985349353472,16492741509120,8538394853376,4398044413952,1097364144128,0,0,0,0,0,0,0,0,0,0,0,0,0,0,0,0
0,0,0,0,0,0,0,0,0,0,0,0,0,0,0,0,0,0,0,0,70368744177656,70368744177660,70368744177656,52776558133296,52776558133360,52776558133360,52776558133472,52776558133696,52776558134144,61572651157248,26388279074304,30786325609472,15393162852352,8246337462272,4260608573440,1065168535552,549755551744,137436856320,8522825728,0,0,0,0,0,0,0,0,0,0,0
0,0,0,0,0,0,0,0,0,0,0,0,0,0,0,0,0,0,12,12,140737219919900,140737488355324,105587476004860,105553149820720,123145302310960,123145302310960,123145302311024,123145302311408,52776558135232,52776558141312,61572651220480,69269236742144,35184372072448,4398046380032,274844352512,0,0,0,0,0,0,0,0,0,0,0,0,0,0,0
0,0,0,0,0,0,0,0,0,0,0,0,0,0,0,0,0,0,0,0,69269232549902,70368744177663,70368744177662,61572651155468,61572651155516,61572651155576,61572651155952,61572651156416,26388279074688,30786326101504,17042447005696,8796092989440,1099507433472,137405399040,0,0,0,0,0,0,0,0,0,0,0,0,0,0,0,0
0,0,0,0,0,0,0,0,0,0,0,0,0,0,0,0,0,0,0,0,105553116266508,281474976710654,140737488355326,123145310699512,61572651155696,61572651155936,30786325578688,15393162789760,7696581396224,8246337211904,2061584317440,1065152412672,273837715456,137438920704,34357641216,0,0,0,0,0,0,0,0,0,0,0,0,0,0,0
0,0,0,0,0,0,0,0,0,0,0,0,0,0,0,0,0,0,6,14,62,68169720954876,140737488355324,140737488347256,123145302311136,123145302311392,123145302311872,123145302314880,123145302326784,61572651187200,65970697793536,30786326609920,16492682739712,8779449499648,4398044413952,1099444518912,0,0,0,0,0,0,0,0,0,0,0,0,0,0
0,0,0,0,0,0,0,0,0,0,0,0,0,0,0,6,6,6,6,6,17592186044414,17592186044414,13194139566078,13194139533318,15393162788870,15393162788870,6597069766662,7696581394446,7696581394494,7696581394684,4123168605168,2164663525312,1098975804928,137438951424,17179803648,0,0,0,0,0,0,0,0,0,0,0,0,0,0,0
0,0,0,0,0,0,0,0,0,0,0,0,0,0,0,0,0,0,0,0,0,70366596956128,70368744177648,61641370632160,61572651155680,61572651155904,61572651155904,61572651157376,61572651159296,26388279074304,32985348847616,17042430750720,4260615942144,2197009973248,549753716736,17146314752,0,0,0,0,0,0,0,0,0,0,0,0,0,0
0,0,0,0,0,0,0,0,0,0,0,0,0,0,0,0,68719476608,8796093022176,17591917609952,15393162788960,15393162789088,15393162789088,15393162789088,15393162789056,15393162789056,15393162789312,15393162789056,15393162789056,15393162789312,15393162789312,15393162789312,15393162789312,8791798055360,8793945539008,133144084928,262080,130944,24576,0,0,0,0,0,0,0,0,0,0,0,0
0,0,0,0,0,0,0,0,0,0,0,0,0,0,0,4398046445568,4398046510592,3573412789760,7696581398016,7696581396224,15393162790656,13194139535104,30786325579520,30786325579520,26388279068416,26388279067392,26388279067392,26388279067392,26388279067392,26388279067392,26388279067392,26388279067392,26388279067392,26388279067392,26388279067392,26388279067392,26388279067392,35175782942464,35175783202560,35175783202304,520192,0,0,0,0,0,0,0,0,0
0,0,0,0,0,0,0,0,0,0,0,0,0,17177772032,70368744177408,70368744177662,61572651286526,61572651155462,61572651155462,61572651155462,61572651155462,61572651155462,61572651155462,61572651155462,61572651155462,61572651155462,61572651155470,61572651155470,61572651155470,61572651155470,61572651155470,61572651155470,61572651155470,61572651155484,61572651155484,61572651155512,61572651155512,61572651156464,70366596825072,70366596824960,6442450944,0,0,0,0,0,0,0,0,0
0,0,0,0,0,0,0,0,0,0,0,0,0,1924145348608,4398012956672,8796092760064,7697118265280,7696585588732,7696581427196,7696581394460,6597069766684,6597069766680,6597069766712,6597069766712,6597069766712,6597069766704,6597069766768,6597069766768,6597069766768,6597069766768,15393162788976,15393162788976,15393162788976,15393162788976,15393162788976,15393162788976,15393162788976,6597069766768,6597069766768,7696581394656,8795019280608,8795019288512,8128,1984,0,0,0,0,0,0
0,0,0,0,0,0,0,0,0,0,0,0,35184372088704,70368744177600,140737488355264,123145302311104,123145302311104,123145302311104,123145302311104,123145302311104,123145302311104,123145302311104,123145302311104,123145302311136,123145302311136,123145302311136,123145302311136,123145302311136,123145302311136,105553116266720,105553116266720,105553116266720,140728898420960,140728898420960,35167192743904,524256,960,0,0,0,0,0,0,0,0,0,0,0,0,0
0,0,0,0,0,0,0,0,0,0,0,0,0,0,140737488289792,140737488355312,105553118363632,105553116266608,105553116266608,105553116266608,105553116266608,105553116266608,105553116266608,105553116266608,105553116266608,105553116266608,123145302311024,123145302311024,123145302311024,123145302311024,52776558133360,132181930147952,70351597854832,35150029125744,65520,4080,480,0,0,0,0,0,0,0,0,0,0,0,0,0
0,0,0,0,0,0,0,0,0,0,0,0,0,0,35184372023296,70368744177408,140737488355320,123145302327288,123145302310968,123145302310968,123145302310968,123145302310968,123145302310968,123145302310960,123145302310960,123145302310960,105553116266544,105553116266544,105553116266544,105553116266544,105553116266544,105553116266608,105553116266608,105553117053040,106648333975536,140733194436592,140668769402848,0,0,0,0,0,0,0,0,0,0,0,0,0
0,0,0,0,0,0,0,0,0,0,0,0,8573157376,2199023190016,70368475742192,70231306272752,52776558149616,52776558133360,52776558133344,52776558133344,52776558133344,52776558133344,52776558133472,61572651155680,61572651155680,61572651155680,61572651155648,61572651155648,52776558133440,123145302311104,123145302311104,105553116266688,105553116266688,105553116266720,105553116266720,140462610452448,140668772548544,70334388633344,103083343872,1048576,0,0,0,0,0,0,0,0,0,0
0,0,0,0,0,0,0,0,0,0,0,0,0,0,17592177655808,17592186044408,13262859010040,13194143727608,13194139533368,15393162788976,15393162788976,6597069766752,6597069766752,6597069766880,6597069766880,6597069766880,6597069766880,6597069766880,6597069766752,6597069766752,6597069766752,6597069766752,6597069766752,6603512217696,8793945538656,8793945571424,7696581525088,131040,32736,0,0,0,0,0,0,0,0,0,0,0
0,0,0,0,0,0,0,0,0,0,0,0,0,0,0,17585743593472,35184355311616,136889197657984,263883327537088,246290604883952,211106232533116,211106232533020,211106232533020,211106232533048,211106232533048,211106232533040,246290604621936,246290604621920,246290604621920,246290604622048,246290604622048,246290604622048,263882790666464,280925220897248,70300033089472,1095233437632,270599454720,0,0,0,0,0,0,0,0,0,0,0,0,0
0,0,0,0,0,0,0,0,0,0,0,0,0,140187732541504,281474976710624,281474976710624,211106232533216,492581209243744,492581209243744,492581209243760,492581209243760,492581209243760,492581209243696,492581209243696,492581209243696,492581209243696,492581209243696,492581209243696,492581209243696,492581209243696,492581209243696,492581209243696,492581209243696,492581209243696,211106232533040,211106232533040,211106232598512,211106232664048,250619931705344,281406257233920,140668768878592,0,0,0,0,0,0,0,0,0
0,0,0,0,0,0,0,0,0,0,0,0,70368744144896,70368744177663,70368744177663,52776558133311,52776558133255,52776558133255,52776558133254,52776558133254,52776558133262,52776558133262,52776558133262,52776558133262,52776558133262,52776558133262,52776558133262,52776558133262,52776558133262,52776558133262,52776558133262,52776558133260,52776558133260,52776558133260,65970697666572,69269232582684,35167192342556,8787503218684,25769836536,0,0,0,0,0,0,0,0,0,0,0
0,0,0,0,0,0,0,0,0,0,1040187392,2139109376,553912399872,1927932868608,1653543598080,1657855291392,1657653964800,1932205780992,970133659648,488556707840,265753165824,137174646784,68593385472,17061249024,30550130688,30564286464,30291722240,30325276672,30316625920,992255147776,1097481846528,547726032640,30182440960,30115332096,30115201024,30115201024,12935331840,12935331840,66622423040,273854595072,548732502016,484308140032,416134193152,413987201024,2141085696,1073504256,1072721920,331374592,24576,8192
0,0,0,0,0,0,0,0,0,0,260046848,532676608,1035993088,1893728256,3789553664,3890216960,1657318415872,1932675522304,1941060454144,841280397056,969590471680,496077109248,255584092160,136432254976,68309352448,34343354368,32179093504,26776895488,27783528448,7724364922880,8793812303872,4394156292096,271054796800,26240483328,26240483328,26240352256,26241400832,26243235840,26242711552,26246905856,31077695488,65447395328,271622864896,549212520448,979236225024,970629513216,1932601294848,1924145577984,1649267671040,229376
0,0,0,0,0,0,0,0,0,134086656,1101659078848,3852585648320,3852050481600,3855823651264,1931795726720,1932194472320,970629571456,966301566848,489326300928,530667339264,270825749504,133386235904,26019393536,26034073600,26034073600,64684584976,17590290248696,17588142768112,60381232896,60381229056,60364451840,60364447744,26004709376,25870524416,30182268928,30182260736,270633385984,547667165184,547667165184,496094142464,429018832896,970554073088,966367541248,1924681972736,1649334033408,1649267441664,3848290697216,1099511627776,0,0
0,535822336,1073479680,943587328,1879506944,1611072000,3791062528,3892250368,2203311802112,7698662786816,4127329849088,2138625752576,1099244239872,274343129088,31947866112,31011749888,60615147520,60379217920,51803963392,51665486332,120384978940,120376590320,120376580096,2181960876032,2190550810624,120376573952,120309465088,120309530624,51590053888,51590184960,60180393984,60190291968,128911685632,266354564096,513313610752,444594129920,977365110272,979244156416,979185436160,970125739520,962072675840,962072675840,962072675840,962072681984,962072681984,274877910528,1536,0,0,0
0,0,0,0,0,520093696,1065353216,1071644672,123147197612032,123149068533760,61575874215936,61580432378880,30794914208768,15410283810304,7704638524928,3863324925440,1939181829120,1064623403008,549234655232,136934522880,62038867968,61128179712,52060094464,120779571200,120762859520,120729894848,17575208550336,70351799697408,70214360694784,120359944192,120359944192,51640467456,51657244672,120376983552,266405920768,1091040165888,2121766068224,4148990631936,7726700191744,15406172499968,30801491161088,61581239005184,123149588901888,105557377693696,14336,7168,6144,0,0,0
0,0,0,0,0,0,0,0,4026531840,8581545984,8585740288,16101933056,32210182144,33854382080,105620791410688,123211903713280,246419483049984,246410893115392,246393748897792,246531255025664,123660830752768,66512106782720,35180320260096,17487436447744,833092583424,1928309768192,1928175550464,1926026362880,1926026477568,34911375326976,70095747219200,35050961518080,1928173715456,1928173715456,1928173715456,1928173715456,825440862208,825440862208,962882043904,2063467479040,2132191182848,4331212488704,4056342913024,7938991251456,7818748944384,7826294497280,6664774246400,6631144316928,6605626175488,7700809281536
0,0,0,0,0,0,0,0,0,0,0,0,4026728448,4228087808,8019738624,420084940800,484316512256,243768950784,261991104512,124552151040,68482957312,34242166784,8472363008,8002207744,8017149952,7747665920,7777157120,7777165056,7642545920,7575436288,8795070119936,17591171219456,17488092004352,13201714675712,7575142400,3280175104,3246620672,3783491584,3783491584,3783458816,3783458816,34116960256,68477239296,122198941696,122200842240,242547712000,208304889856,482105913344,482093316096,138244274176
0,0,0,0,0,0,3670016,16646144,67043328,126320640,251756544,469876736,207165112320,482105933824,482108039168,241591705600,122406494656,68615659968,34240455552,3228823296,7523794432,7520386048,6446538752,272734384128,547612291072,272734105600,15036069936,15036071152,15040266208,15039733696,15039732736,6449798144,7519345664,16109280256,33826019328,31946971136,62011742208,121201768448,120736200704,240759369728,240784570368,481170553856,481103420416,481037323776,137438957056,3584,1024,0,0,0
0,0,100663296,251658240,2139095040,4223664128,8082423808,15047065600,32219594880,66567274944,13262858486656,30923764467456,26658870337024,31026847874048,35115656673280,17583604490240,8793953337344,1098989666304,966128664576,413319397376,412845441024,481556529152,481271316480,240753147904,70334585880576,70334585896704,8779114610432,60330983424,60330983424,30266212352,13086343168,15267364864,33521138688,274039307776,2194426773248,4262453510912,3850405544832,1650326373248,1649804050816,1649803264384,25166208,384,0,0,0,0,0,0,0,0
0,0,0,0,0,0,0,66062336,536353792,1060637696,69662936576,241390325248,241457563392,104138147584,121269782016,124423966208,68458847744,34240445440,17127698432,17175928832,17041571840,30123606016,8551338721280,8794004389760,2196934623200,30123622368,12943736896,12943736832,15091220480,16970268672,8380334080,4186042368,34250815488,68644109312,129377623552,120787685120,240770057984,481166329600,412383905536,33425152,1792,1792,1792,512,0,0,0,0,0,0
0,0,0,0,0,0,0,0,0,34225520640,68685922304,274332647424,240648192000,481067794432,962330624000,970660515840,979248363520,1028661211136,106644046245888,264398194896896,123626355220480,62053753536512,62637929889792,31868909912064,16278430285824,8551750565888,8262309511168,3856746807296,3856612589568,3306856841216,3302561873920,3301756567552,3301756567552,280378686832608,280379223703520,16496432971776,3302293438464,3852049252352,3849901768704,1925756420096,826244792320,963683680256,482916368384,208038510592,517277216768,1084218734592,2123608635392,1990513925120,3882642054144,3307108047872
0,0,0,0,0,0,0,0,0,0,0,0,264241152,2145386496,8589410688,16110060416,15033303936,31138382592,13222056690432,15427258222336,6630357798656,7728802037248,7729875778560,4328805101568,2198784294912,1084269584384,104010407936,104136204416,104119467968,104119467904,273737084928,8794952196096,17558228983808,7800063287296,103549001728,103549001728,103549001728,120728870912,120460468224,120494088192,120494080000,51774742528,1091022843904,2194847723520,3880628533248,8253987108864,16496967301120,15395301890048,32987362106368,32985348848640
0,0,0,0,0,0,0,0,0,0,824636872704,2061591656448,4260614913024,8727380917248,8177633487872,15599337008128,15599353785856,13400330522112,13434720210432,31026906252800,31026964973056,26491479492352,26491594835712,61693113369344,61693382067072,61633185382848,52837629231552,52807429193920,52808502935776,52793202114656,123161945767936,123152818634752,123152818503680,105553116266496,246290604621824,246290604621824,0,0,0,0,0,0,0,0,0,0,0,0,0,0
0,0,0,0,0,0,0,0,0,0,0,240518168576,515496738816,532810825728,1082835304448,1014652715008,1986254856192,1986255118336,3910131998720,3326016905216,7726210904064,6630994112512,15426550247424,15426551296000,13210348173312,30802550994944,30802550732800,30802550732800,26404504213504,61588878399488,61588878399488,61588810766336,52792717744128,52784132003840,123152876182528,123152875133952,123152883522560,123145367329792,123145365232640,52776587496448,25168896,3584,3072,0,0,0,0,0,0,0
0,0,0,0,0,0,0,0,0,0,0,0,0,274877906944,962072674304,2130706432000,4330333863936,4331407867904,7904854245376,7904585809920,6841447710720,15637557395456,13437998317568,31034412154880,30896975044608,30895909691392,26506452557824,61708008714240,61705860182016,61705826611200,52841012017152,123205457033216,263942920214528,105553116273664,3072,3584,1536,0,0,0,0,0,0,0,0,0,0,0,0,0
0,0,0,0,0,0,0,0,0,0,0,0,0,0,17179869184,60129542144,128849018880,266523049984,266523344896,507309948928,438607249408,988363603968,1950906040320,1676027936768,3874916982784,3326244347904,7724290859008,15420603523072,15422751010816,30815882342400,30815345471488,61605965475840,61605969672192,52808802909696,52808801852928,30096236032,30079458304,30077357056,8589934592,0,0,0,0,0,0,0,0,0,0,0
0,0,0,0,0,0,0,0,0,0,0,0,196608,491520,491520,549756829696,1924146380800,1924382113792,4123405377536,4123673550848,8521720029184,8659697954816,16356161908736,16357235634176,13608187607040,31202454018048,31202454019072,26872598502400,62061269749248,62061269747200,52990265263872,52989191522048,123366525633408,123366508856192,123398721110464,123398721110464,123278453637312,52909709459680,128849019104,128849018992,128849018992,120259084336,51539607552,0,0,0,0,0,0,0
0,0,0,0,0,0,0,0,0,0,0,0,0,0,0,206158430208,515396075520,515597402112,1065386795008,2165166891008,2165166956544,1890842828800,3952427102208,3952293146624,7801590411264,7818778669056,6718999130112,15517239635968,15448486588416,13248926330880,30845411536896,30845411538944,26454864443392,26454865483776,61639239670784,61639239666688,61637083794944,52806631034368,52806631032576,123175371014656,123175371014144,105583184969728,246320671227904,246316374949888,246316374425600,246290604621824,70368744177664,0,0,0
0,0,0,0,0,0,0,0,0,412316866560,962072688640,2130303793152,2130303794176,4054449159168,4054918921216,7903209647104,7903780064256,6839567764480,15635660786688,15497970158592,15500050664960,13300490538496,30914159775232,30914159775232,26516113524224,61630658840064,61630658774784,52843159881472,123211904582400,123211887805312,105617554146176,246320683811200,246320685908416,246320685908160,211119133950176,211106240397536,211106240397424,7864432,7864432,3670136,3670072,3145728,0,0,0,0,0,0,0,0
0,0,0,0,0,0,0,0,0,0,0,0,0,0,0,234930176,962307612672,962576113664,2062104518656,2062641393664,2131159658496,4331265046528,3781509232640,8179287267328,8179253713920,7081889831936,15603109137408,15603109072384,13403532168704,31000015800064,31000015800064,61786332988288,61819618853760,53032116814720,123400860991936,123398709313984,105686263922880,246423752278240,246419455213680,211226491617392,51539607600,48,0,0,0,0,0,0,0,0
0,0,0,0,0,0,0,0,3298534883328,17042434424832,17317322817536,31610990755840,27350383312896,27350416875520,61985033281536,62053812527104,53257719476224,52982825054208,53017318993920,123386063108096,123248586405888,123248855357440,123266035226624,105673782074368,105605062593536,105605599464448,105614055050752,246351543406080,246318257407488,246322550277632,246322550277888,211120729884416,211122876318464,211122876318592,70376260371328,7516193152,2147483648,0,0,0,0,0,0,0,0,0,0,0,0,0
0,0,0,0,0,0,0,0,0,0,0,0,4194304,68750934016,515427762176,1082396999680,2113189429248,3899962933248,3908552867840,7756818333696,6657441456128,15419141185536,15419141021696,30816867213312,30816867217408,30816801157120,26402111647744,61586483458048,61588630943744,52792403703808,52783813761024,52784887503872,123153627487232,123149331991552,123149328846336,123147181360896,35186251137536,536870912,0,0,0,0,0,0,0,0,0,0,0,0
0,0,0,0,0,0,0,0,0,0,0,0,0,0,240719495168,241021485056,516453052416,516453068800,517333874688,1067089721344,929382332416,2031007881216,1756130040832,3954620619776,3958915587072,7807189486592,7824369487360,6723784117760,15519879237120,13329445881344,30921623799296,26452710328064,61637083399936,61637083399936,52840986182400,123209730884352,52836691739520,60133475200,1835392,1835392,1835008,786432,0,0,0,0,0,0,0,0
0,0,0,0,0,0,0,0,0,0,0,0,0,481036337152,481036337152,1065210724352,927771779072,2027350646784,1752607191040,3968814510080,3968780939264,3419293497344,7748621056000,7748553816064,15454246279168,15454246279168,13255088544768,30848350428160,30813990689792,26415675739136,61606489754624,61606489755136,123161424170496,123161423119872,246305651689216,246294914269952,492581209243648,492581209243648,422212465065984,0,0,0,0,0,0,0,0,0,0,0
