0,1,2,3,4,5,6,7,8,9,10,11,12,13,14,15,16,17,18,19,20,21
0,0,0,0,0,31744,17408,17408,17408,17408,17920,11264,12288,258048,7936,4096,4096,4096,12288,12288,4096,4096
0,0,0,0,0,15360,9216,9216,9216,9216,9216,9216,14464,65408,2048,2048,2048,2048,6144,6144,6144,6144
0,0,0,0,3072,7680,12544,8448,8448,8704,7680,65472,2048,2048,2048,2048,2048,2048,2048,2048,2048,0
0,0,0,0,0,3584,4352,12544,12544,12544,12800,7168,32736,6144,4096,4096,4096,4096,4096,4096,4096,4096
0,0,0,0,7168,15872,8704,8704,8704,8704,8704,9216,16128,130048,2048,2048,2048,2048,2048,2048,6144,4096
0,0,0,0,15872,8704,25088,16896,25088,8704,9728,9216,5120,65504,2048,2048,2048,2048,2048,2048,2048,6144
0,0,0,0,14336,19456,34304,33280,16896,16896,16896,8704,5632,130944,2272,6144,4096,4096,4096,4096,4096,4096
0,0,0,0,0,31744,16896,16896,16896,16896,9728,15360,6144,262128,2048,2048,2048,2048,2048,2048,2048,2048
0,0,0,0,0,7168,12800,8704,8704,9728,15360,130560,130944,4096,4096,4096,4096,4096,4096,4096,4096,4096
0,0,0,0,15360,26112,16896,16896,16896,9216,13312,6144,65472,2048,2048,2048,2048,6144,6144,6144,6144,6144
0,0,0,0,3072,15872,8704,8704,8704,9728,9216,32752,16368,2048,2048,2048,2048,2048,2048,2048,2048,2048
0,0,0,0,0,3584,6912,4864,4608,5632,5120,2048,65408,2048,2048,2048,2048,2048,2048,2048,2048,2048
0,0,16256,57440,98320,196616,393228,262148,524290,524290,527874,531972,531460,524292,786444,262152,131096,196656,98368,49536,30464,7168
0,0,4032,63584,98320,196616,131080,262148,262148,262148,263172,265220,393220,131076,131076,196616,65544,65552,32800,24640,16256,1536
0,0,0,0,12288,120832,395136,786624,524320,524320,524320,536608,536608,262176,262240,393280,131136,65728,32896,49920,9216,6144
0,0,0,0,16352,57376,196640,131088,262160,524304,524304,536592,1576976,1572880,1572880,1572880,524320,524320,262208,458944,119552,15872
0,0,0,8160,24600,32780,65540,196612,131076,131076,265732,265732,265220,393220,131080,131080,65552,65584,32864,49280,32512,0
0,0,4064,14352,57352,98312,65544,131080,262152,262152,268296,268296,264200,262152,262168,393232,131120,131104,196704,65600,34944,32512
0,0,0,3968,30944,114736,458776,262152,524296,524300,524292,530436,530436,786444,262152,262152,131088,196640,114752,28800,7936,0
0,0,768,65472,229408,393232,262160,524296,524296,524292,524292,1579012,1579016,524296,524312,524304,262160,393248,196672,98432,49408,32256
0,0,0,8176,24588,98308,393218,786433,524289,524291,524290,527362,527362,524292,524292,262156,262168,262192,131104,98496,57728,7936
0,0,0,0,32704,114720,131088,262160,262160,524304,524296,1576968,1060872,1048600,1048592,1048608,524352,786624,262272,131328,73216,61440
0,0,0,261888,262592,524384,524304,524304,1572888,1048600,1054744,1587224,530456,524304,786448,262176,262176,131136,131200,131328,66048,99328
0,0,0,0,0,0,64512,100096,131456,393408,262208,262176,274464,266272,131104,196672,65728,33152,17152,26112,14336,0
0,0,0,0,0,64512,197504,524000,786480,1574896,2096144,1048592,1048632,1048528,1048592,1048624,1576928,1046592,262528,393984,214016,129024
0,0,0,0,0,15360,25472,114624,192608,262200,262640,1048080,753680,524304,524400,1048480,262240,262336,262528,462592,523776,145408
0,0,0,8184,61446,131066,131073,262145,1048575,524289,524289,1046543,1048573,524289,524290,1046530,790524,393224,196664,65504,12288,0
0,448,4080,14348,32739,98367,196608,261632,394239,393217,507905,294401,263161,262159,507906,278438,262392,522288,264128,132864,260096,0
0,0,0,0,0,15872,24960,65472,65600,131168,262112,393232,393232,393264,524272,131120,131296,67328,63488,24576,0,0
0,0,8160,32752,129032,196612,264188,917380,983044,524300,526332,588804,983044,524292,262204,270312,258056,196624,65584,115648,65024,8192
0,0,0,0,0,16320,57440,65584,262128,393224,262152,522244,270332,262148,524264,393272,393264,131168,262080,102528,54016,15872
0,0,0,2016,7224,32760,32776,98316,98300,196612,131076,262140,131076,131076,131080,262136,131088,196640,131008,33152,18176,15360
0,0,384,8160,26616,130956,65542,132094,523778,262145,262151,524281,262145,262145,393219,131078,262140,98352,53472,16128,0,0
0,0,0,8064,28864,98416,196600,262156,1048572,557050,524290,524290,1048574,524290,524294,1032196,524280,262192,262368,524032,146432,122880
0,0,0,0,16376,49156,131068,65540,131076,262140,133116,262148,262148,524286,262152,262160,262192,520288,262080,65792,50688,31744
0,0,0,1536,14720,49216,196664,1048552,1048584,1048584,1048584,2097144,1048584,1048592,1048592,2097144,524320,524320,524352,522432,397184,200192
16320,61560,69772,133507,395521,263936,525824,525312,917504,638979,548878,799729,386017,458777,262670,265478,268428,139416,213216,99264,130560,16384
0,0,0,32256,106880,69984,203536,133656,133640,396296,459800,319720,451528,491576,262152,268296,268296,141328,149536,117952,65408,0
0,0,1536,64992,37176,69900,200966,133644,134684,132148,258148,405892,451060,458764,393220,262152,268312,398384,143936,221568,123648,58368
0,0,4032,12672,29152,52016,67096,196616,196620,229396,155748,137412,90364,114692,98572,33416,34456,19936,28160,7168,0,0
0,0,0,0,0,32256,115584,214592,418880,276576,268384,459168,312864,280480,360544,393280,134208,79040,124800,49920,31744,0
0,0,0,0,7680,128960,207904,407600,266352,262608,919304,771976,549100,548892,638988,921612,800792,288864,445632,165632,69120,63488
0,0,0,12224,14688,53776,103960,199720,396492,393604,459268,457156,155764,182300,199684,134660,133640,201232,70496,95168,64512,0
0,0,0,3840,29120,57696,78640,201232,136712,134152,133180,196708,180292,143428,159870,229636,197508,66712,67760,72128,105984,61440
0,0,7936,62432,234032,396816,263192,786476,786500,983172,557316,573954,723970,921590,524318,1585176,806960,299232,433920,129024,57344,0
0,0,0,0,0,16128,58560,91200,140320,272416,796720,921712,1015952,278800,312272,360560,200224,72256,45952,24832,16128,0
0,0,0,0,65504,106656,200848,399632,264456,460312,361704,286984,408552,180248,229384,68616,72720,37408,58304,30464,14336,0
0,0,0,0,0,8128,28848,57752,201476,269316,268302,393338,385218,286846,245762,197124,200196,68380,69936,45536,65408,7680
0,0,0,0,0,0,0,0,131008,483376,663560,663556,663556,925702,401414,409604,213000,229400,30768,2016,0,0
0,0,0,0,0,0,2032,16344,57356,237572,462852,331780,856068,856072,495632,258144,16256,0,0,0,0,0
0,0,0,0,0,0,0,16368,123388,516098,598017,1712129,1449984,1318912,1318913,1843206,925708,262136,8192,0,0,0
0,0,0,0,0,0,0,32764,118788,495622,888834,1642499,1118209,1249282,1249286,1650700,467000,131008,0,0,0,0
0,0,0,0,0,0,0,0,16368,123336,499720,598024,598024,335880,467064,131008,65536,0,0,0,0,0
0,0,0,0,0,0,0,8160,61632,106544,204824,139268,401412,925700,679944,933936,508096,130816,0,0,0,0
0,0,0,0,0,0,124,32766,118787,200705,921601,1708033,1445891,397314,1183746,1978372,524280,65536,0,0,0,0
0,0,0,0,0,0,0,0,65280,102592,462896,333852,595971,591873,591875,591884,332016,262016,0,0,0,0
0,0,0,0,0,0,0,0,65504,237630,991238,663555,663554,925698,925708,499952,130816,0,0,0,0,0
0,0,0,0,0,0,0,0,131056,516104,368654,602114,593922,1642498,598030,467192,130944,0,0,0,0,0
0,0,0,0,0,0,0,8160,258108,460806,854018,1640449,1640449,722945,460803,235534,65520,0,0,0,0,0
0,0,0,0,0,0,8190,61454,237571,466945,860161,598017,598017,860161,335873,466950,204856,65472,0,0,0,0
0,0,30720,34816,1024,1024,1024,1536,512,6912,2816,3584,1536,1152,1152,9472,5376,3328,3584,1536,1536,0
0,7168,26112,16896,576,704,2944,1792,1536,528,544,576,640,7040,3968,1792,768,768,256,0,0,0
0,0,0,0,0,0,4096,28672,36864,38912,2048,2816,19968,27648,14336,6144,2304,18944,18944,11264,15360,6144
0,0,0,0,2048,7168,9216,25600,17408,9472,13824,7168,3072,1024,1088,5248,5504,5888,3584,3072,1024,0
0,0,0,3072,15360,25088,512,512,704,2944,3840,1536,512,512,4640,6752,2624,1920,1792,0,0,0
0,0,0,0,0,1024,7680,512,512,6720,2752,1792,512,4704,2752,2944,1536,1536,512,512,0,0
0,0,0,0,0,14336,9216,1024,1152,1408,5888,7680,3072,1024,1024,1024,25600,9344,5376,7680,3072,1024
0,0,0,0,0,6144,14336,1024,1024,1024,1024,1024,1024,1216,5504,3840,3136,5312,8064,3840,0,0
0,0,0,0,7680,8960,8448,256,256,256,1344,1984,928,288,288,2400,1344,1472,896,0,0,0
0,0,0,0,0,0,0,12288,26624,3072,1024,1024,1152,5376,7680,3584,1024,1024,5312,5248,5888,3072
0,0,0,4096,14336,10240,2048,2048,2304,11008,6656,7168,2048,2240,2432,19200,10752,11264,7168,2048,0,0
0,0,0,6144,10240,10240,2048,2176,2432,11008,15872,7168,2048,2144,2240,27008,14848,7168,3072,3072,0,0
0,0,0,0,0,0,98304,49152,24704,8448,12800,5632,6144,6144,10240,17408,50176,50176,51200,22528,24576,0
0,0,0,0,12320,6240,1216,896,768,1792,3328,6400,4352,12544,8448,8448,4352,3840,0,0,0,0
0,0,0,0,32832,16512,8448,4608,5120,2048,7168,13312,26112,16896,16896,16896,16896,16896,27648,12288,0,0
0,0,0,32768,24576,12384,2240,1280,512,1536,2560,4608,12800,24832,16640,16640,16640,16896,17920,15360,0,0
0,0,0,0,0,24640,4288,2816,1536,3072,13312,25600,17408,17920,17920,17920,17408,31744,0,0,0,0
0,0,0,0,32768,57344,12672,6656,3072,7168,13824,25088,49664,33280,49664,16640,24832,14080,3072,0,0,0
0,16384,12312,3120,608,960,384,768,1920,3200,2176,4224,4160,4160,12352,4160,4160,8064,0,0,0,0
0,0,0,0,0,0,16,114736,28768,6528,1792,1792,2432,4224,8320,16576,16448,16448,16576,8320,7936,0
0,0,0,24640,12480,6912,3584,3072,7680,4608,8448,8448,8320,8320,8320,8320,12672,7680,0,0,0,0
0,0,32768,24624,4320,3456,1536,3584,13056,24832,49280,32896,65728,65600,32832,49280,30464,7168,0,0,0,0
0,0,0,32768,24576,12320,6208,3456,1792,1536,6656,12544,16640,49536,32896,33152,49408,17152,15872,0,0,0
0,0,0,0,28696,6192,1088,640,768,1792,2304,12544,8448,16640,16640,16640,17152,17920,15360,0,0,0
0,0,0,1536,6656,12800,8704,8704,12800,6656,3584,512,512,768,256,256,256,256,256,256,256,768
0,0,0,0,0,0,31744,50176,99328,66560,33792,50176,32256,1536,1536,1536,1536,512,512,1536,1536,512
0,0,0,0,0,0,31744,50176,33792,33792,50176,31744,3072,1024,1024,1024,1024,1024,1024,1024,1024,0
0,7680,8704,16896,16896,25088,12800,6656,1536,512,512,512,512,512,512,512,512,512,512,0,0,0
0,0,0,0,512,3584,6656,4608,4608,4608,4608,3584,768,256,256,256,256,256,256,256,256,384
0,0,0,0,1024,7168,5120,13312,13312,5120,7168,1024,1024,1536,512,512,512,512,512,512,512,0
0,0,0,0,0,1024,7168,5120,9216,9216,9216,13312,7168,1024,1024,1024,1024,1024,1024,1024,1024,1024
0,0,0,0,7168,5120,5120,5632,5632,6656,3584,512,512,512,512,512,512,512,512,512,512,0
0,1024,7168,13312,9216,9216,9216,13312,7168,1024,1536,512,512,512,512,512,512,512,512,0,0,0
0,0,0,0,3072,7168,9728,9728,8704,12800,6656,3584,512,512,512,512,512,512,512,512,768,0
0,0,0,0,0,14336,18432,34816,34816,51200,26624,6144,3072,3072,1024,1024,1024,1024,1024,1024,1024,1024
0,0,0,0,0,0,3584,12800,16896,16896,25088,12800,3584,1536,1024,1024,1024,1024,1024,1024,1024,1024
0,0,0,0,0,0,0,0,983040,655358,524290,524290,786438,393244,123120,16256,0,0,0,0,0,0
0,0,0,0,0,0,0,0,0,24,262136,393248,262336,393600,254720,15872,0,0,0,0,0,0
0,0,0,0,0,0,0,0,0,1032194,557054,786434,393220,258168,8128,0,0,0,0,0,0,0
0,0,0,0,0,0,0,0,0,1023,1048065,262158,262200,246208,65280,0,0,0,0,0,0,0
0,0,0,0,0,0,0,0,0,1040399,540670,524300,524344,262624,261888,0,0,0,0,0,0,0
0,0,0,0,0,0,0,0,0,1048574,524290,524292,524300,524312,262240,196800,130816,0,0,0,0,0
0,0,0,0,0,0,0,0,1,1046534,528382,524290,524300,524344,524224,63488,0,0,0,0,0,0
0,0,0,0,0,0,0,0,0,1048575,589823,524294,524296,394224,261632,0,0,0,0,0,0,0
0,0,0,0,0,0,0,0,0,1572865,1048574,786444,262152,196624,115680,32256,0,0,0,0,0,0
0,0,0,0,0,0,0,0,1,31,1048574,524300,524312,524384,262592,261632,0,0,0,0,0,0
0,0,0,0,0,0,0,1,1,524287,262145,262145,393217,131086,114936,32640,0,0,0,0,0,0
0,0,0,0,0,0,0,0,0,983040,1048572,524300,524312,786480,197600,130560,0,0,0,0,0,0
0,0,0,0,0,0,0,32760,520204,262148,262148,262148,262148,262152,507912,49224,120,0,0,0,0,0
0,0,0,0,0,0,0,262128,393240,262152,786440,524296,524296,524296,524296,524296,524296,1032696,0,0,0,0
0,0,0,0,0,0,1048544,524415,524289,524289,524289,524289,524289,524289,524291,524290,524294,1040508,0,0,0,0
0,0,0,0,0,0,258048,147424,131135,262146,262146,262146,262148,262148,262148,262148,262148,262148,516116,8,0,0
0,0,0,0,0,0,1048572,524292,524292,524292,524292,524292,524292,1572868,2080772,1016060,12,0,0,0,0,0
0,0,0,0,0,0,1048064,1048572,524292,524292,524292,524292,524292,524292,1017796,124,0,0,0,0,0,0
0,0,0,0,0,0,8192,1048574,524290,524290,524290,524290,524294,524294,524292,639484,983040,0,0,0,0,0
0,0,0,0,0,0,1048572,524350,524292,524292,524292,524292,524292,524292,1572868,1572868,1016828,33024,0,0,0,0
0,0,0,0,0,0,522240,327678,262146,262148,262148,262148,262148,262148,262148,516100,393340,12,0,0,0,0
0,0,0,0,0,0,0,1046528,1576956,1048583,1048578,1048578,1048580,1048580,1572868,984060,49664,0,0,0,0,0
0,0,0,0,0,0,2097148,1048580,1048580,1048580,1048582,1048578,1048578,1048578,1048578,1048578,1048702,2064384,524288,0,0,0
0,0,0,0,0,0,1048575,524289,524289,524289,524289,524289,524289,524291,524291,786435,508030,0,0,0,0,0
0,0,0,0,0,7200,146016,146976,74592,45504,29568,20096,19584,126200,17472,17472,17472,58432,74816,71072,7968,32
0,0,0,0,0,7680,12800,11792,225560,74096,59328,31872,22656,479360,121328,18560,18688,19200,23296,130432,211072,131136
0,0,0,0,3968,147140,141256,81128,76248,52080,18976,19488,511038,18464,18464,19552,58432,91200,79072,200624,131072,0
0,8064,4224,10136,399560,258288,28992,23104,52288,35966,101440,33856,33856,50368,50592,124432,93200,77848,65552,65552,65560,0
0,0,0,7680,537344,802576,406416,221616,127680,21632,35968,35064,1017984,34944,35968,115904,214464,410912,802336,532512,16,0
0,0,0,0,15360,24064,26208,1623616,1082944,626368,486144,209152,143744,921976,209152,143616,69888,201088,201280,168544,455712,293920
0,0,0,0,0,4096,14528,74944,48768,29312,15104,11648,11448,42208,517248,9408,9408,9408,29888,38336,37664,72736
0,0,0,768,3264,6208,73280,40928,29416,9200,57760,123168,25406,25112,8976,29456,54048,35360,100336,65680,16,0
0,2048,15360,8704,24332,324504,360816,254592,79424,68672,100416,1017976,51264,18496,26720,256184,137608,134920,8,0,0,0
0,0,0,1552,7440,38680,39320,62096,15072,23616,517216,17532,17472,13376,29792,56400,35912,67464,8,0,0,0
0,0,0,0,28672,35840,66048,97824,1164192,591712,888256,481408,143488,143488,139392,1974524,143488,135296,69760,102848,103216,161296
0,0,0,0,0,0,16136,24968,294792,287120,258784,103520,39992,55416,520224,38944,34848,34912,51424,249248,402976,269328
0,0,0,0,0,197424,459568,296784,296272,822616,559432,579976,545156,553092,532480,1048576,0,0,0,0,0,0
0,0,0,0,0,32768,104512,252096,153760,420000,289056,290080,812320,550192,534288,534032,534032,525840,16,0,0,0
0,0,0,0,0,0,65536,202752,235712,309696,304448,828768,583200,575008,1589296,16,16,0,0,0,0,0
0,0,0,0,0,0,0,49152,116928,89280,153024,152928,292128,288032,550688,550448,16912,0,0,0,0,0
0,0,0,0,0,0,192,197056,198976,465184,335136,341296,599824,599576,583176,573960,573956,49156,49152,0,0,0
0,0,0,0,0,0,0,98304,100384,171104,169120,431264,308384,304544,845600,549648,541456,541440,1589504,1065216,1048576,0
0,0,0,0,65552,196656,231472,432208,302160,304208,304272,566424,582792,541576,1065740,1065732,1049348,774,256,0,0,0
0,0,0,0,0,0,0,67648,203872,201824,201904,341136,369296,369304,566152,582408,1622276,1097732,2,0,0,0
0,0,0,0,393728,853504,591456,593568,559776,560032,563600,1626512,1069456,1069464,1077640,1056776,0,0,0,0,0,0
0,0,0,0,0,0,34304,231104,184000,281280,281504,809760,545568,537392,537360,536592,4096,0,0,0,0,0
0,0,0,0,0,0,32768,105504,103456,242768,173136,172624,303824,320144,574104,574344,541064,264,256,0,0,0
0,0,0,0,0,0,98304,99392,167072,167072,434080,283408,283408,553744,549392,1581576,1048576,0,0,0,0,0
