0,1,2,3,4,5,6,7,8,9,10,11,12,13,14,15,16,17,18,19
0,0,0,0,7168,12800,8704,8704,8704,4608,5632,2048,65024,2432,2048,2048,2048,2048,2048,2048
0,0,0,0,3072,4608,4608,4608,4608,4608,4608,3136,16320,1024,1024,1024,1024,3072,3072,3072
0,0,0,0,1536,2432,4224,4224,4352,3840,32736,1024,1024,1024,1024,1024,1024,1024,1024,0
0,0,0,0,0,3840,2176,2176,2176,2304,3584,16352,1024,1024,2048,2048,2048,2048,2048,1024
0,0,0,0,3840,4352,4352,4352,4352,4352,4608,3968,64512,1024,1024,1024,1024,1024,1024,3072
0,0,0,3584,6400,4352,4352,4352,4352,4864,6656,2560,32736,1024,1024,1024,1024,1024,1024,1024
0,0,0,0,15360,8704,8448,8448,8448,4352,4352,3584,65504,1024,2048,2048,2048,2048,2048,2048
0,0,0,0,3584,13056,8448,8448,12544,4864,2560,1024,65520,1024,1024,1024,1024,1024,1024,1024
0,0,0,0,3584,2816,2304,2304,2816,3584,65024,3456,2048,2048,2048,2048,2048,2048,2048,2048
0,0,0,0,7680,12544,8448,8448,4864,2560,3072,32736,1024,1024,1024,1024,1024,1024,1024,1024
0,0,0,0,3584,4352,4352,4352,4864,4608,16368,1024,1024,1024,1024,1024,1024,1024,1024,1024
0,0,0,0,512,1280,2304,2304,2816,2560,1024,16320,1024,1024,1024,1024,1024,1024,1024,1024
0,0,8128,28720,32776,98308,65540,131074,393218,262658,132610,134660,131076,131076,65544,32784,49184,24640,4480,3584
0,0,4064,28688,49160,32776,65540,65540,65540,66052,67076,65540,65540,32772,32780,49160,16400,8224,6336,1792
0,0,0,0,14336,51072,65760,131104,131104,131104,137248,133152,131104,65568,98336,32832,16448,8576,4864,3072
0,0,0,0,16352,49168,98320,65552,131088,131080,396296,264200,262152,262160,262160,131120,131104,98368,57728,7936
0,0,0,8184,8204,16388,32772,32772,65540,67076,67076,67076,65540,32780,32776,49168,16432,8256,16256,0
0,0,2032,6152,24584,16392,32772,65540,65540,134148,134148,132100,65544,65544,65552,65552,32800,32800,17472,16256
0,0,0,4032,14384,49176,65544,131076,131076,131076,132100,134148,131076,65548,65544,32784,49184,12352,3968,0
0,0,960,31840,32784,65552,131080,131080,131076,262148,265220,265220,262152,131080,131088,65552,32800,49216,8320,7936
0,0,0,8184,24580,32770,196611,131073,131073,131074,132610,132610,131078,131076,131084,65560,65584,49248,12480,3968
0,0,0,0,32752,32784,65552,65544,131080,131080,264200,264200,262152,262160,262176,131168,196672,98432,50944,30720
0,0,0,130944,131168,131088,393224,262152,262152,265224,265224,134152,131096,131088,65584,65568,65600,32896,33024,16896
0,0,0,0,0,0,32512,32896,65600,65568,67616,67600,65552,98336,32864,16448,8576,13056,7680,0
0,0,0,0,3072,29440,131040,196656,393720,524040,8,491640,32648,262160,262160,262128,131136,65920,41728,27648
0,0,0,0,0,8064,25024,65056,65552,131320,261896,131088,131088,131312,262064,131104,65728,66432,130816,103424
0,0,0,8188,24590,65531,65537,262143,131073,262145,523279,263153,131073,229378,163838,196612,98312,32752,6144,0
0,224,1816,6150,16383,49152,61440,69631,65537,122881,73473,65789,65539,130050,67580,122904,73696,65920,65024,8192
0,0,0,0,0,8064,8384,24416,32800,131056,65552,65544,66552,130064,65584,33216,19968,14336,0,0
0,0,4064,16376,57356,65548,147452,245766,131078,132090,163330,229382,131076,65788,73480,57352,32784,20704,16256,4096
0,0,0,0,0,16352,49168,65528,65544,65540,130052,66556,65540,131064,65552,65584,32800,65472,27008,7936
0,0,0,2032,7672,15876,16388,65534,32772,32772,65532,32772,32772,32824,65480,32784,57568,24384,9088,7680
0,0,960,7216,32764,24582,32830,131010,65537,131075,262141,65537,65537,65538,36862,61464,24688,8128,0,0
0,0,0,8128,28704,65528,65548,131078,262142,131074,131074,262142,131074,131078,262140,131096,65584,131008,102144,61440
0,0,0,0,16380,24580,65532,32772,130052,67580,65540,65540,131070,65544,65552,65584,131040,49280,24832,7680
0,0,0,1920,14400,57392,262136,491528,262152,262152,524280,262152,262152,524280,262160,131120,131104,260160,67520,34560
4032,30840,34886,99457,66945,131840,131584,196608,188417,143366,137721,160241,98317,66438,67204,67660,61552,57568,61184,12288
0,0,0,16256,18912,35120,34056,66824,67080,115228,77940,127460,98332,68612,68612,72712,103440,58976,32640,0
0,0,1920,14576,18568,34948,34054,34060,66066,129058,67780,94460,98308,65540,66568,69136,68384,37312,24960,12800
0,0,1984,6336,15536,18200,33288,32780,49180,45108,35908,37116,24580,16772,16712,8816,5504,3584,0,0
0,0,0,0,3584,12672,57664,102944,73248,134240,229600,226080,74720,114720,98336,36448,23104,24960,15872,2048
0,0,0,0,16256,53856,72720,68656,196808,197000,189388,135284,143372,180228,199692,136240,78944,123776,49920,27648
0,0,384,7904,14768,26888,50716,99940,65732,98564,97476,77876,124428,34308,34052,34056,35088,18656,32512,0
0,0,0,3968,12512,22704,35088,35592,67080,66588,114724,77924,34940,63494,33156,33668,34392,34016,20224,30720
0,0,8128,26976,101648,67080,131092,131108,229444,155778,155906,181762,197630,393222,399384,141360,85440,56832,28672,0
0,0,0,0,0,16320,21088,102944,70672,136208,198768,188496,77960,90608,115216,34080,18752,12672,8064,0
0,0,0,8128,28768,51280,67720,66696,230152,156280,80004,72180,57356,32772,50696,18960,14688,15232,7168,0
0,0,0,0,960,3184,12376,51588,68100,68614,98362,94306,77886,114690,33542,34564,52632,18608,12480,3840
0,0,0,0,0,0,0,32704,102448,167948,167940,167940,167938,102402,106500,57352,30744,4080,128,0
0,0,0,0,0,32,4056,30724,53252,83970,149506,149508,149512,116752,32736,0,0,0,0,0
0,0,0,0,0,0,0,32764,118786,184321,364545,331776,331776,331779,200710,118796,32752,0,0,0
0,0,0,0,0,0,8188,30724,124930,149506,444417,296961,296962,296966,231436,53360,16256,0,0,0
0,0,0,0,0,0,0,2032,30924,126980,151556,167940,102404,119288,32256,0,0,0,0,0
0,0,0,0,0,0,992,15456,51248,34828,100356,100356,167940,167944,254000,65472,0,0,0,0
0,0,0,0,0,0,4094,30723,100353,198657,460801,67585,67586,362498,235532,65520,0,0,0,0
0,0,0,0,0,0,0,16256,59616,115768,246798,164867,164865,164867,164892,117216,32256,0,0,0
0,0,0,0,0,0,0,16352,118844,231430,165889,198659,198658,202780,65504,0,0,0,0,0
0,0,0,0,0,0,0,32752,124936,215054,165890,296962,428034,165900,131056,0,0,0,0,0
0,0,0,0,0,0,0,65532,115718,164866,295937,427009,164865,115715,30780,4032,0,0,0,0
0,0,0,0,0,1008,7198,61443,86017,167937,167937,167937,167937,102403,118798,65520,0,0,0,0
0,0,15360,17920,512,512,512,256,1408,1280,1792,512,576,704,6784,3712,1792,768,512,0
0,3584,12544,8448,352,320,1408,768,272,304,288,2368,1472,896,384,256,256,0,0,0
0,0,0,0,0,0,6144,9216,9216,1024,1280,13824,5632,7168,1024,1408,9472,5632,7680,3072
0,0,0,0,3072,2560,4608,4608,640,2816,3584,1536,512,576,2752,2944,1792,1536,1536,0
0,0,0,1536,6912,4352,256,352,1472,1920,768,256,256,2352,1312,1344,896,0,0,0
0,0,0,0,0,3840,256,256,288,1344,896,256,2336,1344,896,768,256,256,0,0
0,0,0,0,1024,6656,512,576,704,2816,1536,1536,512,512,512,4672,2688,2816,1536,512
0,0,0,0,0,3072,4608,512,512,512,512,576,576,3712,1824,2656,2624,1920,0,0
0,0,0,0,3840,4224,128,128,128,736,960,400,160,1184,672,704,448,0,0,0
0,0,0,0,0,0,6144,5120,5120,512,512,704,2944,1792,1536,512,2624,2624,3968,1792
0,0,0,2048,5120,1024,1024,1152,5376,3328,3584,1024,1088,9344,5376,5376,3584,3072,0,0
0,0,0,3072,5120,5120,1024,1216,5504,3840,3584,1024,1056,1216,5504,3840,3584,1536,0,0
0,0,0,0,0,16384,24576,4224,4224,2304,2560,3072,3072,5120,8704,8704,9728,11264,6144,0
0,0,0,0,2096,1568,960,384,896,1664,1152,2176,2176,4224,2176,3200,768,0,0,0
0,0,0,0,8256,4224,2304,2560,1536,3584,6656,4608,4352,8448,8448,8448,12800,7168,0,0
0,0,0,24576,6160,3168,704,768,768,1280,2304,6400,4352,8448,8448,8448,8960,7680,0,0
0,0,0,0,4096,6240,1152,1792,1536,2560,4608,8704,8704,8704,8704,4608,7168,0,0,0
0,0,0,0,24576,6208,3456,1536,1536,2816,12544,8448,8448,8448,8448,4352,3840,0,0,0
0,12288,3080,816,352,192,128,384,704,1088,2112,2112,2080,2080,2080,3264,896,0,0,0
0,0,0,0,0,0,16408,12320,3264,896,896,1152,2112,4160,12352,8256,8256,4160,3968,0
0,0,8192,4192,2240,1280,512,1536,2304,6272,4224,4224,4160,4160,2240,2944,3584,0,0,0
0,0,24576,6192,3264,896,768,3328,4224,8320,16448,16448,16448,24640,12480,3840,0,0,0,0
0,0,16384,24576,6144,3104,1216,896,768,3328,6272,12416,8320,8320,8320,8576,6912,3072,0,0
0,0,0,4104,6168,1584,832,384,896,1664,2176,4224,12416,8320,8576,8448,7680,0,0,0
0,0,0,1792,2304,4352,4352,2304,3328,1792,256,256,256,256,256,256,256,256,384,384
0,0,0,0,0,7680,8704,16896,16896,16896,8704,7936,512,512,512,512,256,256,768,256
0,0,0,0,0,7168,8704,16896,16896,8704,7680,512,512,512,512,512,512,512,512,0
0,3840,4352,8448,4352,4352,3328,1792,256,256,256,256,256,256,256,256,256,0,0,0
0,0,0,0,768,1280,2304,2304,2304,2304,1792,256,256,128,128,128,128,128,128,128
0,0,0,0,1536,2560,2560,2560,2560,3584,512,512,512,256,256,256,256,256,256,0
0,0,0,0,0,512,3584,2560,4608,4608,2560,1536,512,512,512,512,512,512,512,512
0,0,0,1536,3584,2560,2560,2560,3328,1792,256,256,256,256,256,256,256,256,256,0
0,512,3584,2560,4608,4608,6656,3584,512,512,256,256,256,256,256,256,256,256,0,0
0,0,0,0,1536,2560,4608,4352,6400,3328,1792,256,256,256,256,256,256,256,256,0
0,0,0,0,0,7168,9216,17408,9216,13312,3072,512,512,512,512,512,512,512,512,512
0,0,0,0,0,1792,3328,12544,8448,4352,6400,1792,512,512,512,512,512,512,512,512
0,0,0,0,0,0,0,131072,524286,131074,131074,131074,98332,32736,0,0,0,0,0,0
0,0,0,0,0,0,0,0,8,65532,196656,65632,98432,65280,0,0,0,0,0,0
0,0,0,0,0,0,0,0,245762,147454,131074,98308,64632,896,0,0,0,0,0,0
0,0,0,0,0,0,0,0,63,262081,65550,65592,61888,3584,0,0,0,0,0,0
0,0,0,0,0,0,0,0,253959,139263,131078,131096,66528,64512,0,0,0,0,0,0
0,0,0,0,0,0,0,0,262142,131074,131078,131084,131096,65632,49600,15872,0,0,0,0
0,0,0,0,0,0,0,0,260098,264190,131074,131084,131128,131008,0,0,0,0,0,0
0,0,0,0,0,0,0,0,196609,196607,131078,131084,98800,32256,0,0,0,0,0,0
0,0,0,0,0,0,0,0,262144,262143,131076,65544,32784,32736,0,0,0,0,0,0
0,0,0,0,0,0,0,0,3,262142,131076,131096,131184,99200,64512,0,0,0,0,0
0,0,0,0,0,0,1,1,131071,65537,65537,65539,98318,32752,0,0,0,0,0,0
0,0,0,0,0,0,0,0,0,262142,131076,131080,196624,58336,7168,0,0,0,0,0
0,0,0,0,0,0,0,131068,65540,65540,65540,65540,65540,126980,124,0,0,0,0,0
0,0,0,0,0,0,131008,65592,65544,131080,131080,131080,131080,131080,131080,254104,112,0,0,0
0,0,0,0,0,0,262143,131073,131073,131073,131073,131073,131073,131073,131074,254014,4096,0,0,0
0,0,0,0,0,0,130944,65791,65538,65538,65538,65538,65538,65538,65538,65542,126980,28,0,0
0,0,0,0,0,262140,131076,131076,131076,131076,131076,131076,262148,516100,124,0,0,0,0,0
0,0,0,0,0,0,524286,262146,262146,262146,262146,131074,131074,254434,30,0,0,0,0,0
0,0,0,0,0,0,262136,131078,131074,131074,393218,262146,262146,262146,516350,0,0,0,0,0
0,0,0,0,0,32512,229630,131074,131076,131076,131076,131076,393220,262148,491548,16880,0,0,0,0
0,0,0,0,0,0,131070,65538,65538,65540,65540,65540,65540,65540,126980,60,0,0,0,0
0,0,0,0,0,0,122880,401404,262151,262146,262146,262148,262148,458756,57852,0,0,0,0,0
0,0,0,0,0,0,524284,262148,262146,262146,262146,262146,262146,262146,262146,262204,507904,0,0,0
0,0,0,0,0,262140,131075,131073,131073,131073,131073,131073,131073,131073,196610,57406,0,0,0,0
0,0,0,0,3072,35376,40720,39200,30912,14720,10048,9792,63096,8768,8768,4672,29248,19040,4000,32
0,0,0,0,1536,2304,7936,40216,53424,29664,15936,11328,125120,9328,9344,9600,11520,32640,40000,32832
0,0,0,0,4036,39332,38756,23784,30128,9504,13858,124476,9248,9248,12832,29280,23136,36784,32768,0
0,3968,2120,4040,100424,30960,11616,10016,9791,57888,25120,8736,8800,25488,29456,39944,32776,32776,24,0
0,0,1536,2816,135296,204696,102552,63968,10944,9792,9468,255040,9280,8768,58080,107168,201504,134672,16,0
0,0,0,0,7680,15136,406048,287520,411488,128384,39296,35008,231608,39040,39040,34944,51648,84256,76320,73248
0,0,0,0,0,7232,22080,22336,15168,5504,5760,5880,127584,70208,4672,2624,2624,15072,18848,20016
0,0,0,960,1600,20000,20384,14700,4472,4512,28816,4510,4368,4368,10512,11536,18224,16848,8,0
0,1536,7680,4352,16268,156120,123360,55616,17984,17472,246904,9248,5152,29816,52296,36740,516,0,0,0
0,0,0,1808,3480,20104,10696,15728,7776,127520,12860,4640,6688,15920,26152,17352,8,8,0,0
0,0,0,0,15360,17152,40720,45472,147872,190144,111744,38976,71744,462972,67648,34880,34880,18624,59824,47888
0,0,0,0,0,3840,4492,12104,78024,113008,59936,20028,31792,115744,17440,9248,9312,58592,103312,200208
0,0,0,0,32784,114992,82224,82856,148136,156872,140484,141508,137280,266240,262144,0,0,0,0,0
0,0,0,0,0,25600,44128,44128,76960,78992,135824,135824,136080,135952,135952,131856,528,0,0,0
0,0,0,0,0,0,50176,85056,85184,86688,152480,144160,140048,270352,24,0,0,0,0,0
0,0,0,0,0,0,8192,25664,26176,43680,76448,76448,144304,144144,13080,8192,0,0,0,0
0,0,0,0,0,64,32960,33952,99488,101040,150288,152336,152328,152328,151812,24836,8194,8192,0,0
0,0,0,0,0,0,16384,50176,50272,117344,76384,76432,209552,143760,143760,139656,139648,270464,262144,0
0,0,0,0,49168,49200,82992,85040,84568,143944,143944,144072,274824,274820,262532,386,386,0,0,0
0,0,0,0,0,0,1056,50720,51792,84560,84560,86344,151944,151948,414084,286852,8194,0,0,0
0,0,0,0,98560,164704,148320,148848,148816,271760,272784,272520,272520,268424,4100,0,0,0,0,0
0,0,0,0,0,256,58176,41824,75168,75168,144800,137616,137616,137488,133128,0,0,0,0,0
0,0,0,0,0,0,17408,18992,51760,55856,86352,78152,143688,143688,139656,8324,128,0,0,0
0,0,0,0,0,16384,49696,50784,42576,75408,76176,141712,141584,135432,266504,262144,0,0,0,0
