0,1,2,3,4,5,6,7,8,9,10,11,12,13,14,15,16,17,18,19,20,21,22,23,24
0,0,0,0,0,61440,120832,71680,67584,67584,67584,67584,104448,61440,24576,1046528,32256,24576,24576,24576,16384,49152,16384,16384,0
0,0,0,0,0,28672,129024,100352,100352,100352,34816,34816,38912,36864,57600,261888,8192,8192,8192,8192,8192,24576,24576,24576,24576
0,0,0,0,0,14336,25600,50688,34304,34304,33792,31744,30720,262016,8192,8192,8192,8192,8192,8192,8192,12288,12288,12288,0
0,0,0,0,0,0,15360,17920,17920,49664,50688,52224,22528,208896,131008,8192,8192,24576,24576,24576,24576,24576,24576,24576,8192
0,0,0,0,0,31744,33792,33792,33792,33792,35840,35840,34816,63488,523776,1040384,8192,8192,8192,8192,8192,8192,8192,24576,24576
0,0,0,0,30720,52224,35840,101376,101376,101376,35840,34816,34816,51200,28672,262080,8192,8192,8192,8192,8192,8192,8192,8192,24576
0,0,0,0,16384,126976,202752,134144,132096,197632,66560,66560,101376,52224,26624,1048512,12480,24576,24576,24576,24576,16384,16384,16384,16384
0,0,0,0,0,61440,100352,198656,68608,68608,68608,101376,55296,28672,1048512,1048544,8192,8192,8192,8192,8192,8192,8192,8192,8192
0,0,0,0,0,28672,22528,52224,52224,52224,51200,55296,28672,1048320,16384,24576,24576,24576,24576,24576,24576,24576,24576,24576,24576
0,0,0,0,12288,63488,100352,67584,68608,68608,100352,53248,28672,523264,524160,8192,8192,8192,8192,8192,8192,8192,8192,8192,8192
0,0,0,0,0,30720,52224,33792,33792,35840,34816,38912,53248,262112,4096,4096,12288,12288,12288,8192,8192,8192,8192,8192,8192
0,0,0,0,0,6144,15360,25600,17408,19456,18432,22528,12288,261888,12288,12288,12288,12288,12288,12288,12288,12288,12288,12288,0
0,0,15872,131008,458848,786448,1572888,1048584,2097156,6291462,4194310,4200454,4208644,4225028,4206596,6291468,2097160,3145752,1048624,524384,786624,393600,198400,64512,28672
0,0,3584,131008,458784,786480,1572888,1048584,3145740,2097156,2097156,3151876,3160068,1060868,1048588,1048588,1572872,524296,524312,262192,393312,196800,115072,32512,2048
0,0,0,0,0,253952,931840,3673856,2097600,6291520,6291520,6291520,6307904,6340672,2113600,2097216,3145920,1048704,1572992,786816,262400,131840,101888,63488,28672
0,0,0,0,0,262080,393280,524384,1048608,3145760,6291488,4194352,4202544,4251696,4210736,4194352,4194336,4194336,4194400,4194368,6291648,3145856,787200,503296,63488
0,0,0,16256,57456,196632,393224,786444,524300,1572876,1048580,1054724,1062916,1062916,1052684,1048584,1572872,524304,524336,262176,262208,131456,231168,64512,0
0,0,2048,32752,114704,196632,262168,786456,1572872,3145736,2097160,2105352,2125832,2125832,2109464,2097168,3145744,1048624,1048608,1572960,524352,786560,262528,402176,130560
0,0,0,0,65408,245984,917552,1572888,2097176,2097160,4194312,4194312,4202504,4222984,6299656,2097160,2097160,3145752,1048624,524384,917696,229760,65280,15360,0
0,0,0,65408,491712,1835104,1048608,2097200,6291472,4194328,4194312,4194312,4202508,4222984,4202520,4194320,4194320,6291504,2097184,1048672,1573056,786816,393984,198144,64512
0,0,0,16352,129048,458764,786436,3670018,6291458,4194307,4194306,6291458,6303746,6303750,6295556,6291460,2097164,2097160,2097168,3145760,1048672,786624,393600,123648,32256
0,0,0,0,0,524224,917600,1572896,3145760,2097200,2097168,4194320,4218896,12640272,8388624,8388656,8388640,12582976,4194496,6291840,2097408,1049344,525824,359424,229376
0,0,0,1047552,3671808,6291904,4194400,4194352,4194320,4194320,12582928,12595216,4222992,4218896,4218896,6291504,2097184,2097248,1048640,1048704,1048960,1573632,525824,789504,405504
0,0,0,0,0,0,0,260096,921088,1573632,1048832,3145856,3145920,3194944,3203136,1048640,1572928,524416,262528,393984,132608,68608,112640,57344,0
0,0,0,0,0,57344,506880,802560,4192704,6291552,12584944,16776976,8388624,8388656,16777200,8912432,8388640,8388704,12588000,8388576,2097536,3147264,1641472,866304,516096
0,0,0,0,0,0,64512,231168,982912,2089152,3145824,2097648,2113424,4190256,2097184,2097184,2097632,4194144,4192448,2097280,2097920,3147264,4193280,1054720,1630208
0,0,0,8176,129084,458782,1048562,1572867,3145729,8388607,4194305,4194305,4194305,8388607,4194305,4194307,4194306,8380422,6324220,3145736,1572912,983008,245760,16384,0
0,128,8160,28728,114702,262143,393217,786433,1572353,1052671,1048577,1966081,1302529,1064833,1049087,1048583,2064390,1113964,1049592,2080880,1114048,1052544,1865728,1040384,0
0,0,0,0,0,0,130560,66304,524160,262272,524352,1114080,2080800,1048624,1048592,1056720,2097136,1048672,1573312,528128,489472,253952,32768,0,0
0,0,16256,123120,262128,851992,1572872,3178492,4192268,6029316,4194316,4196348,4259332,5210116,7864324,2097164,2097400,3162056,1564688,1966128,524320,327872,237440,258048,0
0,0,0,0,0,0,130944,458816,786464,2097136,1048592,3145752,3932168,2097148,1049084,1048584,2097144,1048696,1048672,1048640,524416,1048448,410368,255488,47104
0,0,0,384,16352,124920,261656,393224,393228,1048572,524300,524292,786460,2097148,1572876,1572872,1572920,2097136,524336,524384,985024,393088,132864,121856,61440
0,0,0,16320,122976,262136,491532,524300,1576954,2096130,3145731,2097153,2097663,4194177,2097153,3145731,1048578,1572868,1048568,262192,393408,128768,15360,0,0
0,0,0,0,130816,196800,1048560,1572888,2097164,4128764,8388604,4194306,4194306,8388606,8388482,6291462,6291460,4128780,4194296,2097200,2097344,3160960,2096128,909312,458752
0,0,0,0,16368,131064,196616,524280,524296,524296,2088972,1310716,1048588,3145740,3145736,4194300,3145744,3145776,3145824,3145920,2097024,787200,394752,202752,126976
0,0,0,0,32256,115072,458944,1835248,8388568,12582936,8388632,8388632,16777208,8454128,8388624,8388656,12582960,8388592,4194400,4194368,6291648,3146112,4194048,1052160,538624
65408,254192,278812,533254,1057283,3151361,2102273,6298624,6293504,7864320,7208963,6520847,2155001,2215809,3082209,3670043,2100254,3152388,1073932,1098040,1933664,983424,921088,522240,0
0,0,0,63488,249344,313216,812128,533552,1582096,1063952,1054744,3938328,2556152,2721672,4130760,3670136,2105352,2121736,3174424,1093680,1683552,602304,406400,261632,0
0,0,0,130944,181216,279096,803336,550406,533516,1580052,1054756,2031812,1172356,1165060,1507836,1835020,1048584,1048600,1060912,1079392,1068224,1607552,885248,494592,260096
0,0,15744,26368,49536,221888,406576,792592,524312,524312,917560,753772,581836,582412,885244,458764,263688,395032,133424,203744,114176,63488,0,0,0
0,0,0,0,0,28672,249344,462720,854144,1153216,3207360,2121920,3670976,3018304,2299968,2297792,1966272,1573056,1585280,553344,379136,461312,236544,126976,0
0,0,0,0,2048,130560,1022912,1609792,1110048,3170528,2098096,3149328,8129560,6784904,6324456,6520888,7208968,7888904,2154544,2138208,3215744,1186560,789504,276480,253952
0,0,0,7936,62400,116320,214032,288816,1587304,1053064,1049356,1573900,2090756,1106372,1278068,1978396,1579020,538632,535576,533552,541792,804800,524032,253952,0
0,0,0,7168,124672,230272,427712,836640,543792,1599504,1062936,1060920,1572968,1966216,1278088,1589756,770302,918024,525832,527128,528752,532928,814848,522240,229376
0,0,7168,130944,1000640,1600544,3160112,2101304,2097224,6291596,7864588,5112324,4391940,5179396,5774852,7348220,6291486,14729240,2179168,2310336,1206144,1899520,491520,229376,0
0,0,0,0,0,0,130816,465280,888960,1609920,3190848,2138144,2154720,3948960,2491184,2164272,3344352,1442016,1579104,801984,419200,231168,116224,30720,0
0,0,0,0,130944,229824,835936,1590048,3154448,2110992,3677200,3021048,2329480,3204616,1165304,2031672,786440,798744,276528,411744,181696,118528,129024,24576,0
0,0,0,0,0,7936,29120,115056,508696,804364,1071108,1077254,1048638,1966562,1294838,1278078,1441796,1572868,531460,537624,812592,279136,246720,130816,12288
0,0,0,0,0,0,0,0,0,1048448,3768544,6914072,5799948,5799948,7897092,3702788,3768324,1638412,720904,786448,507952,65248,1920,0,0
0,0,0,0,0,0,0,8176,65432,229384,950284,1884164,2375684,2375684,2375692,2375704,4079664,1032384,130944,0,0,0,0,0,0
0,0,0,0,0,0,0,0,65520,1019900,2064390,2392067,4751361,13664257,9469952,11567105,10518531,15761414,7372812,2097144,262112,32768,0,0,0
0,0,0,0,0,0,0,16,131064,475140,1982468,3424258,4472834,13385731,8929283,8929286,8929284,7127048,3981368,1016768,130816,0,0,0,0
0,0,0,0,0,0,0,0,0,65520,508824,1998856,6586376,4489224,7110664,3702792,1606128,1048448,294912,0,0,0,0,0,0
0,0,0,0,0,0,0,0,32704,246720,966880,835632,1622028,1622028,2670604,7897096,7962648,7929952,2032064,1048320,0,0,0,0,0
0,0,0,0,0,0,0,2044,130942,475139,1851393,3686401,7356417,9453571,9453570,1064962,9453572,6864908,4194296,655232,0,0,0,0,0
0,0,0,0,0,0,0,0,0,261632,934784,1990880,3416120,2891806,6823939,6823937,4726791,7086108,3416560,1998720,522240,0,0,0,0
0,0,0,0,0,0,0,0,0,524224,1998972,3964942,4767746,5292034,5292034,5292038,7389212,1999344,1048320,0,0,0,0,0,0
0,0,0,0,0,0,0,0,32512,524256,2080792,2539548,7127046,4734978,4734978,4734978,6864924,3703280,1048448,0,0,0,0,0,0
0,0,0,0,0,0,0,0,32704,1040504,1974286,3940358,4726786,13115395,4726787,6823939,3940355,925724,262128,15872,0,0,0,0,0
0,0,0,0,0,0,4000,32766,245788,950278,3440641,2916353,6848513,4751361,6848513,2654209,3964931,1867790,1867896,524224,0,0,0,0,0
0,0,122880,143360,135168,6144,2048,2048,2048,2560,11776,11264,15360,7168,6144,2304,2304,35328,18944,28160,15360,7168,6144,6144,0
0,30720,116736,68608,3072,1408,1280,13824,5632,3072,3104,1120,1216,1408,17664,14080,7680,3584,1024,1024,1024,0,0,0,0
0,0,0,0,0,0,0,57344,253952,139264,139264,8192,9216,76800,79872,45056,57344,24576,8704,9216,76800,108544,47104,61440,24576
0,0,0,0,0,28672,20480,53248,102400,69632,5632,56320,30720,12288,4096,4096,4480,20736,20992,22016,15360,14336,12288,4096,0
0,0,0,0,30720,51200,100352,2048,3072,3456,12032,7680,7168,3072,3072,3072,19520,11456,15488,8064,7680,3072,0,0,0
0,0,0,0,0,0,14336,11264,3072,3072,11392,15744,7936,3072,3072,27840,11648,16128,7168,3072,3072,3072,0,0,0
0,0,0,0,0,8192,61440,36864,4096,6400,6912,24064,31744,14336,14336,6144,4096,4096,102400,37120,20992,22016,14336,6144,6144
0,0,0,0,0,0,28672,53248,4096,6144,6144,6144,2048,2048,2432,2304,27136,11264,14528,18816,26880,15872,7168,0,0
0,0,0,0,14336,64512,34304,98816,512,512,512,640,6784,3968,1600,576,576,12992,6784,6784,3968,768,0,0,0
0,0,0,0,0,0,0,16384,57344,110592,102400,4096,6144,6400,2816,19968,27648,14336,6144,6144,55424,20864,31488,15872,14336
0,0,0,0,57344,40960,12288,4096,4096,4608,37888,56320,22528,12288,4224,4480,70144,103936,39936,38912,55296,28672,12288,0,0
0,0,0,0,61440,45056,36864,4096,4352,4864,38400,56320,22528,28672,12288,4288,4480,102912,54272,22528,30720,12288,4096,0,0
0,0,0,0,0,0,0,393216,196608,99072,33280,50176,19456,22528,28672,57344,110592,69632,200704,200704,200704,208896,122880,0,0
0,0,0,0,32768,57440,12480,6528,3840,1536,3584,4608,8704,25088,16896,49664,33280,49664,16896,13824,7168,0,0,0,0
0,0,0,0,0,196992,99072,34304,19456,30720,12288,12288,20480,38912,100352,68608,66560,66560,66560,68608,71680,61440,0,0,0
0,0,0,262144,196608,114784,24768,13184,7680,3072,7168,13312,9216,17408,50176,99328,66560,197632,197632,66560,68608,104448,61440,0,0
0,0,0,0,0,98304,49280,25344,13824,6144,14336,26624,34816,67584,67584,67584,67584,67584,67584,112640,57344,0,0,0,0
0,0,0,0,0,196608,98560,18176,11264,14336,14336,18432,100352,197632,132096,132096,197632,66560,99328,50176,31744,0,0,0,0
0,65536,114704,28720,3168,1152,1792,512,1536,3584,6912,12544,8448,24960,16512,16512,16512,16512,16512,32512,7680,0,0,0,0
0,0,0,0,0,0,0,32,458848,114880,29440,7680,3072,4608,8960,49408,33024,98688,65664,65664,65920,98560,49920,15360,0
0,0,0,196736,98688,17152,9728,14336,6144,10240,17408,50688,33280,33280,33024,33024,33024,49408,50944,31744,28672,0,0,0,0
0,0,262144,229408,49376,25472,5632,2048,15360,25600,98816,197376,131328,262400,262528,262272,393344,196864,118272,31744,0,0,0,0,0
0,0,0,393216,196608,49152,24768,8576,4864,7680,6144,29696,50176,99840,66048,131840,131840,131584,131584,67072,56320,28672,0,0,0
0,0,0,0,98320,57392,12384,6528,3840,1536,3584,12800,25088,49664,98816,66048,66048,67072,66560,68608,129024,0,0,0,0
0,0,0,3072,14336,26624,52224,35840,35840,50176,25600,15360,1024,1024,1024,1024,1024,1024,1024,1024,1024,1024,1024,1536,1536
0,0,0,0,0,0,0,129024,133120,395264,264192,264192,133120,67584,64512,2048,2048,2048,2048,2048,2048,2048,2048,2048,2048
0,0,0,0,0,0,0,126976,200704,397312,397312,135168,102400,61440,4096,4096,4096,6144,6144,6144,6144,6144,6144,6144,0
0,30720,63488,101376,68608,68608,35840,52224,31744,7168,1024,1024,1024,1024,1024,1024,1024,1024,1024,1024,1024,0,0,0,0
0,0,0,0,0,3072,15360,25600,17408,17408,17408,17408,13312,7168,1024,1024,1536,1536,512,512,512,512,512,512,768
0,0,0,0,0,12288,22528,22528,22528,22528,22528,26624,14336,2048,2048,2048,2048,2048,2048,3072,3072,1024,1024,3072,0
0,0,0,0,0,0,4096,28672,20480,53248,36864,36864,53248,30720,14336,2048,2048,2048,2048,2048,2048,2048,2048,2048,6144
0,0,0,0,14336,30720,18432,18432,18432,18432,26624,15360,3072,3072,3072,3072,3072,3072,3072,1024,1024,1024,1024,0,0
0,0,28672,22528,55296,38912,34816,34816,18432,14336,2048,2048,2048,2048,3072,3072,3072,3072,1024,1024,3072,1024,0,0,0
0,0,0,0,0,14336,18432,34816,34816,34816,51200,26624,15360,3072,1024,1024,1024,1024,1024,1024,1024,1024,1024,1536,0
0,0,0,0,0,0,126976,200704,135168,135168,135168,102400,61440,4096,4096,4096,4096,4096,4096,4096,6144,6144,2048,2048,2048
0,0,0,0,0,0,0,31744,50176,99328,66560,101376,35840,30720,6144,2048,2048,2048,2048,2048,2048,2048,2048,2048,2048
0,0,0,0,0,0,0,0,0,7864320,8388606,4194318,4194310,6291460,2097156,1572924,1032672,65280,0,0,0,0,0,0,0
0,0,0,0,0,0,0,0,0,0,16,524280,4063328,2097344,2097536,1573632,1048064,63488,0,0,0,0,0,0,0
0,0,0,0,0,0,0,0,0,0,8257538,4718590,6291458,2097156,1835032,1044976,16256,0,0,0,0,0,0,0,0
0,0,0,0,0,0,0,0,0,0,255,4194241,3145735,3145788,1048800,2033536,130048,0,0,0,0,0,0,0,0
0,0,0,0,0,0,0,0,0,0,8323087,8388606,4194310,4194332,6291680,3153792,2096128,0,0,0,0,0,0,0,0
0,0,0,0,0,0,0,0,0,0,8388606,8388606,4194308,4194316,4194328,2097200,3145952,1835904,523776,57344,0,0,0,0,0
0,0,0,0,0,0,0,0,0,2,8372226,4325374,4194308,4194308,4194328,6291696,4194176,520192,0,0,0,0,0,0,0
0,0,0,0,0,0,0,0,0,0,7340035,8388607,6291462,6291468,2097208,3674080,1046528,0,0,0,0,0,0,0,0
0,0,0,0,0,0,0,0,0,0,4194306,8388607,6291468,2097176,1048592,786528,495552,130048,0,0,0,0,0,0,0
0,0,0,0,0,0,0,0,0,1,7,8388606,4194316,4194328,4194416,6291648,3147520,2096128,0,0,0,0,0,0,0
0,0,0,0,0,0,0,0,1,1,4194303,2097279,3145729,1048577,1048583,1572892,1033200,130816,0,0,0,0,0,0,0
0,0,0,0,0,0,0,0,0,0,0,8388604,6291468,6291464,6291504,3145824,1836992,523264,0,0,0,0,0,0,0
0,0,0,0,0,0,0,0,262136,4177948,3145740,3145740,3145736,3145736,3145736,3145736,2031624,196744,248,0,0,0,0,0,0
0,0,0,0,0,0,0,0,2097136,1048624,3145744,2097168,2097168,2097168,2097168,2097168,2097168,2097168,2097168,4129776,448,0,0,0,0
0,0,0,0,0,0,0,8388592,6291711,6291457,6291457,6291457,6291457,6291459,6291459,6291459,6291459,6291458,6291462,8356092,32768,0,0,0,0
0,0,0,0,0,0,0,2093056,1064952,1048702,1048578,1048582,1048582,1048580,1048580,3145732,3145732,3145732,3145732,1048580,2064396,56,0,0,0
0,0,0,0,0,0,4194296,8388600,4194312,4194312,4194312,4194312,4194316,4194316,4194316,4194316,8323084,4063740,24,0,0,0,0,0,0
0,0,0,0,0,0,0,8388352,4195324,4194308,4194308,4194308,4194308,4194308,4194308,4194308,8261572,252,12,0,0,0,0,0,0
0,0,0,0,0,0,0,4194048,8388606,4194310,4194310,4194310,4194308,4194308,4194308,4194308,4194308,5178364,8126972,0,0,0,0,0,0
0,0,0,0,0,0,61440,8388604,4194428,4194308,4194308,4194316,6291468,6291464,4194312,4194312,4194312,4194316,8127992,132864,0,0,0,0,0
0,0,0,0,0,0,0,4192256,2359294,2097158,3145732,1048580,1048588,1048588,1048580,1048580,1048580,2064388,1048820,124,0,0,0,0,0
0,0,0,0,0,0,0,0,4190208,12599288,8388614,8388610,8388614,12582916,12582916,12582924,12582924,8128504,462336,0,0,0,0,0,0
0,0,0,0,0,0,0,16777212,8388620,8388612,8388612,8388612,8388612,8388612,8388612,8388612,8388612,8388612,8388860,14418048,8126464,0,0,0,0
0,0,0,0,0,0,8388480,8388607,4194305,4194305,4194307,4194307,4194307,4194307,4194307,4194307,4194306,6291458,4063426,65662,0,0,0,0,0
0,0,0,0,0,28672,579680,589024,580672,837312,443264,255488,77568,76032,78080,1020400,70016,69760,69760,233600,495744,317888,31552,31808,64
0,0,0,0,0,14336,26624,52224,572464,640528,819808,495488,252672,94464,90368,2056960,467936,74496,74240,74752,91136,486912,913664,582016,524672
0,0,0,0,0,32648,1622664,565128,848344,324528,472800,80960,79936,4173918,209008,208960,77888,69824,462976,497792,383424,851808,532000,1572864,0
0,32256,16640,52496,1112848,1630640,1033184,83584,208000,145536,137470,135328,987264,135296,135296,201152,204384,367648,899120,909328,786448,786448,786480,16,0
0,0,0,30720,4214272,6324736,2162208,1099568,624480,511872,215808,143616,143616,4072440,8007936,135424,135424,463232,987840,1119808,2202688,4257856,96,32,0
0,0,0,0,49152,63488,97344,4425856,12781696,12721280,4595072,4142848,582656,574976,541568,7881456,573952,573952,541184,804608,804736,1854656,1198272,1284160,1110080
0,0,0,0,0,0,49408,45440,301440,457984,249088,61184,43520,47872,39408,2068864,4036864,39296,35200,51584,51456,248704,155328,293952,290912
0,0,0,1536,7936,12416,286848,294080,163784,126424,34288,34624,493120,99940,99964,99360,33824,115744,214048,140384,408800,270240,262192,0,0
0,4096,30720,51200,99336,2358808,2557744,3933920,2065664,837760,276608,274560,8265856,1974512,204928,73856,111072,1044848,1602328,540168,2056,0,0,0,0
0,0,0,0,15904,26160,417552,157456,247088,126400,120960,1644672,1022204,71808,104576,55424,125152,211120,405904,270096,16,16,0,0,0
0,0,0,0,0,258048,399360,799744,915552,5179200,4460224,7216000,3879680,1696000,1622272,1097984,1081600,15778300,1097984,1589504,540928,279296,410560,1002592,1701920
0,0,0,0,0,0,14336,65032,99096,2195216,1147696,1148896,1034368,153792,159992,516160,4071488,139328,139328,139456,143488,987456,1676896,3210336,3170336
0,0,0,0,0,525344,1836128,1313888,3411184,2498224,2496144,2241168,6431640,4416264,4277004,4309248,4227072,12582912,0,0,0,0,0,0,0
0,0,0,0,0,0,397312,930176,741824,1790272,1168192,3248704,2200160,2200160,2200096,6395424,4297760,4232224,4234272,4200480,2080,32,0,0,0
0,0,0,0,0,0,0,786432,1859840,1339776,1495936,2527872,2266816,2333760,6495296,4393056,12779552,32,16,0,0,0,0,0,0
0,0,0,0,0,0,0,0,196608,471424,340352,619392,1659584,1137344,3267136,2199104,6392928,4295728,68640,65536,0,0,0,0,0
0,0,0,0,0,0,256,384,525184,1585856,1585728,3954240,2380896,2413600,6593584,4492304,4557848,4656136,4391944,196620,196612,131072,0,0,0
0,0,0,0,0,0,0,0,393216,929856,929984,1732928,1200448,1203008,3328832,2263616,2329184,6524448,6489648,4261392,4261376,12648960,12648448,0,0
0,0,0,0,0,786528,786528,1843296,1339552,3559584,3330480,2267440,2267408,6457616,4426512,4393496,12652040,8457740,8390148,1540,1542,0,0,0,0
0,0,0,0,0,0,0,0,798912,798912,807360,1333728,1329440,3459360,2394416,2395920,6719000,4687368,4392456,12780036,131076,0,0,0,0
0,0,0,0,1048576,3673088,2886784,6561216,4461888,4601152,4334944,4335392,4335392,4408880,12666384,12665360,8503824,32792,32768,0,0,0,0,0,0
0,0,0,0,0,0,0,396672,925056,1777024,1259456,3221056,2172480,2188864,6415968,4245024,4245024,4243504,4210704,0,0,0,0,0,0
0,0,0,0,0,0,0,401408,421952,415840,678112,706720,1738912,1214896,3313072,2327824,6489360,4392208,4392728,520,512,0,0,0,0
0,0,0,0,0,0,0,262144,661696,670016,1714496,1190752,3369504,2312736,2182688,6409248,4295728,12684304,8388608,8388608,0,0,0,0,0
