0,1,2,3,4,5,6,7,8,9,10,11,12,13,14,15,16,17,18,19,20,21,22,23,24,25,26,27,28,29,30,31,32,33,34,35
0,0,0,0,0,0,0,3932160,16646144,29491200,25362432,25362432,25362432,25362432,25362432,25362432,25362432,12779520,13500416,8126464,3670016,530055168,536862720,2088960,1572864,1572864,1572864,1572864,1048576,3145728,7340032,7340032,3145728,3145728,3145728,0
0,0,0,0,0,0,0,0,8257536,12779520,12779520,12779520,12779520,12779520,12779520,12779520,12779520,12779520,4325376,7208960,8130560,16773120,67104768,524288,524288,786432,786432,786432,786432,786432,3932160,3932160,3670016,1572864,1572864,1572864
0,0,0,0,0,0,0,983040,2064384,3719168,6307840,6307840,6307840,6340608,6340608,6389760,4161536,4128768,134216704,67107840,786432,786432,786432,786432,786432,786432,786432,786432,786432,786432,786432,786432,786432,786432,0,0
0,0,0,0,0,0,0,0,1015808,2080768,3194880,3162112,2121728,6316032,6316032,6340608,6406144,3375104,4063232,66847744,33553920,2096640,1572864,1572864,1572864,1572864,1572864,1572864,1572864,1572864,1572864,1572864,3670016,3670016,1572864,0
0,0,0,0,0,0,0,4161536,8355840,6324224,6324224,4227072,12615680,12615680,12681216,12681216,12681216,6389760,6750208,8257536,4186112,536854528,4980736,786432,786432,786432,786432,786432,786432,786432,786432,524288,1572864,3670016,3670016,1572864
0,0,0,0,0,0,4128768,8355840,12681216,12681216,12681216,12681216,12681216,12681216,12681216,12681216,4259840,6488064,6488064,3342336,4063232,134217216,67108352,786432,786432,786432,786432,786432,786432,786432,786432,786432,1572864,1572864,1572864,1572864
0,0,0,0,0,0,7864320,33292288,30277632,50528256,50561024,50429952,50429952,50364416,25214976,25214976,25198592,12681216,6389760,7438336,3866624,268427264,536870656,790272,1572864,1572864,1572864,1572864,1572864,1572864,1048576,3145728,3145728,3145728,3145728,3145728
0,0,0,0,0,0,0,4063232,16711680,63111168,50429952,16875520,16875520,25264128,25264128,25264128,12681216,14876672,7733248,3932160,536868864,1073741568,786432,786432,786432,786432,786432,786432,786432,786432,786432,786432,786432,786432,786432,1572864
0,0,0,0,0,0,0,1835008,4128768,3375104,6389760,6389760,6389760,6389760,6356992,6488064,6684672,3932160,268369920,536866816,1048576,1572864,1572864,1572864,1572864,1572864,1572864,1572864,1572864,1572864,1572864,1572864,1572864,1572864,1572864,3670016
0,0,0,0,0,0,1966080,8323072,14876672,25231360,25264128,25264128,25264128,25264128,12812288,12779520,6684672,3538944,1835008,134213632,134216704,789504,1572864,1572864,1572864,1572864,1572864,1572864,1572864,1572864,1572864,1572864,1572864,1572864,1572864,1572864
0,0,0,0,0,0,0,2031616,8355840,6389760,12681216,12615680,12615680,12681216,12681216,12779520,6488064,7733248,33554304,33554304,262144,262144,786432,786432,786432,786432,786432,786432,786432,786432,786432,786432,786432,1835008,1835008,1835008
0,0,0,0,0,0,0,196608,1015808,1884160,1622016,3194880,3194880,3244032,3244032,3342336,1441792,1966080,1835008,67106816,786432,786432,786432,786432,786432,786432,786432,786432,786432,786432,786432,786432,786432,786432,786432,0
0,0,0,2093056,16776192,62918400,251659136,469762240,402653280,805306464,1610612784,3758096408,3221225496,6442450956,12884901900,12884967436,12885360652,12885884940,12886933528,12886933528,6444417048,6442450968,6442450992,3221225520,3221225568,1610612832,805306560,939524480,402653952,201330176,100670464,50345984,29421568,16760832,4128768,0
0,0,0,253952,16776704,133697280,100663680,201326784,402653376,805306464,1610612784,1610612784,1610612752,3221225496,3221225496,3221225496,1074135064,1074659352,1611530264,1611005976,1610612760,805306384,805306416,805306416,402653232,402653280,402653280,201326784,201326976,100664064,117442048,29363200,15742976,4190208,1040384,0
0,0,0,0,0,0,0,32505856,268173312,1007665152,1879306240,3221240832,6442454528,6442452480,6442452480,6442452480,6442452480,6445598208,6449792512,6449792512,6449792512,3221227008,3221227008,1073743360,1610614272,805309440,805309440,402656256,201332736,234887168,117452800,58843136,29605888,16187392,3932160,1835008
0,0,0,0,0,0,786432,33553920,132121344,234881792,939524864,805306752,1610613120,3758096768,3221225856,6442451328,6442451136,4296540352,12892766400,12892242112,12888047744,12884902016,12884902016,12884902272,12884902272,12884902272,12884902656,12884902656,6442452480,3221229056,3758099456,2013272064,503347200,131719168,33259520,4063232
0,0,0,0,522240,4194048,15730624,62914784,117440560,234881072,201326640,402653200,402653208,805306392,805306392,1610612760,1611071512,1611595800,1612644376,1611595800,1611530256,1610874928,805306416,805306400,805306464,402653376,402653376,201326976,201327360,100664832,100666368,50345984,33419264,16760832,0,0
0,0,0,229376,2097024,7864768,31457472,58720352,100663392,201326688,402653280,805306464,1879048288,1610612768,3221225504,3221225504,3222798368,3225157664,3225157664,3223060512,3223060576,3221749856,3221225568,3221225664,1610612928,1610613120,1610613120,805307136,805307136,805307904,402656768,201329664,201332736,118239232,63954944,33538048
0,0,0,0,0,1044480,8387584,66064128,251659136,469762496,2013266144,3758096480,3221225568,6442450976,6442450992,6442450992,4294967344,4294967344,6444286000,6446383152,6444023856,2147483696,3221225520,3221225504,1610612832,1610612960,1879048640,805307264,402654976,234884608,125836288,32782336,8384512,1032192,0,0
0,0,0,0,4192256,134192128,260048384,1006633728,1879048576,1610613120,3221225664,3221225664,6442451040,6442451040,4294967344,12884901936,12884901936,12884901936,12888834096,12888834096,12886736992,12884901984,12884902080,12884902080,6442451136,6442451328,3221225856,1610613504,1879049728,805309952,402660352,234895360,117469184,58777600,31178752,16711680
0,0,0,0,130944,4194240,33292512,125829232,234881048,939524124,1879048206,3221225478,6442450950,6442450950,6442450950,6442450950,6442450950,6443368452,6443368460,6443368460,6442844172,6442450968,6442450968,2147483696,3221225520,3221225568,3221225664,3221225920,1610613632,1879049984,939525632,503323648,125843456,66088960,8380416,507904
0,0,0,0,0,0,0,134217216,260050688,402654080,805306752,1610613120,1610613120,3221225664,3221225664,6442451136,6442451136,12885950656,12888572096,25777668160,25772949568,25769803968,25769804224,25769804160,12884902656,12884903424,12884905472,6442454016,7516198912,3221237760,1610625024,805363712,402767872,205488128,134086656,62914560
0,0,0,0,0,1073725440,4026593280,3221233152,6442454784,6442451328,12884902336,12884902080,12884902080,12884902080,12884902080,12885426368,12886737088,12888834240,12888834240,12888834240,12886474944,6442451136,6442451328,3221225856,3221226240,3221226240,1610614272,1610614272,805309440,805312512,805318656,402677760,402702336,201555968,201785344,102629376
0,0,0,0,0,0,0,0,0,0,67043328,262127616,402710528,805335040,805320704,1610619904,1610615808,1073743360,1075840512,1081082624,1081606912,1613759232,1610613504,805307904,939525632,402656256,201332736,100675584,100691968,50388992,25264128,29818880,16646144,16252928,0,0
0,0,0,0,0,0,0,3670016,67043328,260554752,470282240,2147482624,4293922304,7516193536,15032393600,34359738304,34359722176,17179869376,17179869376,17179869632,34359738336,34359738048,17179869376,17179869568,25769804160,25769804544,12885065472,17179868928,6442458112,3221239808,3758125056,1879171072,830701568,428802048,230424576,133693440
0,0,0,0,0,0,0,0,4063232,16769024,62976000,251918336,536869888,939001344,1610614528,3221226464,3221233632,3221486784,4294951104,4294443136,6442451328,6442451328,6442451328,6442458880,2147548928,4294959872,4294837760,3221228544,3221232640,3221237760,1073799168,1880080384,2147450880,1611071488,806223872,947388416
0,0,0,0,130816,4194272,33292536,130023484,268435436,1073741702,1879048199,3758096387,3221225475,8589934591,6979321795,6442450947,12884901891,12884901891,17179345151,17179869183,12884901891,12884901891,12884901894,4294967302,8581545996,8589926428,7520387064,3221225520,1610612832,939524544,507510656,134217216,66060288,7340032,0,0
0,0,65024,524160,2032096,7864440,16769052,67108863,117444607,201326593,469762049,1072693249,872414977,1610874879,1610612799,1879048193,2113929217,1876951041,1627357187,1611661059,1610620927,1610612863,1610612742,2143289356,2147418140,1612709880,1610645488,2139095488,2147354496,1614806528,1610677248,805814272,1073676288,536346624,117440512,0
0,0,0,0,0,0,0,0,4128768,16769024,25194496,67106816,134216704,201329664,402654720,805322496,838860544,2147418368,1610613120,1610613184,1610612928,1610612928,1612709824,2147483520,2139095424,805308160,805314048,939587584,470269952,262078464,66584576,29360128,0,0,0,0
0,0,0,2096128,16748288,67108800,134217664,260046944,939524144,1879048304,3758620656,3355443160,8585740312,8455716888,6442450968,6442451448,6442516472,6444547096,6576537624,7511998488,8455716888,6442450968,3221225584,3221227504,1610874800,1618999392,1073217760,1065353408,402653568,402654080,209716992,113311232,131069952,67043328,15728640,0
0,0,0,0,0,0,0,0,2095104,33553920,125830912,469762816,532676992,1073741760,1611136960,1610612832,1610612832,4026531888,2147221552,1744830448,1610678256,1610612784,1610612848,2147483616,2147483616,1610613184,1610613632,805307136,805307904,402656256,536868864,202403840,101740544,66641920,33521664,2031616
0,0,0,0,0,261632,2094976,8159200,33554400,67043424,100663344,201326640,268435448,201326584,402653232,402653208,402653208,268435480,1073741816,1073741816,805306392,805306416,805306416,805306464,1073741792,1073741760,805306752,402654080,402654976,268434944,268434432,100677632,50458624,31948800,16646144,1572864
0,0,0,0,523264,8388352,33031040,67108832,134217584,251658264,402653244,402661372,807403404,2147467270,2139095046,3221225474,3221225475,3221226495,4294967267,4294963201,3221225475,3221225475,1610612742,1610612742,805306380,805437432,536870896,528482752,100664192,117448448,33061888,16769024,983040,0,0,0
0,0,0,0,0,4190208,33552384,62918144,251660032,1073741760,1895817440,3758096496,3221225528,4286578680,8589934584,6442450956,6442450956,6442450950,6442450950,8589934590,8589934590,6442450956,6442450956,6442450968,6442450968,8589934576,4294967264,3221225920,3221226368,3221229312,1610644480,2147479552,2147450880,1023148032,534773760,117440512
0,0,0,0,0,0,2097088,16777200,62914608,117440560,268435440,536870896,402653232,805306416,1006633008,1073741816,1677721592,1610612752,1610612752,1610612784,1610612784,2147483640,1610612728,1073742016,1073742016,1073742208,1073742720,1610614528,2147483136,1073740800,939538432,469786624,100777984,58949632,31391744,16515072
0,0,0,0,0,507904,4190208,15742976,62921728,251660032,1006634976,4294967264,17179852896,12884901984,25769803872,25769803872,25769803872,34351349856,34359738336,25769809984,25769803968,25769803968,25769803968,12884902336,17179869152,17179868928,12884902656,4294968064,6442452480,6442454528,6442454016,4294719488,4294965248,1610870784,805797888,404619264
8386560,67108608,132128736,204478584,404240412,806907910,1879859203,1611448321,3221667841,3221716993,6442680320,6442647552,7516192768,8321499136,7449083907,6702497807,6505365565,6449793009,3229155267,3252811779,3481403267,4261413858,4026531958,3221340284,1074257948,1611554840,1612460080,1617965280,819999168,1036001024,1056972288,503379968,235397120,268369920,32505856,0
0,0,0,0,1966080,33521664,132243456,241236992,204529408,404276096,404275648,806191296,806191168,1611497568,1611071584,1879507040,2080833760,3456238560,3284148000,3519085600,4286643744,4261416928,4026532336,3222274080,3222798368,3225157728,1614544992,1617690816,820773248,818676480,428740096,529406976,118290432,67100672,7864320,0
0,0,0,65536,33552384,66879232,119568256,238051808,204497008,405823536,404275228,270057532,806191224,806322424,805765592,805438360,1069549336,1743789592,1614344216,1642102552,1740652536,2113929464,1879048240,1610612784,1610612848,1611137120,1612447936,1612579200,1613955968,808685056,811719680,415264768,494985216,258064384,132349952,33423360
0,0,0,1038336,4192256,7370752,15744000,33062400,52216704,101155264,470253760,402849888,402653296,402653296,469762288,520094128,465569552,418385424,406330384,410532880,434126832,260047344,251658288,201383984,100724768,100773984,117643456,50806656,25624320,30261248,16711680,4063232,0,0,0,0
0,0,0,0,0,0,0,1835008,16744448,63037440,251787264,495029248,964889600,1891829248,1625687552,3229353472,3224899072,3758112256,4160812544,3741566464,3347547648,3246913024,1124204032,1845497344,2080376320,1879311360,806226944,404622336,477304832,216215552,126054400,50454528,63930368,33423360,7340032,0
0,0,0,0,0,0,98304,16760832,268433408,516308480,811992832,1617691392,1614545280,1077413760,3224379264,3221256384,3758219456,8455946336,7499673696,6572506672,6457135024,6455034352,6572474608,6962544688,7450132528,8056733792,3229090272,3228304256,3234598400,1636047872,1661366272,906223616,470007808,202309632,102498304,66584576
0,0,0,0,258048,7339008,8154624,32556928,61915584,120684736,236650976,404423520,806225440,1611013168,1610643504,1610670096,2013315096,2145443864,1744336920,1626349080,566232984,931398136,1041105016,940507160,806289456,269418544,269320288,404324544,404275648,405914496,137420288,232913920,134209536,66977792,0,0
0,0,0,0,491520,2088960,33058816,31489024,130051584,241198848,207667584,405897600,808550592,807076032,807075936,807272672,806093280,806093616,1006634544,1056967728,868224048,821037104,808460280,871370748,528482352,469786672,402776112,402894960,402862304,403051456,403447552,404257792,203415552,268402688,133693440,0
0,0,0,1015808,16775168,133234176,523273984,941196160,1612677504,1611595968,3221619168,3221226288,6442452528,7516195888,8053069840,7449096216,6677356568,6492831768,6559989772,6962741256,7382368268,8322022920,7516209144,15032385660,32218546288,32226934976,3249537920,3274704640,3878698496,1712977920,1044365312,536739840,130023424,62914560,0,0
0,0,0,0,0,0,0,0,4128768,67106816,125967360,247860224,415632896,1892025856,1623982592,3226206976,3229352192,2155349888,3761246080,4227864960,2399154560,3279974528,3250643072,1132593024,1728061312,2080573312,939983616,403539456,203000832,103847936,56684544,29417472,15851520,4177920,0,0
0,0,0,0,0,0,33553408,131071488,241179392,472920960,942682496,1880645824,3223085248,3222061248,3758538848,4160979424,3724746720,3347267168,3252707424,1618526240,821624736,868286432,1056964832,469762144,402915424,202244320,203096512,104006528,103909120,56679936,29490176,33013760,16646144,1572864,0,0
0,0,0,0,0,0,0,260096,2096128,3940096,15733632,65024224,257974368,1009893424,1882423320,1614151704,1614544924,1612185852,1879050188,2130714124,1742741452,1625296892,1673527420,1056964620,1006632984,805404696,403144728,403619888,404275440,202949056,204497664,106982912,132135936,33550336,16760832,0
0,0,0,0,0,0,0,0,0,0,0,0,8388608,536869888,2147483520,8468300736,7260340448,13702791216,13702791184,7260340248,7260340248,8334082072,4039114776,1891631128,1891631128,830472240,964690032,1056964704,520093888,66060672,16762624,523776,63488,0,0,0
0,0,0,0,0,0,0,0,0,1536,524160,4193728,16449632,130023472,257949744,1012924440,2086666264,3425697816,3425697816,3425697816,2351956024,2351956080,3425698016,1982857664,1043335040,268189184,16775168,0,0,0,0,0,0,0,0,0
0,0,0,0,0,0,0,0,0,0,0,262144,33554400,532807672,2139095068,3837788174,7730102278,6857687043,13694402561,14499708929,27386707969,27386707969,28997320705,28997320711,16112418830,16649289756,8059355184,2086666464,536870848,50331392,6291456,0,0,0,0,0
0,0,0,0,0,0,0,0,0,0,192,16777200,66061304,254803992,1060110360,1982857228,7586447372,6646923270,13089374214,26175602690,26175602694,26175602694,26175602700,26175602712,13290700848,7656702064,4167041504,1046486912,268434432,16769024,0,0,0,0,0,0
0,0,0,0,0,0,0,0,0,0,0,0,0,8388480,67108832,534786160,2136997920,3865051168,6650069024,6650069024,6851395616,3630170160,2019557472,2019561440,1073741696,268419072,213909504,0,0,0,0,0,0,0,0,0
0,0,0,0,0,0,0,0,0,0,0,1048064,8388352,66076160,257965824,476054400,408945120,945815664,2019557400,1885339672,4032823344,4032823344,7260340272,7260340448,7272923584,4253026048,2130714112,536868864,134209536,0,0,0,0,0,0,0
0,0,0,0,0,0,0,0,0,0,65528,4194296,66977820,263192582,472907779,1882193923,4029677571,7248805891,31676432387,27381465094,18791530502,18793627654,17719885836,26578255884,33020706840,8462008376,2147483632,536870656,0,0,0,0,0,0,0,0
0,0,0,0,0,0,0,0,0,0,0,0,8257536,67100672,263256064,506469888,907544448,1813512672,3424125176,3357016126,6846676999,6846676995,6846676995,6846677006,6846677020,6846677496,3424133088,2082078208,1073733632,134086656,0,0,0,0,0,0
0,0,0,0,0,0,0,0,0,0,0,0,16711680,134217216,532709312,2086667260,8462008380,6851395598,7254048774,4838129670,5911871494,5911871492,8059355164,8059355256,4032825312,1073741696,268431360,0,0,0,0,0,0,0,0,0
0,0,0,0,0,0,0,0,0,0,0,0,16776704,134217600,1071645152,2002780256,3328180472,3428843580,6851395590,13289652230,13289652230,13289652230,13293846540,6851395644,3630171120,2145419136,536868864,0,0,0,0,0,0,0,0,0
0,0,0,0,0,0,0,0,0,0,0,0,33554336,536347632,1041760376,2081947676,3357016076,6846676998,13289127942,13289127942,13289127942,6846676994,3692560386,2081947654,1008205884,530056184,67108800,4192256,0,0,0,0,0,0,0,0
0,0,0,0,0,0,0,0,0,524160,4194300,33030652,130023484,515899406,2086666243,3965714435,3630170115,6851395587,6851395587,6851395587,6851395587,3630170115,3630170115,3630170118,1749024782,1019215996,1019216880,536870784,67106816,0,0,0,0,0,0,0
0,0,14680064,33030144,52166656,101580800,101056512,196608,196608,196608,196608,196608,65536,73728,1662976,1695744,901120,901120,491520,491520,458752,198656,202752,208896,208896,6512640,3366912,1818624,1032192,1032192,491520,196608,458752,196608,0,0
0,917504,4128768,15925248,25264128,25264128,99328,101376,105472,45056,847872,450560,442368,245760,98432,33152,33536,34304,35840,38912,3201024,3731456,847872,454656,253952,122880,49152,49152,49152,49152,0,0,0,0,0,0
0,0,0,0,0,0,0,0,0,0,7340032,33030144,60293120,51904512,51904512,51904512,1572864,1605632,18399232,26836992,26935296,14548992,14417920,7864320,7864320,3670016,1589248,1622016,26836992,26836992,14352384,14352384,8257536,8126464,3670016,3670016
0,0,0,0,0,0,0,1835008,3932160,3538944,6684672,12976128,12976128,8781824,417792,6733824,6799360,3637248,1966080,917504,393216,393216,393216,399360,399360,3551232,3567616,3596288,2015232,2064384,2031616,983040,917504,393216,0,0
0,0,0,0,0,983040,4128768,7536640,14745600,12648448,65536,98304,101376,105472,112640,913408,516096,507904,229376,98304,98304,98304,98816,3244800,1672704,1934848,887808,367616,520192,253952,229376,0,0,0,0,0
0,0,0,0,0,0,0,0,0,2031616,1933312,98304,98304,98304,101376,1674240,891904,522240,516096,229376,98304,3245568,3771392,1677312,899072,520192,507904,229376,32768,98304,98304,98304,0,0,0,0
0,0,0,0,0,0,0,0,3932160,7733248,12976128,393216,393216,137216,145408,3301376,3325952,3375104,1769472,1966080,917504,131072,393216,393216,393216,393216,12976128,15077376,6696960,3563520,3596288,2064384,2031616,393216,131072,393216
0,0,0,0,0,0,0,0,1572864,3932160,14942208,12976128,393216,131072,131072,196608,196608,196608,196608,196608,202752,202752,210944,1798144,1826816,1032192,984576,3345408,3348480,1781760,2088960,1032192,229376,0,0,0
0,0,0,0,0,0,983040,4177920,6340608,12607488,12607488,24576,24576,24576,24576,24576,27648,224256,261120,129024,58112,25344,25088,26112,812544,419328,420864,207872,210944,129024,61440,0,0,0,0,0
0,0,0,0,0,0,0,0,0,0,2097152,7864320,14155776,13369344,13369344,8781824,393216,393216,196608,200704,208896,225280,3391488,1802240,1015808,983040,458752,131072,2228224,3278848,3545088,1447936,1732608,1826816,2064384,917504
0,0,0,0,0,3145728,7864320,4980736,4980736,786432,786432,786432,786432,811008,13418496,7127040,8224768,4128768,2031616,1966080,788480,792576,800768,811008,26009600,13418496,13467648,6651904,6750208,3538944,4063232,1835008,786432,0,0,0
0,0,0,0,0,3932160,8126464,15466496,13369344,13369344,786432,262144,268288,290816,12902400,6668288,7831552,3604480,1966080,1835008,786432,263680,265216,269312,12873728,12902400,6668288,3637248,4128768,1966080,917504,917504,131072,0,0,0
0,0,0,0,0,0,0,0,0,67108864,100663296,50331648,25174016,12595200,14704640,6348800,6340608,3244032,3342336,1441792,1835008,3670016,8126464,15466496,25559040,25559040,50724864,50724864,50724864,50593792,51118080,28835840,32505856,0,0,0
0,0,0,0,0,0,6291712,7340800,1836544,920576,465920,208896,122880,49152,114688,212992,417792,811008,1597440,3694592,3170304,6316032,6316032,6316032,6316032,6316032,3170304,1859584,1032192,229376,0,0,0,0,0,0
0,0,0,0,0,0,33554432,50337792,25180160,12611584,6348800,6406144,3375104,1769472,1966080,786432,1835008,3538944,6422528,12779520,12779520,12681216,25264128,25264128,25264128,25264128,25264128,25264128,25395200,29818880,16515072,7864320,0,0,0,0
0,0,0,0,67108864,100663296,58720256,29361024,7341824,1838592,931840,421888,245760,98304,229376,491520,966656,1884160,3719168,3194880,6340608,12632064,12632064,25214976,25214976,16826368,16826368,16826368,25264128,25395200,29818880,16646144,7864320,0,0,0
0,0,0,0,0,0,0,8388608,12585984,7347200,3684352,1896448,901120,491520,917504,2031616,3866624,6488064,12779520,25362432,25362432,25362432,25362432,25362432,25362432,25362432,25362432,13041664,16646144,7864320,0,0,0,0,0,0
0,0,0,0,0,0,0,117440512,62914560,14694400,7401472,1687552,2064384,983040,917504,1769472,3342336,14778368,29458432,58818560,50364416,50380800,50380800,50380800,50380800,25214976,29409280,14729216,8372224,4161536,0,0,0,0,0,0
0,16777216,29360128,15728832,3932352,983936,231168,101888,55296,61440,28672,57344,122880,110592,471040,929792,792576,1579008,1579008,3151872,3148800,3148800,2100224,2100224,2100224,3148800,3148800,3684352,2093056,0,0,0,0,0,0,0
0,0,0,0,0,0,0,0,0,0,128,234881408,125830912,32509440,3677184,1994752,516096,245760,507904,942080,1847296,3682304,7344128,14686208,12589056,25171968,25167872,25167872,16779264,25167872,25171968,14694400,7925760,2080768,458752,0
0,0,0,0,58721280,29363200,14687232,7354368,3727360,1949696,983040,393216,983040,1769472,3244032,3194880,6340608,6316032,4218880,4206592,4206592,6303744,6303744,6303744,6303744,6303744,6320128,2351104,4128768,1835008,0,0,0,0,0,0
0,0,0,100663296,125829248,31458176,7343872,3685376,946176,507904,229376,491520,1949696,3719168,14704640,29384704,58732544,50343936,100669440,67115008,201328640,201329664,201329664,100666368,50337792,58732544,31580160,8372224,0,0,0,0,0,0,0,0
0,0,0,0,100663296,117440512,58720256,14680064,7341568,3673600,1842176,800768,450560,245760,229376,1015808,1933312,3719168,6340608,12607488,25190400,58744832,50343936,33566720,33566720,50356224,50356224,25223168,29474816,16744448,8257536,0,0,0,0,0
0,0,0,0,0,0,12583104,15729088,3933056,919296,461824,235520,110592,57344,114688,483328,942080,3956736,3170304,6316032,12607488,29384704,25190400,25190400,25190400,25214976,25214976,25264128,29589504,16711680,8126464,0,0,0,0,0
0,0,0,0,98304,491520,2031616,3768320,7438336,12681216,12681216,12681216,6389760,7438336,3244032,1933312,1015808,229376,98304,32768,49152,49152,49152,49152,49152,49152,49152,49152,49152,49152,49152,49152,49152,49152,49152,49152
0,0,0,0,0,0,0,0,0,16711680,33488896,50528256,117637120,100859904,201523200,201523200,235077632,100859904,50528256,29556736,16744448,2064384,196608,196608,196608,196608,196608,196608,65536,98304,98304,229376,229376,229376,98304,0
0,0,0,0,0,0,0,0,0,16515072,33423360,59113472,117833728,101056512,101056512,101056512,50724864,59113472,33423360,8257536,393216,393216,393216,393216,393216,131072,131072,131072,131072,131072,131072,131072,131072,196608,131072,0
0,65536,8355840,8355840,29458432,25264128,25264128,25264128,12681216,12681216,7438336,3768320,1015808,491520,98304,98304,98304,98304,98304,98304,98304,98304,98304,98304,98304,98304,98304,98304,98304,49152,0,0,0,0,0,0
0,0,0,0,0,0,0,98304,491520,1933312,1671168,3244032,3244032,3178496,3178496,3194880,3194880,1884160,1032192,245760,49152,49152,49152,49152,49152,16384,24576,24576,24576,24576,24576,24576,24576,24576,24576,28672
0,0,0,0,0,0,0,917504,1966080,3276800,3276800,6488064,2293760,2293760,3342336,3342336,3866624,2031616,458752,196608,196608,196608,196608,65536,98304,98304,98304,98304,98304,98304,98304,98304,98304,98304,65536,0
0,0,0,0,0,0,0,0,0,393216,1966080,4063232,6684672,6684672,6684672,12976128,12976128,6684672,7733248,4063232,983040,196608,196608,196608,196608,196608,196608,196608,196608,196608,196608,196608,196608,196608,196608,196608
0,0,0,0,0,0,1966080,2031616,3342336,3342336,3342336,3342336,3342336,3342336,3735552,1933312,1015808,229376,98304,98304,98304,98304,98304,98304,98304,98304,98304,98304,98304,98304,98304,32768,32768,32768,0,0
0,0,131072,4063232,4063232,6422528,6422528,6422528,12779520,12779520,6488064,7536640,3866624,2031616,983040,196608,196608,65536,98304,98304,98304,98304,98304,98304,98304,98304,98304,98304,98304,98304,98304,0,0,0,0,0
0,0,0,0,0,0,0,2031616,4128768,7536640,6488064,12779520,12648448,6356992,6389760,6389760,3768320,2064384,491520,98304,98304,98304,98304,98304,32768,32768,32768,32768,32768,32768,32768,49152,49152,49152,16384,0
0,0,0,0,0,0,0,0,8126464,33292288,58982400,117702656,100925440,100925440,50593792,50593792,29622272,16515072,3932160,393216,393216,393216,393216,393216,393216,393216,393216,393216,393216,131072,131072,131072,196608,196608,196608,196608
0,0,0,0,0,0,0,0,0,491520,2064384,7897088,14712832,29458432,25264128,25264128,12681216,12681216,7405568,4128768,983040,196608,196608,196608,196608,196608,196608,196608,196608,196608,196608,196608,196608,196608,196608,0
0,0,0,0,0,0,0,0,0,0,0,0,0,16911433728,17179869132,13019119612,12884901900,4294967308,6442450956,6442450952,3221225480,3758096504,1006633968,534781824,33553408,0,0,0,0,0,0,0,0,0,0,0
0,0,0,0,0,0,0,0,0,0,0,0,0,0,64,262080,268435424,1071645664,3758098176,3221229056,3221232640,1610627072,939548672,532725760,67076096,0,0,0,0,0,0,0,0,0,0,0
0,0,0,0,0,0,0,0,0,0,0,0,0,0,8321499140,17179869180,4362076156,6442450948,3221225484,3758096408,2013266032,1065354208,134217600,2095104,0,0,0,0,0,0,0,0,0,0,0,0
0,0,0,0,0,0,0,0,0,0,0,0,0,1,3,8388607,4294966787,4278190087,3221225596,1610613232,1610614656,1006648832,536868864,33538048,0,0,0,0,0,0,0,0,0,0,0,0
0,0,0,0,0,0,0,0,0,0,0,0,0,0,2,8589934590,8589934590,4294967308,4294967352,6442451184,6442452928,3221241600,1883240448,1073725440,260046848,0,0,0,0,0,0,0,0,0,0,0
0,0,0,0,0,0,0,0,0,0,0,0,0,0,0,8589934590,8589934588,6442450952,6442450968,6442450992,6442451056,6442451168,3221226368,3758098176,1879055360,469792768,268427264,33423360,0,0,0,0,0,0,0,0
0,0,0,0,0,0,0,0,0,0,0,0,0,6,6,17179869182,12893290494,12884901900,12884901900,4294967320,6442451056,6442451936,7516196736,4294966272,1073733632,0,0,0,0,0,0,0,0,0,0,0
0,0,0,0,0,0,0,0,0,0,0,0,0,0,0,8589934591,8589934591,6442450950,6442450972,6442451064,6442451168,3221241728,2080636416,536805376,66584576,0,0,0,0,0,0,0,0,0,0,0
0,0,0,0,0,0,0,0,0,0,0,0,0,0,0,17179854847,17179869182,6442450972,6442450992,3221225568,1610612928,805306560,469763968,264371968,67104768,0,0,0,0,0,0,0,0,0,0,0
0,0,0,0,0,0,0,0,0,0,0,0,0,2,2,4294968318,8589934588,5368708120,4294967344,4294967392,6442451392,6442452864,3221233152,3758159872,2147467264,536608768,0,0,0,0,0,0,0,0,0,0
0,0,0,0,0,0,0,0,0,0,0,2,3,3,15,4294967295,3221227515,3221225475,1610612739,1610612739,1610612750,805306428,1006633200,534790080,67108608,2064384,0,0,0,0,0,0,0,0,0,0
0,0,0,0,0,0,0,0,0,0,0,0,0,0,0,8573157424,8589934584,6446641176,6442450992,6442451040,6442451168,3221225856,3758097152,1006697984,536866816,66977792,0,0,0,0,0,0,0,0,0,0
0,0,0,0,0,0,0,0,0,0,0,65472,2147483632,2146435192,1073741848,1073741840,1073741840,1073741872,1073741872,1073741872,1073741872,1073741872,1073741872,2139095088,1069547568,4080,4064,0,0,0,0,0,0,0,0,0
0,0,0,0,0,0,0,0,0,0,0,1073739776,1073741760,1610613184,1610612928,3221225664,3221225664,2147483840,2147483744,2147483744,2147483744,2147483744,2147483744,2147483744,2147483744,2147483744,2147483744,4278198752,4278206400,0,0,0,0,0,0,0
0,0,0,0,0,0,0,0,0,0,8589934528,8589934591,6442451007,6442450947,6442450947,6442450947,6442450947,6442450947,6442450947,6442450946,6442450946,6442450950,6442450950,6442450950,6442450950,6442450956,6442450956,8581548024,8585744368,0,0,0,0,0,0,0
0,0,0,0,0,0,0,0,0,0,1073479680,1073733632,536936446,1610614782,1610612742,1610612748,1610612748,1610612748,1610612748,1610612764,1610612760,1610612760,1610612760,1610612760,1610612760,1610612760,1610612760,1610612760,1610612760,2143289392,532677104,240,0,0,0,0
0,0,0,0,0,0,0,0,0,8589934576,8589934576,4294967344,4294967344,4294967344,4294967344,4294967344,4294967344,4294967344,12884901904,12884901904,12884901904,12884901904,12884901904,17163091984,8573165328,16368,112,0,0,0,0,0,0,0,0,0
0,0,0,0,0,0,0,0,0,0,17179865088,17179869176,12884902904,12884901912,12884901912,12884901912,12884901912,12884901912,12884901912,12884901912,12884901912,4294967320,4294967320,8573418520,4261445528,1016,120,0,0,0,0,0,0,0,0,0
0,0,0,0,0,0,0,0,0,0,1071644672,8589934584,4294971388,4294967308,4294967308,4294967308,4294967308,4294967308,12884901900,12884901900,12884901896,12884901896,12884901912,12884901912,12901687320,17171496952,17146322928,0,0,0,0,0,0,0,0,0
0,0,0,0,0,0,0,0,0,134201344,8589934584,8321515516,6442450968,6442450968,6442450968,6442450968,6442450968,6442450960,6442450992,6442450992,6442450992,6442450992,12884901936,12884901936,12884901936,12884901936,17112825840,234946304,16384,0,0,0,0,0,0,0
0,0,0,0,0,0,0,0,0,0,2147352576,4294967292,3221356540,3221225484,1610612760,1610612760,1610612760,1610612752,1610612752,1610612752,1610612760,1610612760,1610612760,1610612760,2143289368,2143289368,1879052248,4088,0,0,0,0,0,0,0,0
0,0,0,0,0,0,0,0,0,0,0,4292870144,8589934560,15033434096,25769803836,25769803790,25769803790,25769803788,8589934604,12884901912,12884901912,12884901912,12884901912,15032385584,17045651952,2139226096,125952000,0,0,0,0,0,0,0,0,0
0,0,0,0,0,0,0,0,0,0,17179869168,26306674672,25769803800,25769803800,25769803800,25769803800,25769803784,25769803788,25769803788,25769803788,25769803788,25769803788,25769803788,25769803788,25769803788,25769803788,25769805820,8589938680,17112760320,17112760320,0,0,0,0,0,0
0,0,0,0,0,0,0,0,0,8589934576,8589934591,6442450947,6442450947,6442450947,6442450947,6442450946,6442450946,6442450946,6442450946,6442450946,6442450946,6442450950,6442450950,6442450950,6442450950,8053063686,4278193670,520095742,0,0,0,0,0,0,0,0
0,0,0,0,0,0,0,1572864,4064000,409143040,276662016,276792064,410224384,408997376,241204224,133232640,66641920,31043584,25899008,26155008,26089472,265166784,264642528,25565184,25561088,25562112,25562112,12979200,130419712,241568768,207756800,204619264,4122112,2082304,198144,512
0,0,0,0,0,0,0,393216,2031616,3768320,7438336,7307264,419217856,418431200,417358784,213970688,130284544,65531904,33435648,29110272,28839936,1907890176,1066958592,261652352,26750976,26750976,25714688,25739264,25739264,26836992,127655936,266301440,419313664,410523648,402659328,268441600
0,0,0,0,0,0,0,2095120,813694000,811662384,952630304,419368480,477642336,216822976,265086912,126732032,26051072,26149376,59703816,4291691516,51250144,51249664,51119616,17565184,25953792,25562624,126225408,264637440,214109696,216210944,410793472,403698560,268435840,805306368,0,0
0,2080768,1634304,3160064,7452864,6813888,545159360,808990912,477109184,267419392,28371968,26790912,51219456,51317760,51315966,50726908,50726144,520487936,117834752,50727936,50727936,50732032,50740992,117629696,126075264,230916480,164561344,419168448,409993408,134217920,134217920,134218176,134218176,192,0,0
0,0,0,0,1966080,4161536,4298227712,6448766976,6449750400,3237998976,1893789888,952132544,501284736,266451968,66269184,54210560,52310016,52178944,51134448,4278992864,8506841088,51124224,50599936,50731008,117839872,252066816,419853824,1904633344,3783706112,3234300416,6450774784,12893029120,768,384,0,0
0,0,0,0,0,0,7864320,16711680,14614528,32736768,4326655488,12948014080,12935332864,12985795584,12986059776,6695024640,4287426560,953729024,410566656,410017792,405829632,4163928032,4168115136,410017792,410017792,410017792,403726336,405823488,472971264,1009835008,1009880576,909215232,1731397120,1676019200,1644037632,1618740736
0,0,0,0,0,0,0,0,0,7870464,8132608,208017408,241375232,125802496,67082240,32616448,7991296,5103616,5185536,5189632,4601792,4603648,2143688704,4190509056,6494208,6494208,6494208,6494208,6494208,31660032,66272256,53706240,104064512,104842752,205456128,202375936
0,0,0,0,0,126976,522240,924672,1838080,205390848,205489664,104855040,66813488,32611936,6348736,4259712,12645888,264299008,130081536,12632860,12633080,12632560,12632448,14729600,14729600,32555264,53526784,51954432,101484288,101158656,201588096,201341312,192,128,0,0
0,0,917504,4063232,7536640,12681216,25280544,3288318064,3288332512,3338730368,4227919616,2139158528,534878208,208899072,203099136,203295744,202116096,3322678272,8557170656,1057755072,25955328,25955328,13372416,30154496,267132864,1013725280,809250912,270528608,269467744,32,0,0,0,0,0,0
0,0,0,0,0,229632,2081152,1859968,104063168,104820928,102527168,57733568,33135488,16621312,16719360,25627648,2139229184,1069682672,25300984,25299968,12717056,15862784,7539712,33230592,66784640,52301248,101584064,201849024,258240,192,192,0,0,0,0,0
0,0,0,0,0,0,0,66846720,131989504,235110400,202342400,419398400,434340608,13136687616,13119907328,6644034560,6677822464,3742117888,2040016896,819474432,810561536,812652544,812652544,543168512,16649297912,16649297904,811603968,807409664,404756480,405811200,204484608,103840768,238059264,523354880,968065408,821952896
0,0,0,0,0,0,0,0,0,4161536,8372256,12640352,27242592,3250581600,1642098880,1640036800,836894592,1072925696,523437568,102106624,102500320,102500320,534251008,2140669440,1175979520,102237696,101189120,34342400,51121664,51125248,251936256,528904960,835183360,1618969344,3225354496,3758096768
0,0,0,0,0,0,0,256,402703232,1006683008,1812055936,1677838208,3322135680,3322137792,3322301632,2248559808,2248961216,6493599840,6494386288,6471317552,6470776880,6458193936,4309651456,12889096192,12884901888,12884901888,0,0,0,0,0,0,0,0,0,0
0,0,0,0,0,0,0,0,100663296,235667456,253496320,456924160,456400384,824456704,832845312,1642344960,1642357504,3252970240,3253101312,3234226944,2160484608,6455443712,6455476480,6455476480,6455476608,4308042112,4299653504,4295197056,4295164288,131456,128,0,0,0,0,0
0,0,0,0,0,0,0,0,0,0,402653184,471334912,1010571264,607926272,1715222528,1717976064,3328601088,3328599040,3334653440,6555878912,6501401088,6501401344,6501368576,12901679360,8589934976,384,128,0,0,0,0,0,0,0,0,0
0,0,0,0,0,0,0,0,0,0,16777216,50331648,126615552,118233088,228341760,429800448,429800448,834036736,833775104,1639081472,1642292736,3252929024,3252929280,6472057600,6472041408,4320362944,25264512,25165824,0,0,0,0,0,0,0,0
0,0,0,0,0,0,0,0,0,6144,15360,268450816,403467264,940336640,941385216,2015118848,1748419072,3359032064,3429286144,3429286272,6650249600,6648217792,6522388672,6555943008,4408328288,4420911152,6568394800,125861904,50331672,50331672,50331648,0,0,0,0,0
0,0,0,0,0,0,0,0,0,0,0,100663296,234881024,504104448,505155072,907943424,907943424,909522432,1647718912,1664233984,1130574592,3278058240,3275956992,3284230912,6505488768,6505488768,6467739776,6467674304,4320190528,12910125056,12910092288,12910092288,8589934592,8589934592,0,0
0,0,0,0,0,0,0,201326976,469762944,872416128,872941440,605816704,1715211648,1714687360,1181093248,3328579712,3261470912,3284342976,6505566400,6505574592,4358090848,12943700064,12910190688,12910190640,12910190640,25778315320,25769926680,49176,49180,49164,16384,0,0,0,0,0
0,0,0,0,0,0,0,0,0,0,0,135005184,471600640,471731712,1008602880,1010178816,1009916672,1815288192,1818433920,1684222336,3294736576,3294736576,3292639328,6555807840,6555754592,13010788400,13010788400,13010747416,8640266264,33554444,0,0,0,0,0,0
0,0,0,0,0,0,1879048192,4160847872,3624108032,2281933824,6644276736,6644211200,6509877760,6543954688,4396479232,12986413312,12920091008,12936868224,12936868224,12938440896,12913238208,12913238208,8618270912,8604639296,8604622944,12582960,4194304,0,0,0,0,0,0,0,0,0
0,0,0,0,0,0,0,0,0,98304,235112448,520330240,990354432,856144896,1661842432,1628288512,3247285760,3247040000,3248087552,6469313280,6456206080,6458229504,6458229120,6449840512,4302324096,4302307520,4298113088,0,0,0,0,0,0,0,0,0
0,0,0,0,0,0,0,0,0,0,101187584,102498304,236847872,238421760,506595072,509805952,912461184,912461184,1986071936,1656850560,1673631936,3284244672,3284244672,6501216448,6501232832,4353749088,4353749088,16805984,24608,24576,0,0,0,0,0,0
0,0,0,0,0,0,0,0,0,67108864,201326592,503450624,503782912,370089472,839848704,856634112,1662726912,1662607616,1662640512,3241271680,3241263488,6470877568,6474023296,6474023104,12897583296,12897583200,25769803776,17179869184,0,0,0,0,0,0,0,0
