0,1,2,3,4,5,6,7,8,9,10,11,12,13,14,15,16,17,18,19,20,21,22,23,24,25,26,27
0,0,0,0,0,0,516096,401408,270336,274432,274432,274432,274432,405504,188416,245760,32768,8387584,64512,32768,32768,32768,98304,229376,98304,98304,98304,0
0,0,0,0,0,0,253952,401408,405504,405504,405504,143360,143360,143360,139264,253952,130560,1048064,49152,49152,49152,49152,49152,114688,114688,114688,114688,32768
0,0,0,0,0,8192,61440,104448,199680,134144,133120,198656,202752,126976,2097024,49152,49152,49152,49152,49152,49152,49152,49152,49152,16384,16384,16384,0
0,0,0,0,0,0,0,63488,100352,68608,68608,68608,67584,79872,122880,1048448,524160,32768,32768,32768,32768,32768,32768,32768,32768,98304,98304,32768
0,0,0,0,0,0,260096,202752,137216,137216,137216,137216,135168,135168,225280,116736,4193280,4177920,49152,16384,16384,16384,16384,49152,49152,49152,98304,98304
0,0,0,0,0,258048,135168,397312,397312,397312,397312,397312,135168,143360,208896,110592,1047552,2097024,16384,16384,16384,49152,49152,49152,49152,49152,32768,98304
0,0,0,0,0,229376,450560,536576,528384,530432,792576,792576,268288,399360,200704,69632,126976,4194240,49600,32768,32768,32768,32768,98304,98304,98304,98304,98304
0,0,0,0,0,0,253952,929792,790528,790528,790528,266240,397312,143360,221184,114688,8388544,16576,16384,16384,49152,49152,49152,49152,49152,49152,49152,49152
0,0,0,0,0,0,122880,77824,200704,200704,200704,208896,208896,122880,4190208,4193792,98304,32768,32768,32768,32768,32768,32768,32768,32768,32768,32768,98304
0,0,0,0,0,122880,208896,397312,790528,266240,266240,405504,204800,90112,49152,2096896,51072,49152,49152,49152,32768,32768,32768,32768,32768,32768,32768,32768
0,0,0,0,0,57344,126976,202752,137216,137216,137216,135168,143360,221184,524224,1048544,16384,16384,16384,16384,16384,16384,16384,16384,16384,16384,49152,49152
0,0,0,0,0,0,28672,55296,100352,100352,104448,102400,110592,57344,49152,1048064,16384,16384,16384,16384,16384,16384,16384,16384,16384,16384,49152,0
0,0,0,261888,1966528,3670112,6291504,4194328,12582920,25165836,16777220,50331652,33566724,33583108,33615884,50389004,50364428,16777224,25165848,8388624,12582960,6291552,3145920,1048960,1836544,400384,260096,49152
0,0,0,262016,2031808,1048672,2097200,6291472,12582936,8388616,8388620,8388620,8396812,8413196,8445964,12599308,12582920,4194312,4194312,6291480,2097168,3145776,1048672,1573056,917888,198400,130048,4096
0,0,0,0,0,196608,2080768,7370752,12590592,25166720,16777344,16777344,16777344,16842880,17006720,17006720,16777344,25165952,8388736,12583296,4194560,6292224,3146496,1574400,789504,407552,253952,114688
0,0,0,0,0,130944,1048448,3145920,6291520,12582976,8388704,25165920,50331680,50364448,33652768,33652768,33554464,33554464,33554528,33554496,33554496,50331840,50332032,25166080,12583680,3706368,1030144,122880
0,0,0,7680,262112,458864,786456,1048584,3145736,6291464,6291464,12582924,12582924,8450060,8450060,8450056,12599304,12582936,4194328,6291504,2097200,3145824,3145920,1573248,526080,1047552,126976,0
0,0,0,65504,229408,917552,1572880,3145744,6291472,4194320,12582936,25165848,25165848,16891928,16891928,25215000,25214992,25165872,8388640,12583008,12583008,4194368,4194496,6291840,3145984,1049344,1900032,523264
0,0,0,0,65024,508800,1835200,7340128,12582960,25165840,16777240,50331672,50331672,50331656,50380808,50446344,16809992,25165848,25165848,8388624,12582960,6291680,3146112,1835776,459264,130048,28672,0
0,0,0,130560,2089856,3670208,14680128,8388704,25165856,16777264,50331664,50331672,33554440,33554440,33669128,33669144,33554448,33554480,33554464,50331744,25165920,8388800,12583296,6291712,3146240,1576448,923648,258048
0,0,0,4032,262112,983064,1572876,6291460,12582918,16777218,50331650,50331650,16777218,16801798,16834566,16834564,16785412,16777228,16777224,25165848,25165872,8388704,12583104,4194432,3146496,1967616,519168,63488
0,0,0,0,0,524032,4194240,6291520,12583008,8388704,25165856,16777248,50331680,50364464,33652784,100892720,67108912,67108896,100663392,33554624,33554816,50331904,25166592,8390144,4197376,6305792,3665920,2031616
0,0,0,0,16776192,25167616,16777664,50331744,33554528,33554464,33554464,33554464,33603616,33669152,33636384,33669152,50331680,16777312,16777280,25166016,8388736,12583296,4195072,4195840,6294528,2103296,3158016,1630208
0,0,0,0,0,0,0,0,2093056,3161088,6292480,12583424,8389376,8388992,8454272,8618176,8487104,12583104,4194432,6291840,3146496,1050112,527360,792576,405504,516096,196608,0
0,0,0,0,0,0,1040384,4077568,8388352,16774016,25166016,50333664,134217696,134184992,67108896,67108976,134217712,67108896,67108960,67108928,100663488,67108800,16777984,25167360,12590080,7090176,2940928,2064384
0,0,0,0,0,0,114688,523264,1838592,3931904,8380800,8388800,25166320,16781280,33552416,33423456,16777312,16777280,16778176,33554112,33550464,25166208,25166592,8392192,8419328,16773120,12607488,6537216
0,0,0,1920,262136,983068,4194302,8388578,12582915,25165825,33554431,50331649,50331649,33554433,67092543,67108863,33554435,33554435,50331654,67076102,17301500,25165848,12582928,7340256,2097088,458752,0,0
0,0,8128,61552,229404,524166,1837055,3145729,7340033,6289409,12648447,12582927,14680065,16646145,13105153,12599265,12583167,12582914,16711686,8912460,8396792,16515184,12581312,8404864,12598272,8380416,4128768,0
0,0,0,0,0,0,0,523264,787968,2096896,3145984,6291584,4227008,16776768,12583008,12582944,12582944,12615648,16777184,12582976,4195264,6295040,3176448,2080768,458752,0,0,0
0,0,32512,262080,1048544,4186160,7340056,12582936,25427960,33550344,66060300,50331660,50332668,50364364,52420620,66846732,25165836,16777224,25166328,8454104,13615152,8126496,6291552,3408064,1443712,982528,507904,0
0,0,0,0,0,0,0,1048448,1835200,3145792,8388576,12599216,12582928,29360152,16760840,13107192,12582920,12582936,16777200,16777200,12583008,12583104,4194688,8388352,4193792,1674240,1021952,61440
0,0,0,0,16256,123120,491504,1040408,1572888,3670044,4194300,2097160,6291464,6291468,8388604,4194316,4194312,4194328,4194384,8388592,6291552,6291520,2621568,4194176,1574656,793600,520192,245760
0,0,0,32512,258496,991200,2097144,3670028,2097212,6299646,16776194,12320770,25165827,25165887,33554425,33553409,25165825,8388611,12582918,4194316,8388600,4063344,1573088,853888,523776,12288,0,0
0,0,0,0,130560,492288,1835456,8388576,12582960,25165848,33030156,33554428,50331654,50331654,50331650,67108862,50331654,50331652,16777228,16777224,33554424,25165936,25166016,8389504,16776704,12646400,8355840,1835008
0,0,0,0,0,262128,983064,1572872,4194296,2097160,6291464,7340040,14680060,12582920,8388616,8388616,16252952,16777212,8388656,8388640,8388704,8388800,16777088,8388352,3148800,1579008,946176,245760
0,0,0,0,30720,257536,918272,3670464,14747632,67108784,46137360,67108880,67108880,67108880,134217712,67108912,100663328,100663328,33554544,67108848,33554496,50331840,50332032,16777472,33522432,8519168,12597248,6348800
130816,1034208,3736440,2197004,6341635,12602369,25192449,16791553,16789504,16785408,29360128,24117249,18743303,16973885,17010657,26156929,33034227,29360186,8394814,8420364,8438808,12682800,4588256,8127424,7868160,3733504,2088960,0
0,0,0,0,1046528,2035200,3214208,2197696,6342688,4249648,12603408,12611600,14708752,12066936,26084312,32378392,33294296,29360248,25198616,8503320,8470544,12795952,12763232,6734016,3990400,1867264,522240,0
0,0,0,261632,1017792,1639520,3245112,2198536,6326286,6346780,4214844,4202604,16253132,16745356,12684812,13570028,12059132,14680088,12582936,8388632,8437808,12640352,12693696,4397952,6688256,3935232,1783808,1040384
0,0,30720,65280,198144,493440,838848,1603680,3158064,6291480,6291480,7340136,8257736,6750600,6390536,6490056,2490872,3932168,1051672,1580560,1585712,796640,282496,489472,122880,0,0,0
0,0,0,0,0,0,258048,924672,3938048,7090432,12984704,8609920,25280640,25166720,31460992,29112448,26114176,9183104,12059008,14680448,12599680,6414592,3351296,1455616,1842176,978944,507904,0
0,0,0,0,0,61440,2096640,8266624,4407488,12697664,8487392,25232288,16780832,29374512,24919576,17696664,16974072,17694776,20447240,31555608,25280560,25411808,8798592,13395712,5782528,3160064,3203072,2064384
0,0,0,7680,259840,232896,989280,1677360,3190896,6349016,12608408,12584456,12585992,16653324,14651148,13042124,4980860,7888956,6316040,6320136,6344728,6330416,2201696,2202048,3477248,2096128,393216,0
0,0,0,12288,326656,493312,919424,1772736,3213408,6395936,4304944,4235280,4251760,4210776,7340440,6029592,4653336,4293628,5210620,7865368,6298648,2111000,2105968,2114496,2148224,3275776,2088960,786432
0,0,0,261632,2038656,7444672,12619872,8417328,25165904,16777432,25166216,65012488,57673228,51907588,52172804,58204164,62947076,58736636,50331678,117637168,17236064,26018240,10063616,14220288,7856128,1966080,524288,0
0,0,0,0,0,0,0,1048320,1975040,3547520,15098240,8536256,25346112,17006784,29458880,32506720,27002400,25562144,9183200,12059104,6320320,6345088,1153792,1777152,920576,523264,126976,0
0,0,0,0,229376,1048448,1770432,3212864,12682336,12633120,25185328,29390896,32518384,27015120,8850448,12683288,5181432,6029368,7340048,2121744,3203184,1683520,1644672,921472,474112,516096,0,0
0,0,0,0,0,0,32512,115648,459360,2033200,7412760,12660748,8511500,8437822,14680310,16515974,8848374,13500444,7864324,6295556,6305804,2123800,2148400,3247168,1115520,935680,523264,0
0,0,0,0,0,0,0,0,0,0,4194048,16138208,31850608,37879832,37879816,54657036,21102604,29491204,12976140,12976136,7077912,7864368,8126560,520384,32640,3584,0,0
0,0,0,0,0,0,0,384,32736,261936,2031640,3866632,15925260,11599876,28377092,19988492,17891352,26279984,14221408,8323520,1048320,0,0,0,0,0,0,0
0,0,0,0,0,0,0,0,0,262112,2097144,16646150,28442630,52559875,39976961,113377281,109182977,109248513,126025731,126025734,63111180,15925296,4194272,196608,0,0,0,0
0,0,0,0,0,0,0,0,131056,524280,1900556,7962628,30507014,51478530,36798466,102858755,73498626,73498630,107053068,52494360,32702576,8061888,2096640,0,0,0,0,0
0,0,0,0,0,0,0,0,0,0,131040,2082608,8257560,31129624,53674008,52625432,27459608,10682392,14813168,4194176,3538944,0,0,0,0,0,0,0
0,0,0,0,0,0,0,0,0,131008,1017728,3868608,3342432,6488120,14876680,14876680,29556744,21102616,21364784,29622496,16515968,8388352,1046528,0,0,0,0,0
0,0,0,0,0,0,0,0,16380,1048188,2031623,7438337,12681217,29458433,130121731,79790082,79790082,79790086,104923140,56819724,33423608,4194240,0,0,0,0,0,0
0,0,0,0,0,0,0,0,0,0,1047552,3770112,7897536,13664368,28344380,18907143,18907139,52461571,52461574,52461596,28344816,15769472,4192256,0,0,0,0,0
0,0,0,0,0,0,0,0,0,0,1048448,7995632,32702526,56819718,54722562,63111170,62980098,62980110,29556792,14812144,4194048,0,0,0,0,0,0,0
0,0,0,0,0,0,0,0,0,65024,2097088,16711792,10027064,28377116,52494342,35717122,35717122,35717126,52625436,31654896,8388480,0,0,0,0,0,0,0
0,0,0,0,0,0,0,0,0,130944,4194296,7897116,28344326,52477954,35700738,35700738,56672259,31506435,15777798,7897116,2066416,130816,0,0,0,0,0,0
0,0,0,0,0,0,0,32704,131070,983068,3801094,15859715,28508161,19070977,52625409,52625409,19070979,27459587,10616835,15859726,7471224,4194240,523776,0,0,0,0,0
0,0,491520,901120,1597440,8192,8192,12288,12288,12288,4096,39936,55296,22528,30720,28672,12288,13056,13824,144384,244736,113664,63488,30720,12288,12288,12288,0
0,57344,241664,397312,266240,6528,6912,7680,23552,31744,14336,6176,6240,6272,6528,6912,100864,52736,27648,15360,6144,2048,2048,2048,0,0,0,0
0,0,0,0,0,0,0,0,229376,950272,557056,557056,32768,32768,38912,307200,450560,180224,229376,98304,32768,35840,825344,438272,176128,253952,114688,98304
0,0,0,0,0,49152,114688,90112,221184,417792,417792,27648,227328,126976,57344,57344,24576,24576,25344,90624,91648,125952,63488,61440,57344,24576,0,0
0,0,0,0,61440,126976,200704,397312,4096,4096,4864,22016,23552,30720,12288,4096,4096,4096,102592,53376,53632,21248,15872,14336,0,0,0,0
0,0,0,0,0,0,0,61440,36864,4096,4096,37120,53504,30464,15360,12288,4224,102784,54016,24064,31744,14336,6144,6144,6144,0,0,0
0,0,0,0,0,0,114688,221184,155648,8192,8704,9728,76800,112640,45056,57344,24576,8192,8192,8192,8192,401920,206336,109568,112640,61440,8192,24576
0,0,0,0,0,0,0,114688,221184,24576,8192,8192,8192,8192,8192,12288,13056,13824,48128,63488,29056,78080,111360,62976,64512,12288,0,0
0,0,0,0,0,129024,235520,134144,134144,1024,1024,1024,1280,9600,14080,7680,1216,1152,17536,17792,25984,9472,14080,7680,0,0,0,0
0,0,0,0,0,0,0,0,65536,229376,442368,409600,24576,8192,8192,8704,9728,109568,47104,61440,28672,8192,73728,107264,107008,44544,47104,57344
0,0,0,0,98304,245760,180224,16384,16384,16384,19456,150528,219136,126976,122880,49152,17152,17920,281600,411648,153600,217088,225280,122880,49152,16384,0,0
0,0,0,0,114688,212992,147456,147456,16384,16896,17920,150528,219136,94208,122880,49152,16512,16768,17152,412672,219136,126976,122880,49152,24576,0,0,0
0,0,0,0,0,0,0,1048576,1572864,786432,394240,197632,199680,71680,110592,122880,49152,245760,409600,286720,794624,794624,811008,802816,901120,458752,0,0
0,0,0,0,0,196672,114880,24960,13056,7168,3072,15360,27648,19456,50176,99328,66560,197632,197632,197632,68608,117760,30720,0,0,0,0,0
0,0,0,0,0,524544,787200,394752,199680,71680,110592,57344,49152,122880,204800,143360,397312,268288,268288,268288,268288,268288,274432,516096,229376,0,0,0
0,0,0,0,1572864,917568,196800,115584,26368,11264,14336,12288,30720,55296,100352,67584,133120,395264,264192,788480,788480,788480,268288,274432,516096,98304,0,0
0,0,0,0,0,0,393216,197376,99840,56320,28672,24576,122880,204800,405504,274432,274432,274432,274432,274432,274432,405504,253952,0,0,0,0,0
0,0,0,0,0,0,1835008,460544,101376,55296,28672,57344,110592,200704,397312,792576,530432,526336,788480,788480,264192,198656,129024,49152,0,0,0,0
0,262144,458752,114736,28896,6528,2816,3584,3072,3072,7168,13824,16896,49664,33536,99072,65792,65792,65792,65920,65792,116480,65024,0,0,0,0,0
0,0,0,0,0,0,0,0,1048672,3932384,983424,115456,28160,14336,15360,25600,116224,229888,131584,393984,262912,787200,787200,262912,394752,117760,63488,0
0,0,0,786688,393600,197376,101888,55296,28672,24576,61440,104448,67584,134144,132096,132608,132608,131584,197120,197120,67072,80896,126976,0,0,0,0,0
0,0,1048576,1835008,458976,99200,50688,14336,12288,30720,116736,461824,787456,525824,1573376,1049344,1049344,1048832,1573632,786944,396800,260096,0,0,0,0,0,0
0,0,0,1048576,1835008,393216,196736,98688,49920,26112,15360,12288,63488,120832,198656,396288,787456,525312,525824,525312,525312,789504,399360,258048,0,0,0,0
0,0,0,0,0,458800,114784,25024,13056,7680,3072,7168,31744,52224,101376,199680,396288,265216,265216,265216,264192,268288,421888,253952,0,0,0,0
0,0,0,4096,28672,118784,200704,135168,135168,137216,202752,104448,63488,14336,6144,6144,2048,2048,2048,2048,2048,2048,2048,2048,2048,2048,6144,3072
0,0,0,0,0,0,0,253952,1044480,536576,1585152,3158016,3158016,1585152,798720,503808,260096,12288,12288,12288,12288,12288,4096,4096,4096,12288,12288,4096
0,0,0,0,0,0,0,245760,516096,794624,1581056,1056768,1581056,794624,516096,122880,8192,8192,8192,8192,8192,8192,8192,8192,8192,8192,8192,0
0,61440,258048,397312,266240,266240,397312,135168,233472,53248,30720,6144,6144,6144,6144,6144,6144,6144,6144,6144,6144,6144,6144,2048,0,0,0,0
0,0,0,0,0,0,30720,55296,104448,104448,71680,71680,71680,116736,30720,2048,2048,2048,2048,2048,3072,3072,3072,3072,1024,1024,1024,1024
0,0,0,0,0,8192,57344,106496,73728,73728,73728,73728,106496,57344,28672,12288,12288,12288,4096,4096,4096,4096,4096,4096,6144,6144,4096,0
0,0,0,0,0,0,0,8192,122880,73728,204800,139264,139264,139264,106496,122880,24576,8192,12288,12288,12288,12288,12288,12288,12288,12288,12288,12288
0,0,0,0,16384,57344,106496,110592,110592,110592,110592,102400,61440,12288,4096,4096,4096,4096,4096,4096,4096,6144,6144,6144,6144,6144,0,0
0,0,122880,122880,73728,204800,139264,139264,204800,110592,61440,28672,12288,12288,4096,4096,4096,4096,4096,4096,6144,6144,6144,6144,0,0,0,0
0,0,0,0,0,24576,61440,77824,208896,143360,135168,200704,102400,53248,30720,6144,6144,6144,6144,6144,6144,6144,6144,6144,6144,2048,2048,0
0,0,0,0,0,0,114688,507904,802816,1589248,1589248,540672,802816,507904,114688,24576,24576,24576,8192,8192,8192,8192,8192,8192,8192,8192,8192,8192
0,0,0,0,0,0,0,30720,129024,202752,399360,268288,397312,135168,233472,126976,4096,12288,12288,12288,12288,12288,12288,12288,12288,12288,12288,8192
0,0,0,0,0,0,0,0,0,0,58720256,67108862,33685502,50331654,50331652,16777220,25165836,15728760,4194240,261632,0,0,0,0,0,0,0,0
0,0,0,0,0,0,0,0,0,0,0,32,524272,8380528,29360320,25166208,8389376,14683136,4192256,520192,0,0,0,0,0,0,0,0
0,0,0,0,0,0,0,0,0,0,0,66060294,67108862,50462710,25165830,12582924,7864376,2094048,32256,0,0,0,0,0,0,0,0,0
0,0,0,0,0,0,0,0,0,0,1,127,2097151,33488899,25165854,8388728,12583360,8265472,260096,0,0,0,0,0,0,0,0,0
0,0,0,0,0,0,0,0,0,0,0,16777247,67108862,50364406,50331676,50331760,25166784,12615424,8384512,0,0,0,0,0,0,0,0,0
0,0,0,0,0,0,0,0,0,0,0,0,67108862,50331652,50331660,50331672,50331696,16777312,12583360,14680832,3964416,516096,0,0,0,0,0,0
0,0,0,0,0,0,0,0,0,0,2,66846722,67108862,33555204,33554436,50331660,50331704,16777696,33554176,2088960,0,0,0,0,0,0,0,0
0,0,0,0,0,0,0,0,0,0,0,16777216,33554431,16777218,50331662,16777240,25166064,14696384,4186112,0,0,0,0,0,0,0,0,0
0,0,0,0,0,0,0,0,0,0,0,33554432,134217727,50335620,16777240,25165840,12582960,7340256,2097088,522240,0,0,0,0,0,0,0,0
0,0,0,0,0,0,0,0,0,0,0,3,67108862,67108748,50331672,50331696,50331872,25166720,12598784,8386560,196608,0,0,0,0,0,0,0
0,0,0,0,0,0,0,0,0,3,3,16776967,33554431,25165825,8388611,12582915,12582918,6291516,4130784,524032,0,0,0,0,0,0,0,0
0,0,0,0,0,0,0,0,0,0,0,0,67108860,17825788,16777240,16777264,16777312,29360320,7348096,2095104,0,0,0,0,0,0,0,0
0,0,0,0,0,0,0,0,0,1048560,16773148,8388620,8388616,8388616,8388632,8388616,8388632,8388632,16646168,1835032,1016,0,0,0,0,0,0,0
0,0,0,0,0,0,0,0,6291456,8388576,12583392,8388656,25165872,16777264,16777264,16777232,16777232,16777232,16777232,16777232,16777232,33293424,16254944,0,0,0,0,0
0,0,0,0,0,0,0,0,33554430,16777727,16777219,16777219,16777219,16777219,16777219,16777219,16777219,16777218,16777218,16777222,16777220,33292796,33423856,0,0,0,0,0
0,0,0,0,0,0,0,0,16773120,12648440,12583934,8388610,8388614,8388612,12582916,8388612,8388612,8388612,8388612,8388612,8388612,8388620,16646152,16646264,120,0,0,0
0,0,0,0,0,0,0,33554424,67092488,50331656,50331656,50331656,50331656,50331656,33554440,33554440,33554440,33554440,66846728,33293304,120,0,0,0,0,0,0,0
0,0,0,0,0,0,0,0,67108736,33556476,33554436,33554436,33554436,33554436,33554436,33554436,33554436,50331652,33046404,508,60,0,0,0,0,0,0,0
0,0,0,0,0,0,0,0,33554176,67108860,50331652,50331652,50331652,50331652,33554436,33554436,33554436,33554436,33554436,37488636,66847740,0,0,0,0,0,0,0
0,0,0,0,0,0,0,2095104,33308668,50331900,50331660,50331660,50331656,50331656,16777224,16777224,50331656,33554440,33554440,33554440,66062840,1576896,0,0,0,0,0,0
0,0,0,0,0,0,0,0,16773120,26214398,25165828,8388612,8388620,8388616,8388616,8388616,8388620,8388620,8388620,16646156,16515532,504,0,0,0,0,0,0
0,0,0,0,0,0,0,0,0,33546240,117571576,100663310,100663302,100663302,100663300,33554444,33554444,33554440,117440520,66064376,3940224,0,0,0,0,0,0,0
0,0,0,0,0,0,0,0,134217720,100663304,67108876,67108876,67108868,67108868,67108868,67108868,67108868,67108868,67108868,100663300,100663548,100663804,66060288,0,0,0,0,0
0,0,0,0,0,0,0,67108856,50332159,50331649,50331649,50331651,50331651,50331651,50331651,50331651,50331651,50331650,50331650,50331650,33030406,8126974,0,0,0,0,0,0
0,0,0,0,0,0,122944,6500800,6549952,6502592,2296192,1773312,1019392,433664,325120,320000,2384384,4088816,287488,271104,270592,401664,1974528,3351424,3221376,126080,63616,128
0,0,0,0,0,0,61440,102400,210944,2291808,6785136,2493664,1449856,2047488,483840,377344,885248,16549376,1869760,837120,836608,838656,317440,907264,4128256,2343424,6521600,4195072
0,0,0,0,0,15872,4325128,4394264,6455192,2343824,3393456,1986016,809088,815232,811140,16670972,811232,802944,802944,278912,286976,1974656,3548032,2339456,6356704,6291488,4194304,0
0,64512,99840,70176,97840,12699440,7570288,4130752,363776,841984,815360,549374,549368,8151424,1597824,532736,533248,796608,1846336,3553376,2519136,2605088,2097184,2097184,2097248,2097248,32,0
0,0,0,57344,129024,50404352,17003520,25689696,12979744,6688480,4136832,1029632,566784,573952,575480,33048512,25707008,541184,549376,1598208,3958656,14953600,25589888,50589888,33677504,64,64,0
0,0,0,0,0,253952,454656,503936,34484608,101462400,102248832,34632448,66903552,15124480,6522880,6360064,6358960,31524080,6521856,6521856,2196480,2198528,7442176,5314944,13701504,13217920,13590656,12828800
0,0,0,0,0,0,0,230144,180992,3351296,1831680,1030656,499200,187392,193536,157280,156656,16655104,31859456,140032,205568,209664,78592,471808,604032,1686656,1175680,3268800
0,0,0,0,7680,30464,49408,3268992,3275136,1703576,1020824,134128,134848,1969280,1969344,395340,395384,399424,198720,460864,886848,559296,1628288,3178464,3149408,32,0,0
0,0,122880,241664,399360,911384,26213936,18353760,32509888,16653824,3388160,3186944,1106176,1097984,33079792,836032,278784,409856,934880,8340208,6374928,6355984,63512,16,0,0,0,0
0,0,0,0,14400,60512,1162272,1703472,642592,1022560,512960,521088,270592,16654832,270844,401664,401664,237824,1024448,827744,1630512,3178288,6192,48,32,0,0,0
0,0,0,0,0,491520,2088960,1060864,2226176,2617536,37494400,51387776,53491456,29124096,14976512,4424192,4424192,12780032,12780032,130221052,4260352,4260352,6357504,3211776,1115904,3739584,7190592,4714560
0,0,0,0,0,0,0,126976,236560,394256,8780336,9375280,13508576,8328064,3780992,1695872,1688056,4112512,16285824,1605760,1622144,573568,541056,541568,8152704,13008064,8646720,25231424
0,0,0,0,0,0,2099264,7346400,13637856,9452000,26229152,26766624,18369840,17354544,17598232,50693640,50791944,50790912,33685504,100663296,33554432,0,0,0,0,0,0,0
0,0,0,0,0,0,1048576,1589248,3719936,7193472,7160448,13452928,8864896,8864960,25586752,17198144,17198144,17197120,50735168,50477120,50477152,50344032,33566816,96,0,0,0,0
0,0,0,0,0,0,0,0,3178496,7455232,13714176,13715200,10183936,26897792,18491776,17709184,17709248,51130432,34340928,96,32,0,0,0,0,0,0,0
0,0,0,0,0,0,0,0,524288,786432,1884672,3457792,2418432,6661504,4564352,12921984,25635968,17250496,50739392,50739296,266336,262144,0,0,0,0,0,0
0,0,0,0,0,0,0,768,1792,6292736,6342016,14732416,14806144,10610880,28403776,20129888,17967136,51525680,51787792,51779608,52172808,1837064,786444,524292,524288,0,0,0
0,0,0,0,0,0,0,0,1048576,1048576,3195008,7913856,5825408,5890688,13182592,8988288,9123008,25834688,17699904,17699936,17701984,51125280,50596864,33819648,100926464,100663296,0,0
0,0,0,0,0,64,3145792,7340224,5292256,13746656,10043744,10052448,26944288,25829920,17441312,51263024,34485808,34477072,33821720,100930568,100670476,7172,2060,2048,0,0,0,0
0,0,0,0,0,0,0,0,16384,3195264,7397760,7463872,5350336,13705792,13709920,9646624,26351136,17962544,17964048,52300824,35392520,102501388,34078724,4,0,0,0,0
0,0,0,0,0,12587008,31469568,18889088,19938176,51411584,51399360,51956288,35180096,34115168,34115168,34442272,101026848,100994096,101123120,197656,131072,0,0,0,0,0,0,0
0,0,0,0,0,0,0,4096,3683072,6828800,4748032,13393792,9231488,25484416,17079424,17210560,17275968,50568256,50530400,50528288,33620000,0,0,0,0,0,0,0
0,0,0,0,0,0,0,0,1622016,1630400,3776704,3744192,7942592,5976416,14291296,9048864,9311008,26090016,17570352,51121712,51121712,3096,1024,1024,0,0,0,0
0,0,0,0,0,0,0,1048576,3145728,3679104,7893888,4780736,4781760,13153344,9278528,26057792,17636448,17242208,50731040,33953840,100667392,67108864,0,0,0,0,0,0
