0,1,2,3,4,5,6,7,8,9,10,11,12,13,14,15,16,17,18,19,20,21,22,23,24,25,26,27,28,29
0,0,0,0,0,0,491520,2080768,1589248,1597440,1597440,1597440,1597440,548864,811008,901120,491520,196608,16760832,522240,196608,196608,196608,196608,196608,393216,393216,131072,131072,0
0,0,0,0,0,0,229376,1032192,802816,811008,811008,811008,811008,811008,811008,278528,507904,507392,4193280,1146880,98304,98304,98304,98304,98304,229376,229376,229376,196608,196608
0,0,0,0,0,0,122880,241664,399360,268288,268288,266240,274432,405504,253952,4194048,4194048,98304,98304,98304,98304,98304,98304,98304,98304,98304,98304,32768,32768,0
0,0,0,0,0,0,0,126976,260096,137216,399360,399360,399360,405504,421888,245760,2064640,2097024,65536,65536,196608,196608,196608,196608,196608,196608,196608,196608,196608,65536
0,0,0,0,0,0,516096,405504,274432,274432,798720,798720,798720,794624,794624,319488,507904,8386560,16744448,98304,98304,98304,98304,98304,98304,98304,98304,65536,196608,196608
0,0,0,0,0,253952,401408,798720,798720,536576,536576,798720,794624,794624,286720,417792,155648,4190208,4194048,98304,98304,98304,98304,98304,98304,98304,98304,65536,65536,196608
0,0,0,0,0,458752,2064384,1622016,3170304,3158016,3158016,1060864,1576960,1585152,798720,270336,401408,253952,16777088,100224,98304,196608,196608,196608,196608,196608,196608,196608,196608,131072
0,0,0,0,0,0,507904,2088960,1056768,1056768,1056768,1581056,1581056,794624,811008,442368,229376,33554304,16777152,98304,98304,98304,98304,98304,98304,98304,98304,98304,98304,98304
0,0,0,0,0,0,245760,253952,401408,401408,401408,401408,417792,442368,507904,16769024,16776192,196608,196608,196608,196608,196608,196608,196608,196608,196608,196608,196608,196608,196608
0,0,0,0,0,114688,516096,811008,1581056,1581056,1581056,1581056,811008,409600,442368,229376,8387584,4194048,98304,65536,65536,65536,65536,65536,65536,65536,65536,65536,65536,65536
0,0,0,0,0,0,253952,405504,798720,798720,798720,798720,811008,286720,442368,2097088,2097088,32768,32768,32768,98304,98304,98304,98304,98304,98304,98304,98304,98304,98304
0,0,0,0,0,0,57344,126976,200704,200704,135168,143360,155648,221184,245760,98304,2096640,32768,32768,32768,32768,32768,32768,32768,32768,32768,32768,98304,98304,0
0,0,0,523776,1968064,7340224,12583008,25165872,16777240,50331672,100663308,201326596,201326596,134242308,134275076,201449484,201580552,201424904,67108888,100663320,33554480,50331696,25165920,8388800,14680448,6293248,3673088,800768,516096,65536
0,0,0,524032,4163520,7340224,12583008,12582960,25165872,50331672,50331656,33554440,33554440,33570824,33603592,50446344,50364424,16777224,16777240,25165848,8388632,12582960,12582960,4194400,6291648,3146112,1835776,462336,260096,0
0,0,0,0,0,0,4128768,16498688,25229312,50335488,100664064,67109248,67109248,67109248,67240320,67502464,67568000,100794752,100663680,33554688,50331904,25166592,25166592,12583424,6292992,3148800,1587200,811008,507904,229376
0,0,0,0,0,98304,2097024,7864448,12583104,25166016,50331840,33554496,100663360,201326688,201392224,201785440,134676576,134348896,134217824,134217792,134217792,134217920,201326720,201326976,100664064,50332416,25167360,16325632,2060288,245760
0,0,0,0,262016,983520,1572912,3145752,6291480,12582920,8388616,25165832,16777224,50331656,50454536,50454536,50454536,50380824,16777240,25165840,25165872,8388640,12583008,4194496,6291840,2097920,3673600,2095104,253952,0
0,0,0,131008,499680,1835040,3145776,6291504,12582960,25165840,16777232,50331664,33554448,100728848,100892688,100892688,100892688,100761648,33554480,33554528,50331744,16777280,16777408,25165952,25166208,12583680,12583680,6292992,3800064,2095104
0,0,0,0,64512,524032,4063680,15728832,29360224,50331696,100663312,67108880,67108888,201326616,201326616,201424920,67338264,67174424,100663320,33554448,50331696,50331696,25166048,8389056,14680832,3671552,953344,260096,49152,0
0,0,0,31744,4194048,7864704,29360320,50331840,33554528,100663328,67108912,201326608,201326616,134217752,134217752,134447128,134447128,134217776,134217776,201326624,201326688,100663360,100663488,50332032,25166592,12584448,6292992,3152896,1585152,1040384
0,0,0,0,262112,1015856,3670040,14680076,25165830,117440518,67108866,67108866,67108866,67108870,67158022,67223558,67223556,67158028,67108876,100663304,100663320,100663344,33554528,50331840,16777600,25166208,14680832,3935744,1038336,126976
0,0,0,0,0,0,8388480,15728832,25166016,50331712,50331744,100663392,100663392,67108896,201392160,134676512,403111968,402653216,402653280,402653248,402653376,134218112,201327360,67110400,100664832,50334720,25171968,12709888,8380416,3932160
0,0,0,0,33552384,58727424,100665216,67109056,201326656,201326688,134217760,134217760,134217760,134316064,134447136,134709280,134447136,201392224,67108960,100663360,100663488,50332032,50332032,16777984,16778752,25168896,8394752,12595200,6316032,6406144
0,0,0,0,0,0,0,0,2064384,8384512,12589056,25168896,50333184,50332416,33555200,33948032,34013312,34013312,50331776,16777600,25166080,12583680,6292992,2100224,3151872,1585152,843776,1032192,393216,0
0,0,0,0,0,0,491520,4186112,14694400,33554176,66978688,100663488,201334752,536870880,268435488,268435488,268435680,536870880,276822112,268435520,268435648,402653376,268435392,268435328,100664832,50338816,16791552,26796032,14270464,8323072
0,0,0,0,0,0,0,516096,1866752,7347712,16776960,29229440,50331840,100664304,100671456,134213728,134086752,67108928,67109056,67109824,100671424,134216064,100663680,100664064,33558016,33560576,67104768,67100672,16826368,25657344
0,0,0,0,262128,2064440,3670076,16777206,25165826,50331651,100663297,134217727,201326593,201326593,134217729,268402751,268435455,134217731,201326594,201326598,267911174,75497468,100696056,50331672,25165936,14942176,4194048,917504,0,0
0,0,16256,127200,491576,1046542,4194303,6291583,12582913,33292289,18874241,50339839,50331649,65011713,58458113,51376129,50397123,50332671,50331655,66584582,67100684,50397176,50331888,67043552,51380096,50339584,25227264,16760832,7340032,0
0,0,0,0,0,0,0,1044480,2096128,3153408,8388096,14680832,25166208,25427904,33552576,16777280,16777312,16777248,16842656,33554400,33030336,16778176,25169664,12613632,7069696,4161536,1835008,0,0,0
0,0,32256,524160,2031584,4194272,15728688,25165848,50331768,104857576,133955592,260046860,201326620,201328636,201457548,205504524,133693452,117440520,100663304,100663544,50364376,51376176,33423392,31457376,12583104,4718976,6831872,4192256,2031616,0
0,0,0,0,0,0,0,1048320,4129664,14680256,16515136,33554400,50331680,50331696,50331664,67076120,52428792,50331672,50331672,67108784,67108848,16777280,16777408,16777600,25166592,16776704,6491136,3348480,2043904,122880
0,0,0,0,16128,130496,999408,2097136,3145744,6291472,8388604,14680056,8388632,8388616,8388616,33554424,25165832,25165848,25165848,25165872,33554416,29359712,25166016,8388800,16260480,8388352,3153408,1603584,1040384,98304
0,0,0,32256,262016,2031840,4194288,8323096,12582924,8389116,25296838,33546246,50331650,100663299,100663551,134217713,134215681,33554433,50331651,50331654,16777228,29884412,16777200,6291680,3146624,2039296,522240,0,0,0
0,0,0,0,261120,1048064,3670912,16777152,33554400,50331704,100663320,134217724,100663292,67108870,67108870,67108870,268435454,134213638,67108868,67108876,67108872,134217720,100794416,100663520,33555328,50335488,67106816,25419776,16711680,7864320
0,0,0,0,0,262112,2097144,3670040,8388600,16777208,12582936,25165848,33488920,25165820,50331656,50331656,50331672,58720280,67108860,33554480,33554528,33554496,50331840,50332032,33554176,29363712,14686208,3158016,1695744,1015808
0,0,0,0,28672,261120,1967616,7865216,31457760,134217712,268433456,402653232,402653232,268435504,402653232,536870896,268435488,402653216,402653280,402653248,268435440,134217920,201326720,201326976,67109632,100664064,134202880,50462208,25194496,12697600
523776,4194240,7735024,12781084,25267206,16877571,50370561,100724737,100691968,67133440,100663296,125829120,82837507,71041039,68026617,101130209,102514435,116400099,58720306,33566782,33585164,50449416,50531384,17171568,31197120,32507648,14695936,16248832,2064384,0
0,0,0,0,2093056,3947520,6692608,12784576,8458432,25276512,16887840,16818224,50389040,62971952,48251120,37488528,43785744,66068368,58720496,33619984,33751056,33783824,50757680,50626656,26050752,10077056,15845120,4193280,1044480,0
0,0,0,130048,2088832,3542464,6424688,12716056,12785688,8458268,25276472,25223208,16793804,32506252,33425164,17243144,52174792,66062328,62914584,50331672,50331664,50430000,50430048,50577600,16933248,25575168,13372416,7870464,3436544,2080768
0,0,24576,130560,462336,921344,1776000,3256512,6348896,12607536,8388664,8388664,14680184,12320984,9307016,8586760,8785800,14418936,7340056,6297624,6298640,2110512,3171936,1626048,833536,1040384,245760,0,0,0
0,0,0,0,0,0,245760,2093056,3685888,15738368,26764032,51134720,33997056,33784064,100665088,130030848,108032256,35188992,35159808,57672448,62914816,58753280,8504064,13059584,7235072,7891968,3160064,2088960,983040,0
0,0,0,0,0,8192,2095104,16547584,30196608,17203392,50823360,33752000,100666976,100678688,125857840,99646512,71045008,67371480,68943992,82837560,96469016,117899312,101155040,101548480,51939072,19975168,31488000,14737408,6406144,4128768
0,0,0,15360,327168,498560,1972672,3879008,6496368,12706032,25280912,50382616,50334744,50337800,66861064,54464008,17695624,18350312,32555064,29409288,25223192,8495128,8499248,8597600,12792000,12722048,8273408,4190208,0,0
0,0,0,0,129024,2034688,1838848,3414400,6691008,12726336,25370720,25387040,16859184,16892016,25264344,29360536,24118040,27001368,25625592,27198460,16252952,12589080,8403992,8414264,12633312,12683136,12656384,6549504,8355840,1572864
0,0,0,523264,4071168,15872384,25374912,50454624,33603696,100663504,100663704,100664088,125830664,81792012,70260748,70266884,82862092,92339212,117473276,201326718,470024240,336461920,102367424,36898688,52641280,31715328,16711680,8126464,1048576,0
0,0,0,0,0,0,0,1047552,4193792,6832896,13386496,26001792,51150976,101023936,101122496,117638080,132122176,108006496,35133536,35143520,57673664,29384896,25223552,12694272,6501888,3554304,1841152,1046528,245760,0
0,0,0,0,0,2096896,3934080,15075008,29559872,50531424,33658976,100718624,125890672,115368432,108031920,35522576,50796560,18751472,33030256,31457296,12615728,12697712,6512832,2252928,3553152,1850880,980992,1015808,0,0
0,0,0,0,0,0,65024,258816,985024,1836144,7740464,29505560,50520072,50561036,50397246,58720740,66062086,52299764,52167164,24117252,29360140,25194508,8450056,12685368,12785760,6494400,6688640,3968512,1046528,0
0,0,0,0,0,0,0,0,0,0,524288,16776960,63439808,109838448,227278872,227278856,227278856,93061132,126615564,59506700,59244552,26738712,30408752,14680096,4063328,1046976,32640,3072,0,0
0,0,0,0,0,0,0,0,1984,261856,999472,3932184,14942216,31850508,54919180,104988684,104988684,104988696,107085872,56754272,31588800,8388352,523264,0,0,0,0,0,0,0
0,0,0,0,0,0,0,0,0,0,2097136,16252988,65536006,107741190,214695939,159645697,453246977,453246977,436469761,436469763,436469766,251920412,117702712,33554416,4194240,262144,0,0,0,0
0,0,0,0,0,0,0,0,0,524272,1966328,7471116,66191372,123863044,73531398,214040578,415432707,277020674,277020678,411238412,482476056,130416688,63177184,16777088,2096128,0,0,0,0,0
0,0,0,0,0,0,0,0,0,0,0,1048544,8261168,33292304,123994128,71565328,79953936,113508368,46399504,63177200,33554368,8372224,4194304,0,0,0,0,0,0,0
0,0,0,0,0,0,0,0,0,65408,524160,4067072,15074240,12976352,25559096,25559048,59113480,126222360,92536856,93061168,93847776,131597248,30412544,16776192,0,0,0,0,0,0
0,0,0,0,0,0,0,0,8,262140,4177934,7471111,29556737,58916865,117637123,486735875,285409282,285409286,285409286,285343748,495058956,126222456,33554416,12713472,0,0,0,0,0,0
0,0,0,0,0,0,0,0,0,0,507904,4193280,15929088,31654848,56688864,113311804,113311758,79757315,79757315,79757319,79757324,113311992,54726592,33553920,8372224,0,0,0,0,0
0,0,0,0,0,0,0,0,0,0,1040384,8388480,31719928,130285630,80084998,226885634,218497026,218497030,218497030,117833788,50594288,33554304,2095104,0,0,0,0,0,0,0
0,0,0,0,0,0,0,0,0,0,1048448,8388576,66977904,40239160,107347996,214302726,214302726,147193862,214302726,214302748,113508600,67108800,8386560,0,0,0,0,0,0,0
0,0,0,0,0,0,0,0,0,0,2097104,16711928,31522844,121700358,247529478,146866178,142671874,209780739,109117443,62980098,29425694,8323576,2097088,0,0,0,0,0,0,0
0,0,0,0,0,0,0,0,131040,983292,8126492,31719430,54788099,113508355,79953923,75759619,75759619,75759619,113508355,46399491,63176710,30146620,15467504,8388352,0,0,0,0,0,0
0,0,917504,4161536,3244032,2146304,16384,24576,24576,24576,8192,75776,79872,110592,110592,61440,57344,24576,26112,26112,27648,419840,227328,129024,61440,61440,24576,24576,0,0
0,114688,516096,1843200,1581056,12544,13056,13824,48128,47104,63488,28672,12352,12480,12672,13056,13824,202240,105472,56320,31744,14336,4096,4096,4096,0,0,0,0,0
0,0,0,0,0,0,0,0,131072,983040,1638400,3211264,3211264,65536,65536,77824,1667072,638976,901120,458752,458752,65536,71680,1126400,1650688,876544,868352,507904,229376,196608
0,0,0,0,0,0,229376,245760,442368,835584,835584,573440,55296,454656,188416,245760,114688,49152,49152,49664,181760,183296,251904,251904,126976,122880,114688,49152,0,0
0,0,0,0,49152,253952,417792,794624,532480,8192,8704,9984,44032,47104,61440,28672,8192,8192,8192,139392,205184,106752,41728,60928,30720,28672,0,0,0,0
0,0,0,0,0,0,0,57344,253952,12288,12288,12288,78592,111104,65024,30720,28672,12544,209664,112128,114176,63488,28672,28672,12288,12288,12288,0,0,0
0,0,0,0,0,0,98304,507904,835584,49152,16384,17920,19968,153600,225280,90112,114688,49152,16384,16384,16384,16384,802816,281600,412672,153600,225280,114688,16384,49152
0,0,0,0,0,0,0,229376,491520,835584,49152,16384,16384,16384,24576,24576,24576,26112,26112,93184,96256,127232,156416,157184,222720,130048,61440,0,0,0
0,0,0,0,0,122880,520192,792576,792576,2048,2048,2048,2048,2816,19200,32256,15872,2176,2432,2432,100736,51456,20224,28160,15872,15360,0,0,0,0
0,0,0,0,0,0,0,0,0,458752,851968,884736,557056,49152,16384,16384,17408,27648,161792,225280,122880,57344,16384,16384,410112,214528,214528,220160,126976,114688
0,0,0,0,196608,458752,360448,360448,32768,32768,32768,38912,823296,438272,253952,245760,98304,33280,34304,35840,1611776,831488,307200,450560,442368,245760,98304,0,0,0
0,0,0,0,229376,491520,819200,819200,32768,32768,34304,35840,825344,454656,188416,245760,98304,98560,33536,34304,560128,825344,438272,253952,245760,114688,49152,0,0,0
0,0,0,0,0,0,0,0,6291456,3145728,1572864,789504,264192,399360,143360,221184,245760,98304,491520,819200,1622016,1622016,1097728,1097728,1097728,1146880,2031616,917504,0,0
0,0,0,0,0,393344,459136,98688,50944,28160,14336,14336,30720,55296,100352,67584,198656,133120,395264,264192,264192,395264,202752,129024,61440,0,0,0,0,0
0,0,0,0,0,1048576,1050112,1575936,792576,405504,155648,221184,114688,98304,245760,409600,811008,532480,536576,1585152,1585152,1585152,1585152,1585152,1630208,1015808,393216,0,0,0
0,0,0,0,6291456,3670016,917696,459136,100096,52224,30720,12288,28672,61440,102400,200704,397312,266240,790528,1576960,1576960,1052672,1052672,1585152,1597440,581632,1015808,0,0,0
0,0,0,0,0,0,524288,787200,460288,105472,47104,57344,114688,212992,417792,811008,1597440,1597440,1597440,1597440,1597440,1597440,548864,1032192,491520,0,0,0,0,0
0,0,0,0,0,0,3145728,1836544,396800,210944,122880,49152,114688,221184,401408,1847296,1585152,3158016,3149824,1052672,1052672,1576960,790528,405504,258048,0,0,0,0,0
0,1572864,1835008,491552,114912,29056,13056,7680,7168,6144,15360,27648,52224,99328,99840,198144,131584,131584,393984,393984,393984,131840,131584,261632,63488,0,0,0,0,0
0,0,0,0,0,0,0,0,0,6291552,7864768,918272,232960,56320,28672,63488,116736,232448,459776,263680,787968,1573376,1573376,1049088,1573376,1574400,920576,260096,61440,0
0,0,0,1048576,1573632,787968,461824,243712,126976,49152,122880,221184,143360,397312,268288,264192,265216,263168,263168,263168,394240,396288,408576,520192,245760,0,0,0,0,0
0,0,0,7340032,1835200,459712,232960,55296,28672,57344,110592,464896,788480,1575936,3146752,2098688,6292992,4194816,6291968,6291968,3147264,1575936,1046528,253952,0,0,0,0,0,0
0,0,0,4194304,7340032,1572864,917504,459136,197376,101888,56320,28672,24576,126976,208896,399360,792576,1574912,3148800,3148800,3148800,3147776,1054720,1585152,978944,507904,0,0,0,0
0,0,0,0,0,786464,458976,98752,50048,26112,15360,6144,30720,51200,231424,395264,264192,788480,1574912,1574912,1579008,1579008,1585152,536576,1040384,491520,0,0,0,0
0,0,0,0,28672,122880,204800,401408,794624,798720,274432,405504,208896,126976,28672,12288,12288,4096,4096,4096,4096,4096,4096,4096,4096,4096,4096,6144,6144,6144
0,0,0,0,0,0,0,0,1040384,1597440,3170304,6316032,4218880,6316032,3170304,3170304,1990656,520192,24576,24576,24576,24576,24576,24576,8192,8192,24576,24576,24576,0
0,0,0,0,0,0,0,0,1032192,1622016,3194880,6307840,6307840,3162112,1589248,1032192,245760,16384,16384,16384,16384,16384,16384,16384,16384,16384,16384,16384,16384,0
0,8192,516096,794624,1581056,1585152,536576,798720,405504,208896,126976,28672,12288,12288,12288,12288,12288,12288,12288,12288,12288,12288,12288,12288,12288,0,0,0,0,0
0,0,0,0,0,0,28672,126976,241664,208896,143360,143360,143360,135168,233472,126976,20480,4096,4096,6144,6144,6144,6144,2048,2048,2048,2048,2048,3072,3072
0,0,0,0,0,0,114688,245760,147456,409600,409600,409600,147456,212992,114688,57344,24576,24576,24576,24576,8192,8192,8192,8192,8192,12288,12288,12288,12288,0
0,0,0,0,0,0,0,16384,114688,245760,409600,409600,802816,802816,802816,409600,245760,49152,24576,24576,24576,24576,24576,24576,24576,24576,24576,24576,24576,24576
0,0,0,0,0,114688,212992,221184,155648,155648,221184,221184,204800,122880,24576,8192,12288,12288,12288,12288,12288,12288,12288,12288,12288,12288,12288,12288,0,0
0,0,245760,245760,409600,278528,278528,811008,802816,417792,221184,122880,24576,24576,8192,8192,8192,8192,8192,8192,8192,12288,12288,12288,12288,12288,0,0,0,0
0,0,0,0,0,0,122880,221184,417792,811008,794624,270336,401408,466944,237568,61440,12288,12288,12288,12288,12288,12288,12288,12288,12288,12288,4096,4096,6144,0
0,0,0,0,0,0,0,1015808,1867776,3178496,2129920,2129920,3178496,1605632,1015808,229376,49152,49152,49152,49152,49152,49152,16384,16384,16384,16384,16384,24576,16384,16384
0,0,0,0,0,0,0,0,126976,471040,929792,1585152,1585152,536576,798720,466944,253952,8192,24576,24576,24576,24576,24576,24576,24576,24576,24576,24576,24576,0
0,0,0,0,0,0,0,0,0,0,0,264241152,268435452,201588734,201326596,67108876,100663308,100663308,62914680,16253888,2096896,0,0,0,0,0,0,0,0,0
0,0,0,0,0,0,0,0,0,0,0,0,96,2097136,33521904,117440896,100664064,33555968,58723328,16259072,4190208,0,0,0,0,0,0,0,0,0
0,0,0,0,0,0,0,0,0,0,0,0,266338310,218103806,201326598,100663302,50331676,31457336,16746464,524032,0,0,0,0,0,0,0,0,0,0
0,0,0,0,0,0,0,0,0,0,0,1,1023,67108863,133693443,33554494,50331888,50332608,33037824,4192256,0,0,0,0,0,0,0,0,0,0
0,0,0,0,0,0,0,0,0,0,0,0,133693471,268435454,201326598,201326620,201326704,100664256,50364160,33552384,7864320,0,0,0,0,0,0,0,0,0
0,0,0,0,0,0,0,0,0,0,0,0,134217726,268435454,67108876,201326604,201326616,201326640,100663520,117440960,58722048,14695424,4192256,0,0,0,0,0,0,0
0,0,0,0,0,0,0,0,0,0,0,2,268369926,268435454,201326596,201326596,201326620,201326648,67109344,132153088,33552384,0,0,0,0,0,0,0,0,0
0,0,0,0,0,0,0,0,0,0,0,0,117440515,134217727,67108870,67108878,67108920,100663520,58736576,33550336,2031616,0,0,0,0,0,0,0,0,0
0,0,0,0,0,0,0,0,0,0,0,0,134217730,268435455,201330188,100663320,100663344,50331744,29360320,7348160,4193280,0,0,0,0,0,0,0,0,0
0,0,0,0,0,0,0,0,0,0,0,3,7,268435454,268435212,201326616,201326640,201326816,100664192,50339328,33552384,16744448,0,0,0,0,0,0,0,0
0,0,0,0,0,0,0,0,0,2,3,3,67108863,67108863,33554435,50331651,50331651,16777222,25165884,16253936,4194176,0,0,0,0,0,0,0,0,0
0,0,0,0,0,0,0,0,0,0,0,0,0,134217724,68157416,67108888,67108912,67108960,117440704,29368192,16776192,1015808,0,0,0,0,0,0,0,0
0,0,0,0,0,0,0,0,0,4096,33554424,66977816,33554440,33554440,33554456,33554456,33554456,33554448,33554448,66584592,33030160,1008,480,0,0,0,0,0,0,0
0,0,0,0,0,0,0,0,0,33553920,33554400,50331680,50331680,33554464,100663328,100663344,100663344,100663344,100663344,100663344,100663344,100663344,100665392,133697520,1920,0,0,0,0,0
0,0,0,0,0,0,0,0,67107840,134217727,67108895,67108867,67108867,67108867,67108867,67108867,67108867,67108867,67108866,67108866,67108870,67108868,67108892,133956600,262144,0,0,0,0,0
0,0,0,0,0,0,0,0,32505856,33552384,16793598,16777470,50331654,50331652,50331652,50331652,50331660,50331660,50331660,50331660,50331660,50331660,50331660,50331656,66846744,16515320,48,0,0,0
0,0,0,0,0,0,0,32752,268435448,201326616,201326616,201326616,201326616,201326616,201326616,201326600,201326600,201326600,134217736,267386888,267388808,2040,0,0,0,0,0,0,0,0
0,0,0,0,0,0,0,0,0,268435452,134218236,134217740,134217740,134217740,134217740,134217740,201326604,201326604,201326604,267419148,132128716,124,0,0,0,0,0,0,0,0
0,0,0,0,0,0,0,0,0,268435440,201327612,201326596,201326596,201326596,201326596,201326596,134217740,134217740,134217740,134217740,135268364,267915260,251658240,0,0,0,0,0,0,0
0,0,0,0,0,0,0,196608,134217472,130027516,67108876,67108872,67108872,67108872,67108872,67108888,67108888,67108888,201326616,134217752,134217752,260046968,132128752,2104320,0,0,0,0,0,0
0,0,0,0,0,0,0,0,29360128,67108860,33570814,33554436,50331660,50331656,50331656,50331656,50331656,50331656,50331656,50331656,66846728,66846728,16778232,56,0,0,0,0,0,0
0,0,0,0,0,0,0,0,0,66846720,268435440,469827576,402653198,402653190,402653188,402653188,134217740,134217736,134217736,134217752,260047096,16269296,3670016,0,0,0,0,0,0,0
0,0,0,0,0,0,0,0,268435448,536870904,402653192,402653192,402653196,402653196,402653196,402653188,402653188,402653188,402653188,402653188,402653188,402653188,402654204,199229440,266338304,0,0,0,0,0
0,0,0,0,0,0,0,134216704,134217727,67108871,67108867,67108867,67108867,67108867,67108867,67108867,67108867,67108867,67108866,67108866,67108866,117440518,66061310,1049084,0,0,0,0,0,0
0,0,0,0,0,0,229376,8905152,8806848,8908928,8810880,12983040,8265216,4144128,998400,1696768,1689088,1623552,16566256,1622528,1622528,1589760,541184,3949056,7619072,4605696,4345216,260480,127360,384
0,0,0,0,0,0,49152,253952,405504,454656,9416928,9312368,13375936,7094016,3963904,2016256,1803264,1771008,33230336,7933888,1641472,1641472,1677312,1675264,1814528,8091648,16632832,13600256,8389120,8389120
0,0,0,0,0,0,17038872,25625368,25444112,9299856,13078320,5016928,7903680,1618304,1630592,1622404,66634236,1098208,1081728,1081728,1605888,1622784,8176384,7095040,5138176,13077888,8453312,25165824,8388608,0
0,129024,199680,394784,458272,17288736,25626208,16713664,4067200,1774336,1159936,3203842,3195390,3195328,15778048,3195136,3162880,3162880,1066880,3169728,7893184,6053952,13623392,13565984,12582944,12582944,12583008,4194400,0,0
0,0,0,114688,253952,201734144,201590784,101705792,51330144,25955552,14426048,8273664,1272832,3392512,3245056,3248112,133269488,120620544,3180032,3196416,3196416,15781632,30984448,51960192,101511552,201842816,134611072,192,64,0
0,0,0,0,0,458752,1040384,778496,1990912,203186432,405807360,404775680,207681280,133807104,63803392,8853504,8787968,8523552,130419184,29755392,8849408,8849408,12781568,12786688,12721664,31601408,19030272,53633280,52347264,51347840
0,0,0,0,0,0,0,393728,493056,4507136,6579712,3667456,1996288,998400,374784,388096,314400,313312,66864896,66864640,33834496,279040,410112,419328,419328,1992192,3305216,6502784,6545792,4391040
0,0,0,0,14336,28160,115200,197376,14934272,6551808,4157208,2044720,268256,793984,8132992,8132736,530572,528632,790720,790592,921792,1970368,3346624,3256704,6349760,6324160,4194400,96,0,0
0,0,114688,483328,794624,1585168,35649584,104349280,106962880,66068224,16528896,13066752,4309504,6406656,6390272,132219888,3244992,1671936,623360,819968,8161248,29787184,25414704,8517648,24592,0,0,0,0,0
0,0,0,0,12352,129088,2300000,2358304,2329632,3611744,2045632,1024896,713472,18367232,33309680,1590264,541440,803584,1000192,1000384,4146112,3261280,6344224,4226592,32,32,0,0,0,0
0,0,0,0,0,0,2064384,7397376,4206592,13095040,14578048,149953920,207633280,73461504,116493312,60361728,26149888,25625600,17171968,17040896,520357880,50726400,17171968,25560576,12977152,4326400,6426368,15866304,14381248,26198208
0,0,0,0,0,0,0,57344,520192,792624,1702960,35650592,52170336,18628544,33436544,15884544,2343296,2327024,8356224,67043712,35717504,2163072,2195840,3244416,3179264,15763328,16309632,26015872,50847936,117440704
0,0,0,0,0,0,8392896,12595392,29372864,56635712,39874912,106978144,102816544,102799904,70355504,68226576,68881944,203034120,202245632,202113024,134217728,134217728,0,0,0,0,0,0,0,0
0,0,0,0,0,0,0,6324224,7438848,15958784,9602816,26641792,18779520,52333952,35424384,101501056,101505216,101505216,67950784,67948736,202133696,202141760,201617472,201351232,16448,96,0,0,0,0
0,0,0,0,0,0,0,0,12582912,12648448,31688192,23234048,57052672,36096768,103078656,103569664,71061888,70807936,202924160,202899648,134217792,96,0,0,0,0,0,0,0,0
0,0,0,0,0,0,0,0,0,1048576,3702784,7439872,5883392,14405376,26988288,18499840,52054400,35543424,102529408,68972672,203190496,1601760,1581120,0,0,0,0,0,0,0
0,0,0,0,0,0,0,0,1536,8392192,8425216,29460736,29464960,63166848,46323840,105304256,105140288,73683040,74215456,208433200,208154672,203960344,205000728,3670024,3145740,3145728,0,0,0,0
0,0,0,0,0,0,0,0,0,6291456,6291456,14778624,10584960,27510656,19121536,53626240,53890432,37121152,104098944,102526144,68954304,68696128,68696160,202905632,202905600,135796736,404228096,402653184,0,0
0,0,0,0,0,0,12583104,14680256,31457728,23167296,56853312,52609856,36094560,104089184,104089184,71066656,203187232,202927152,135801904,135800848,404240408,402667528,14348,6156,6148,4096,0,0,0,0
0,0,0,0,0,0,0,0,0,33024,12681984,12698496,29606528,29509312,21120704,57042496,57042016,40119392,107232288,74202160,204224528,203954200,137893912,405798924,1048588,0,0,0,0,0
0,0,0,0,0,50331648,58728448,113274880,71332608,73463680,73439104,207656064,203527360,204577984,137436224,135470144,135470176,135928928,404360224,403573792,403573808,786448,0,0,0,0,0,0,0,0
0,0,0,0,0,0,0,0,2121728,15754752,28374784,26277632,51428608,35241216,102350208,102316416,67844224,68106368,202315968,201726144,201724000,201719904,131072,0,0,0,0,0,0,0
0,0,0,0,0,0,0,0,2097152,6389760,6537600,14827968,15090112,10904512,27550528,19145280,54272608,37496416,104347168,104346656,68686880,202906672,1055792,7184,2048,0,0,0,0,0
0,0,0,0,0,0,0,0,6291456,14697216,10543872,27322240,28435584,20049088,51457216,51587264,34748480,102381632,69087296,202125408,202125344,402661408,402653184,268435456,0,0,0,0,0,0
