0,1,2,3,4,5,6,7,8,9,10,11,12,13,14,15,16,17,18,19,20,21,22,23,24,25,26,27,28,29,30,31,32
0,0,0,0,0,0,0,4128768,7962624,6389760,6324224,6324224,6324224,6324224,6340608,2146304,3244032,2031616,1835008,262144,134213632,520192,262144,262144,262144,262144,786432,1835008,1835008,1835008,786432,786432,0
0,0,0,0,0,0,0,2031616,4161536,3244032,3178496,3178496,3178496,3178496,3178496,3178496,3244032,1277952,2033664,1047552,16775168,393216,393216,393216,131072,131072,131072,917504,917504,917504,917504,917504,393216
0,0,0,0,0,0,229376,507904,942080,1585152,1060864,1060864,1056768,1597440,1597440,1032192,1016320,16776704,131072,131072,131072,131072,131072,131072,131072,131072,131072,131072,196608,196608,196608,131072,0
0,0,0,0,0,0,0,0,516096,794624,798720,1585152,1585152,1585152,1597440,1630208,901120,4653056,8388352,2096896,393216,262144,262144,262144,262144,262144,262144,262144,262144,786432,786432,262144,262144
0,0,0,0,0,0,1015808,2080768,1597440,1073152,1073152,3170304,3170304,3162112,3194880,3194880,1097728,2064384,2027520,67104768,66977792,131072,131072,131072,131072,131072,131072,131072,393216,393216,917504,917504,786432
0,0,0,0,0,491520,2080768,1622016,3162112,3162112,2113536,3162112,3162112,3194880,3194880,1097728,1605632,1605632,884736,16776704,16776704,131072,131072,131072,131072,131072,131072,393216,393216,393216,393216,393216,917504
0,0,0,0,0,0,4063232,7798784,12681216,12632064,12599296,12599296,4218880,6316032,6316032,2121728,3162112,1622016,835584,499712,67108608,200576,393216,262144,262144,262144,262144,262144,786432,786432,786432,786432,786432
0,0,0,0,0,0,0,4161536,7913472,4243456,4243456,4243456,6340608,6340608,2146304,3194880,1671168,983040,458752,134217600,131968,131072,131072,131072,131072,131072,131072,131072,131072,131072,131072,393216,393216
0,0,0,0,0,0,0,1015808,901120,1622016,1622016,1622016,1622016,1622016,1671168,1769472,983040,67106816,67106816,786432,262144,262144,262144,262144,262144,262144,262144,262144,262144,262144,262144,262144,786432
0,0,0,0,0,65536,2064384,4030464,7389184,6340608,6340608,6340608,6340608,3194880,3768320,1638400,983040,458752,33553920,396800,393216,393216,393216,393216,393216,393216,393216,393216,393216,393216,393216,393216,393216
0,0,0,0,0,0,491520,1032192,1622016,3170304,3170304,3170304,3162112,3194880,3178496,1671168,2031616,8388544,2097024,196608,196608,196608,131072,131072,131072,131072,131072,131072,131072,131072,393216,393216,393216
0,0,0,0,0,0,0,245760,516096,417792,811008,811008,802816,835584,884736,884736,458752,8387584,16775168,196608,196608,196608,196608,196608,196608,196608,196608,196608,196608,196608,458752,196608,0
0,0,0,2095104,8388352,31458176,58720448,100663392,100663344,201326640,402653208,805306380,805306380,1610612748,1610645516,1610858508,1611120652,1611104264,1611104280,805306392,805306392,805306416,402653232,201326688,201326816,100663680,50332416,25167360,12585984,14694400,3731456,2080768,0
0,0,0,261120,8388352,32506240,25166016,50331744,100663392,201326640,134217744,402653208,402653208,402653208,402653208,402751512,402882584,134447128,201326616,201326616,201326616,67108880,100663344,100663344,50331744,50331840,25166016,29361024,14681856,7867904,2096128,520192,0
0,0,0,0,0,0,1572864,33423360,126337024,235010048,402660864,805308160,805307136,805307136,805307136,805307136,806093568,807142144,807142144,805307136,268436224,402653952,134218240,201328128,100664832,50332672,50334720,25171968,12597248,6352896,3768320,2031616,917504
0,0,0,0,0,0,2096896,16776960,62914944,117440896,201326720,201326720,402653376,805306560,805306560,536871104,1611530432,1612447936,1611399360,1610612928,1610612928,1610612928,1610612864,1610613120,1610613120,1610613504,805307136,402654720,469763072,117447680,65302528,8183808,1015808
0,0,0,0,523776,2097088,7864544,14680112,25165872,50331672,50331672,100663320,67108888,201326616,201326616,134463512,134725656,134725656,134447128,201392152,201326640,201326640,100663344,100663392,33554624,50331840,16778112,25167616,12586496,15742976,8384512,98304,0
0,0,0,262016,1048512,3932256,15728736,29360160,25165856,50331696,100663344,201326640,402653232,402653232,268435504,269353008,269418544,269418544,268894256,403046448,402653280,402653280,134217920,201326784,201326976,201326976,100664064,100664064,50333184,50334720,25304064,14940160,8384512
0,0,0,0,0,523264,8261376,31457664,58720448,234881120,402653216,268435504,805306416,805306416,1610612752,1610612752,1610743824,537853968,805699600,805306384,268435504,402653232,402653216,201326688,201326784,100663680,50332416,29361664,15731712,2095104,520192,65536,0
0,0,0,28672,4193280,33425152,125829888,234881408,201326784,402653376,805306464,805306464,536870960,1610612784,1610612752,1610612752,1611005976,1611530256,1611595824,1610612768,1610612832,1610612832,1610612928,805306560,402653312,402653568,201328384,100664832,50334720,25171968,14692352,7528448,4177920
0,0,0,0,524224,2097120,7340080,29360152,117440524,234881038,402653190,805306370,536870914,536870918,805306374,805371910,805502982,805765124,805502988,805371916,805306392,805306392,805306384,268435504,402653280,402653376,201326976,201327360,117442048,62917632,16259072,2076672,253952
0,0,0,0,0,0,4193792,33554304,58720640,100663488,201326784,402653376,402653376,805306432,805306432,1610612832,1610874976,1075576928,3223060576,3221225568,3221225664,3221225664,3221225856,1610613504,1610614272,805307904,805309440,402659328,201340928,100691968,51372032,33521664,15728640
0,0,0,0,67092480,536868864,402660864,805308160,536871296,1610612928,1610612800,1610612832,1610612832,1073741920,1073872992,1074659424,1612578912,1611530336,1611530336,536871104,805306560,805306496,402653568,402653568,134218496,201328128,201330176,67116032,100677632,100691968,50388992,16875520,25624576
0,0,0,0,0,0,0,0,0,16711680,66052096,117469184,100669440,201329664,134221312,402654720,402653952,404488960,404488448,404488448,201326848,201327360,100664064,50333184,50334720,25171968,12595200,4218880,6340608,3637248,4063232,1572864,0
0,0,0,0,0,0,0,4128768,33284096,117504000,268434944,536348416,805306752,1610620864,4294967232,4294934592,2147483712,2147483712,3221226464,4294967232,2147483840,2147483840,3221225600,3221225856,1879310208,2147483520,805309952,402659328,201355264,205578240,107053056,57081856,33423360
0,0,0,0,0,0,0,917504,2088960,7370752,29424640,134217216,251396864,402653568,402654176,268451776,805829696,1073709248,1065353408,805306496,805306496,805308288,805322624,1073738112,268436224,268436992,402656256,402667520,402714624,536862720,268419072,201523200,102629376
0,0,0,0,262080,2097144,16252956,33554428,134217702,234881027,402653187,805306371,1073741823,536870913,1610612737,1610612737,1610612737,2147483647,1879048163,1610612739,1610612738,1610612742,2145386500,939520252,805568504,402653232,201326704,117440992,67108736,16317440,3932160,0,0
0,0,32512,262080,1015920,3932220,8388366,33554431,58720257,117440513,133693441,218103553,201359359,134217759,234881025,264241153,150863873,135265281,134250467,134217983,134217734,266338310,268402700,134479864,134221808,267911360,201320320,134348288,201390080,252166144,134086656,29360128,0
0,0,0,0,0,0,0,0,4186112,7354368,16776192,33553920,50333184,100664064,67174272,268435328,267387264,201326784,201326656,201326656,201588672,268435392,266338496,201327488,67116800,100726784,58974208,33488896,16252928,3145728,0,0,0
0,0,14336,1048320,4065216,16777184,66977888,117440560,201326608,402751480,822083576,1072693272,771751944,536870936,536872952,536936424,538963976,603717640,1056964616,939524120,805306392,402653680,402784240,203421744,268173408,130023616,100663488,52429184,27266816,28442112,16760832,3932160,0
0,0,0,0,0,0,0,0,4193792,32506624,58720640,133169344,268435392,201391968,201326624,402653232,528482352,268435448,135266296,134217752,134217776,268435296,268435440,201326784,201326976,201327360,100665088,134217216,67107840,25958400,15495168,8183808,491520
0,0,0,0,7680,261888,1016288,4194272,16769072,25165872,25165872,67108860,58720248,33554456,100663320,100663320,134217720,134217720,67108888,67108888,67108912,67108912,134217696,134217312,100663488,100663680,58721024,67108352,33541120,12613632,6348800,4161536,393216
0,0,0,14336,524032,4129664,7471072,33554416,66060312,50331676,100665340,67633030,268419078,465567746,402653187,268435487,268439551,536870785,402653185,402653187,402653187,201326598,201326604,100925432,134217712,50331872,25166720,15212288,8386560,516096,0,0,0
0,0,0,0,0,2096128,8130048,29360896,134217664,251658080,402653232,402653208,1073741816,1073741820,536870924,536870918,536870918,536879102,2147483646,536870918,805306380,805306380,805306392,1073741816,536870896,268435680,402654080,402657024,268434432,268427264,102727680,133955584,29360128
0,0,0,0,0,0,2097136,8126512,12582928,67108848,67108856,100663320,100663320,125829144,234881016,201457656,134217752,402653208,402653200,536608816,536870908,402653280,402653280,402653376,402653568,402653952,268434944,134216704,117454848,25194496,12640256,7831552,4128768
0,0,0,0,0,520192,2045952,7343616,29361920,251658720,503316448,2147479584,1073741872,3221225520,3221225520,3221225520,4294967264,4294967264,3221225568,3221225536,3221225536,1073742016,2147483616,1610613120,1610613120,1610613504,536871680,805307904,1073221120,536869888,201587712,235003904,117932032
2096128,16777088,30936560,51121208,101062670,201732103,201535491,402874369,268525569,805421056,805339136,805306368,1040187392,931135491,836763663,808976445,807149553,272400131,301006723,394265571,469762166,402710654,402780188,402862104,135141424,203167840,204475840,123735808,130031104,58784768,67092480,8257536,0
0,0,0,0,2064384,16773120,30947328,51916544,51127168,101081280,101081184,201474144,201572448,201572384,503414832,520192240,432014320,410009136,519077424,532684784,469762288,402915376,403570736,403570736,403374176,203096288,204931520,103220096,56821248,63052800,16775168,4161536,0
0,0,0,122880,8388096,16523136,25694688,51122288,51130384,100937756,101081116,101072952,67354728,201425096,251658632,267912968,205274632,205273112,217063384,264241656,234881048,201326608,134217776,134611040,134676704,202211776,202163072,202958336,103840768,56637440,32534528,30982144,8355840
0,0,0,519168,932864,1580032,8134400,15086464,29581504,50446432,100696160,100663344,100663408,117440720,132120984,108528408,102499864,102636568,37232632,56624120,62914584,25178160,25196592,8444016,12635360,12689280,6519808,3858432,2064384,393216,0,0,0
0,0,0,0,0,0,0,2064384,8253440,29424640,54578688,106989056,204571136,404423424,404685568,268830464,503324416,528511744,300008192,409072384,417398528,192939776,251659008,201392640,100861440,101680640,54103040,32561152,12644352,13754368,8355840,1835008,0
0,0,0,0,0,16384,1032192,16775168,133283328,104006400,203096448,136183936,403440576,403443392,805320800,1006694496,1057087520,870382640,808456112,808452560,821035248,868220976,1057226768,1007550512,807272672,405930880,410191360,216210432,214022144,125886464,50577408,25624576,16515072
0,0,0,0,130048,2080256,4076416,8151488,13393984,25477344,50823600,235111216,201526832,201333784,201355288,251682840,268187672,203300360,204474248,216006888,126025848,117669912,100892688,100843568,101105696,101081312,34365888,51143552,51920384,33552384,16744448,0,0
0,0,0,0,253952,7335936,3947520,15742464,26751744,51929472,101474496,101498944,201637984,201818144,201785584,201523696,235013040,260048400,216008208,74974224,67897336,108791804,132120592,117452816,100694032,100718640,33655008,33755008,33955584,50756608,59760640,33423360,12582912
0,0,0,1044480,8388096,65562368,126640512,201769152,403144928,402751712,268435888,805307152,805307928,1040190488,796923928,566243336,549478412,599834636,654540812,738459148,939655160,1879048318,4028104752,4030202080,812122560,416024320,416038400,227012608,129990656,32505856,32505856,0,0
0,0,0,0,0,0,0,0,8386560,15834112,60917248,120686080,204538624,405995776,403833216,807272832,807142272,1040977536,931138752,283121856,408973504,417365696,163581888,251757440,100909952,50841344,26109440,14187520,16283648,3698688,2088960,196608,0
0,0,0,0,0,4193280,16776960,26742528,51906944,101456064,201593024,403058784,402858080,469885024,385991136,331452320,418421808,406597680,203325232,217612272,96469104,125829168,100859952,50823264,17268928,26001792,14181120,15760896,7927808,4161536,1966080,0,0
0,0,0,0,0,0,0,261120,986880,3935680,16259296,64501808,117993496,202227736,135200776,135135292,134218236,260048772,200281604,137891836,217055292,230686732,251658252,100712456,100917272,33775672,50733296,51130816,25965312,30940928,16776192,4190208,0
0,0,0,0,0,0,0,0,0,0,0,2097152,67108352,253886336,1043333600,1714421872,1680867352,1680867352,607125528,875560968,338690060,472907788,236978200,241172504,104857648,121634912,132120768,8356224,1046272,32256,0,0,0
0,0,0,0,0,0,0,0,0,131008,1048288,4030512,32505904,64487448,253231112,520617992,453509128,319291400,856424472,822870064,957087840,495714496,126354304,67108608,4193280,0,0,0,0,0,0,0,0
0,0,0,0,0,0,0,0,0,0,0,8388592,66076664,262144014,422576134,858783747,1714421763,1276116993,3423600641,3624927233,3625451521,3625451523,1477967886,2081947676,1008205880,267911392,67108800,1572864,1048576,0,0,0,0
0,0,0,0,0,0,0,0,0,0,2097136,8126968,30146584,265027596,495714316,831258630,1661730822,3272343554,3255566338,2248933382,2248933388,3322675228,1711800344,991428720,521667040,131604352,16776192,0,0,0,0,0,0
0,0,0,0,0,0,0,0,0,0,0,0,4194240,16719600,133175344,530055216,832045104,588775472,857210928,840433712,437780528,236454880,134217664,67100672,18874368,0,0,0,0,0,0,0,0
0,0,0,0,0,0,0,0,0,0,261888,2096896,16260608,64495488,51904960,102236400,236453944,236453912,504889368,337117200,875561008,875561072,878707168,1029702528,264244736,134215680,16760832,0,0,0,0,0,0
0,0,0,0,0,0,0,0,0,2040,1048568,16711710,30146567,118226947,470548483,1007419395,2081161219,3423338498,2349596678,2349596678,2349596684,3423338508,3825729548,1041760312,536870896,37748480,0,0,0,0,0,0,0
0,0,0,0,0,0,0,0,0,0,0,2031616,16773120,63716352,126617344,218366400,453378160,319160444,839254023,839254019,839254019,570818566,570818588,856031480,453251008,251984896,67100672,0,0,0,0,0,0
0,0,0,0,0,0,0,0,0,0,0,4161536,33554176,126878688,521666812,1058537502,639107078,739770374,1813512198,1813512198,739770380,1008205944,471335904,268435328,33550336,0,0,0,0,0,0,0,0
0,0,0,0,0,0,0,0,0,0,0,4194048,33554368,267911392,433586288,295174268,857210894,1645740038,1644691462,1644691462,1645740046,840433724,991429112,536870848,67106816,0,0,0,0,0,0,0,0
0,0,0,0,0,0,0,0,0,0,0,8388544,133956088,260440124,520486924,856031238,1644560390,1107689474,1644560386,906362882,923140098,520486918,117833758,65798648,16777152,522240,0,0,0,0,0,0,0
0,0,0,0,0,0,0,0,65152,524284,4063484,32505884,128974854,252706819,454557699,840433667,840433667,571998211,840433667,840433667,303562755,454557699,185597966,254804092,120587248,67108736,4192256,0,0,0,0,0,0
0,0,3670016,8257536,13041664,8585216,98304,98304,32768,32768,49152,49152,315392,454656,454656,188416,253952,114688,114688,32768,35840,34816,38912,1617920,831488,434176,516096,253952,114688,114688,114688,0,0
0,491520,2064384,3719168,6340608,4243456,17920,19968,27648,227328,225280,122880,122880,57536,25024,25472,26368,26112,27648,813056,489472,260096,126976,61440,24576,24576,8192,8192,0,0,0,0,0
0,0,0,0,0,0,0,0,0,786432,3932160,14942208,12845056,12976128,393216,393216,417792,6742016,6733824,3637248,3604480,1966080,1966080,393216,405504,417792,6701056,6733824,3571712,1540096,2031616,917504,917504
0,0,0,0,0,0,393216,983040,851968,1638400,3211264,3211264,2162688,77824,1662976,1687552,884736,458752,196608,65536,65536,66560,592896,858112,866304,880640,352256,507904,491520,229376,65536,0,0
0,0,0,0,0,491520,1998848,3719168,3194880,49152,49152,50688,52736,186368,258048,258048,122880,49152,49152,49152,49408,835840,443136,443136,247296,252928,129024,57344,0,0,0,0,0
0,0,0,0,0,0,0,0,507904,507904,16384,16384,16384,280064,411136,216064,96256,122880,49152,803584,804352,412672,220160,227328,122880,57344,24576,57344,57344,16384,0,0,0
0,0,0,0,0,0,0,983040,2031616,3211264,65536,98304,101376,105472,897024,909312,901120,491520,229376,229376,98304,98304,98304,98304,3244032,3774464,1677312,897024,909312,507904,229376,98304,98304
0,0,0,0,0,0,0,0,917504,3866624,3211264,65536,98304,98304,98304,98304,32768,32768,32768,35840,39936,309248,454656,253952,229888,1869312,822272,448512,520192,245760,0,0,0
0,0,0,0,0,0,1032192,1859584,3682304,3158016,12288,4096,4096,4096,4096,5632,103936,64512,30976,4352,4352,4864,201472,201216,103936,105984,56320,31744,2048,0,0,0,0
0,0,0,0,0,0,0,0,0,0,1835008,3538944,3538944,3342336,65536,98304,98304,100352,104448,47104,847872,450560,442368,245760,98304,98304,1671168,887808,887808,366592,389120,516096,458752
0,0,0,0,0,1835008,1966080,1179648,196608,196608,196608,196608,208896,3371008,1794048,1032192,1015808,491520,196608,199680,203776,210944,6500352,3366912,3358720,1818624,1802240,983040,458752,196608,0,0,0
0,0,0,0,0,917504,1769472,3342336,3342336,196608,196608,199680,202752,3371008,1826816,1818624,1015808,458752,458752,197120,198144,199680,2299904,3354624,1794048,1032192,491520,458752,196608,65536,0,0,0
0,0,0,0,0,0,0,0,0,25165824,12582912,6291456,3151872,1585152,1585152,1597440,835584,884736,458752,393216,1966080,3866624,6488064,6356992,12681216,12681216,12648448,12779520,4587520,8126464,3670016,0,0
0,0,0,0,0,0,1835392,918272,460544,101888,55296,61440,24576,61440,110592,208896,405504,405504,790528,528384,1576960,1576960,1585152,1585152,798720,471040,253952,0,0,0,0,0,0
0,0,0,0,0,0,12583936,6294528,7346176,3158016,1597440,835584,884736,458752,458752,983040,1933312,1671168,3194880,2146304,2113536,6316032,6316032,6316032,6307840,6307840,6406144,3637248,1966080,0,0,0,0
0,0,0,0,25165824,29360128,7340160,3932544,919296,203776,112640,61440,57344,114688,221184,221184,417792,811008,1597440,3170304,3153920,6299648,6299648,4202496,4202496,4218880,6340608,6406144,4161536,2031616,0,0,0
0,0,0,0,0,0,2097152,3145728,3671552,793600,407552,253952,114688,229376,1015808,1933312,3178496,3178496,6324224,6340608,6340608,6340608,6340608,6340608,6324224,3637248,4128768,0,0,0,0,0,0
0,0,0,0,0,0,8388608,14680064,7343104,1849344,946176,442368,229376,491520,1015808,1884160,3194880,6307840,12607488,12607488,12607488,12607488,4202496,6299648,7348224,3694592,1040384,458752,0,0,0,0,0
0,4194304,7340032,1835104,983232,115072,50944,26112,11264,14336,12288,28672,55296,104448,198656,396288,396288,789504,787456,525824,1574400,1574400,1574400,525824,787968,1047552,522240,0,0,0,0,0,0
0,0,0,0,0,0,0,0,0,64,58720448,31458176,3671808,920576,243712,126976,57344,241664,464896,923648,1837056,3673088,3148800,6292480,6292480,4195328,6292480,6294528,3148800,1849344,1044480,245760,0
0,0,0,4194304,6291968,3147264,1580032,800768,417792,245760,98304,229376,442368,811008,1597440,1585152,1060864,1054720,1054720,1054720,1050624,1574912,1574912,1579008,1587200,2088960,1015808,0,0,0,0,0,0
0,0,0,25165824,14680256,3670912,790272,473088,258048,114688,245760,483328,1859584,3682304,6297600,12589056,8391680,25168896,16780288,16778240,16778752,25167360,12585984,6297600,4059136,1040384,0,0,0,0,0,0,0
0,0,0,0,25165824,14680064,7340032,3670272,787200,394752,203776,112640,122880,49152,245760,942080,1859584,3158016,6303744,6295552,12589056,8394752,12589056,12587008,12595200,6320128,3203072,2080768,983040,0,0,0,0
0,0,0,0,0,2097248,3670240,917952,459648,99840,52224,30720,28672,61440,110592,471040,929792,1585152,3158016,3158016,6303744,6303744,6303744,6303744,6316032,6316032,3391488,2064384,0,0,0,0,0
0,0,0,0,114688,245760,1032192,1884160,3719168,3194880,3162112,1589248,1589248,802816,475136,253952,24576,24576,24576,24576,8192,8192,8192,8192,8192,8192,8192,8192,8192,8192,8192,24576,12288
0,0,0,0,0,0,0,0,0,8355840,14712832,12615680,25198592,50364416,50364416,25198592,12615680,6324224,4177920,2080768,32768,49152,49152,49152,49152,49152,49152,49152,49152,49152,49152,49152,0
0,0,0,0,0,0,0,0,0,8323072,14745600,12681216,25264128,25264128,25264128,12681216,7438336,4161536,491520,98304,98304,98304,98304,98304,98304,98304,98304,98304,98304,98304,98304,32768,0
0,49152,2080768,3719168,7389184,6340608,6307840,2113536,3162112,1589248,933888,475136,122880,24576,24576,24576,24576,24576,24576,24576,24576,24576,24576,24576,24576,24576,24576,24576,0,0,0,0,0
0,0,0,0,0,0,16384,114688,507904,933888,802816,802816,548864,548864,548864,811008,516096,253952,24576,8192,8192,8192,8192,12288,12288,12288,12288,12288,12288,4096,4096,14336,6144
0,0,0,0,0,0,65536,491520,884736,622592,1671168,1671168,1671168,622592,884736,491520,229376,32768,32768,49152,49152,49152,49152,49152,49152,49152,49152,16384,16384,16384,49152,16384,0
0,0,0,0,0,0,0,0,98304,491520,1015808,1671168,1671168,3244032,3244032,3244032,1671168,884736,491520,98304,32768,32768,32768,32768,32768,32768,32768,32768,32768,32768,32768,98304,98304
0,0,0,0,0,196608,491520,819200,819200,819200,835584,835584,835584,835584,507904,245760,49152,16384,16384,16384,16384,16384,16384,16384,16384,16384,16384,24576,24576,24576,24576,0,0
0,0,98304,1015808,622592,1671168,1671168,1146880,3244032,3244032,1605632,819200,491520,98304,32768,49152,49152,49152,49152,49152,49152,49152,49152,16384,16384,16384,16384,49152,16384,0,0,0,0
0,0,0,0,0,0,229376,491520,835584,1622016,3194880,3194880,1622016,1622016,1884160,966656,507904,49152,16384,24576,24576,24576,24576,24576,24576,24576,24576,24576,24576,24576,24576,8192,0
0,0,0,0,0,0,0,1966080,4128768,6488064,12779520,8585216,8585216,12779520,12779520,8060928,2031616,196608,196608,196608,65536,65536,65536,65536,98304,98304,98304,98304,98304,98304,98304,98304,98304
0,0,0,0,0,0,0,0,0,516096,1859584,3694592,6316032,6307840,6307840,3162112,3719168,2015232,507904,49152,49152,32768,32768,32768,32768,32768,32768,32768,32768,32768,32768,32768,0
0,0,0,0,0,0,0,0,0,0,0,0,2113929216,2147483644,1614807036,1610612740,1610612748,805306380,805306380,402653212,251658744,66064320,8388096,0,0,0,0,0,0,0,0,0,0
0,0,0,0,0,0,0,0,0,0,0,0,0,96,2097120,134217712,528482688,402653952,402656768,402660352,234895360,133197824,16760832,0,0,0,0,0,0,0,0,0,0
0,0,0,0,0,0,0,0,0,0,0,0,0,2130706438,2147483646,1614807038,805306374,402653196,469762072,130023664,33525696,1048064,0,0,0,0,0,0,0,0,0,0,0
0,0,0,0,0,0,0,0,0,0,0,0,1,255,8388607,1073725443,268435470,402653308,402654176,234884864,133233664,16773120,0,0,0,0,0,0,0,0,0,0,0
0,0,0,0,0,0,0,0,0,0,0,0,0,59,2147483646,1612709886,1610612764,1610612856,805306848,939528064,470023168,134209536,65011712,0,0,0,0,0,0,0,0,0,0
0,0,0,0,0,0,0,0,0,0,0,0,0,0,1073741822,536870924,536870924,536870936,536870960,805306464,805306816,402654080,234884608,125860864,33550336,4128768,0,0,0,0,0,0,0
0,0,0,0,0,0,0,0,0,0,0,0,2,1071644678,2147483646,1610874876,1610612748,1610612748,1610612792,536871152,805308352,536870400,134213632,0,0,0,0,0,0,0,0,0,0
0,0,0,0,0,0,0,0,0,0,0,0,0,805306368,1073741823,822083582,805306382,805306396,805306480,939526080,520159104,134201344,16515072,0,0,0,0,0,0,0,0,0,0
0,0,0,0,0,0,0,0,0,0,0,0,0,1073741824,2147483647,2147483646,805306392,805306416,402653280,201326688,117441472,29392768,16775168,0,0,0,0,0,0,0,0,0,0
0,0,0,0,0,0,0,0,0,0,0,0,2,3,939525118,2147483644,1610612760,1610612784,1610612960,805306816,805310208,402668544,268431360,67043328,0,0,0,0,0,0,0,0,0
0,0,0,0,0,0,0,0,0,0,2,3,3,536870407,536870911,402653187,402653187,402653187,201326595,201326606,251658360,65015776,16777088,507904,0,0,0,0,0,0,0,0,0
0,0,0,0,0,0,0,0,0,0,0,0,0,0,1072697336,1073741816,805306392,805306416,805306464,805306560,469762432,234913536,67106816,8323072,0,0,0,0,0,0,0,0,0
0,0,0,0,0,0,0,0,0,0,32704,268435440,536608824,402653208,402653208,402653208,402653208,402653200,402653200,402653232,402653232,534773808,266338352,2032,2016,0,0,0,0,0,0,0,0
0,0,0,0,0,0,0,0,0,0,268434432,268435392,201326816,402653280,402653280,805306464,805306464,805306400,805306400,805306400,805306400,805306400,805306400,805306400,805310496,1071652832,8128,0,0,0,0,0,0
0,0,0,0,0,0,0,0,0,1073741568,1073741823,805306431,805306371,805306371,805306371,805306371,805306371,805306371,805306370,805306370,805306370,805306374,805306374,805306380,805306380,1072695288,1072695264,0,0,0,0,0,0
0,0,0,0,0,0,0,0,0,267911168,268431360,201359358,201327102,134217734,134217732,134217740,134217740,134217740,134217736,134217736,402653192,402653192,402653192,402653192,402653192,134217752,267386904,267387088,240,0,0,0,0
0,0,0,0,0,0,0,0,536870896,2147483632,1610612760,1610612760,1610612760,1610612760,1610612752,536870936,1610612760,1610612760,1610612760,1610612760,1610612760,2143289368,1069551512,4088,48,0,0,0,0,0,0,0,0
0,0,0,0,0,0,0,0,0,2147475456,2147483640,1610613240,1610612744,1610612744,1610612744,1610612744,1610612744,1610612744,1610612744,1610612744,1610612744,1069612040,528498632,504,0,0,0,0,0,0,0,0,0
0,0,0,0,0,0,0,0,0,1048576,1073741792,1610614780,1610612748,1610612748,1610612748,1610612748,1610612748,1610612748,1610612748,1610612748,1610612748,1610612744,1614811144,2145394680,2130706432,0,0,0,0,0,0,0,0
0,0,0,0,0,0,0,0,4128768,1073741816,1040195580,536870924,536870920,536870936,536870936,536870936,805306392,805306392,805306384,536870928,1610612752,1610612760,1610612760,1879048248,2139127792,25181184,0,0,0,0,0,0,0
0,0,0,0,0,0,0,0,0,268369920,536870908,402685948,402653196,402653192,134217752,134217752,134217752,134217752,134217752,134217752,134217752,134217752,200278040,267386904,201328632,1016,0,0,0,0,0,0,0
0,0,0,0,0,0,0,0,0,0,535822336,1073741792,3758358520,3221225502,3221225478,3221225476,3221225484,3221225484,1073741848,1073741848,1073741848,1610612760,2113929720,266403824,14696448,0,0,0,0,0,0,0,0
0,0,0,0,0,0,0,0,0,2147483640,4294967288,3221225496,3221225496,3221225480,3221225484,3221225484,3221225484,3221225484,3221225484,3221225484,3221225484,3221225484,3221225484,3221225484,3221227516,3338666496,2139095040,536870912,0,0,0,0,0
0,0,0,0,0,0,0,0,1073741312,1073741823,536870913,536870915,536870915,536870915,536870914,536870914,536870914,536870914,536870914,536870914,536870918,536870918,536870918,939524102,532678654,62915582,0,0,0,0,0,0,0
0,0,0,0,0,0,0,983040,35619712,102679424,102744448,102294272,51930880,28851712,16545792,8157184,6739968,6719488,6523904,40046176,66260960,6358016,6390784,6390784,6391296,7439872,32605696,18449920,52010752,1030912,1045248,377600,768
0,0,0,0,0,0,0,491520,966656,1589248,1818624,104816864,104603744,53490112,61898624,33094656,16488448,7276544,7211008,141298688,266607616,31866752,6690816,6690816,6696960,6709248,6709248,7266304,33028096,53975040,104729600,100666368,67111936
0,0,0,0,0,0,260096,68156440,68687376,101842480,104845104,52305504,54213344,31667136,14902016,6537984,4424448,536052540,534971388,4391680,4391680,4391680,6488832,6489600,32572928,32605696,53579264,54300416,101710720,100790720,100663296,67108864,0
0,520192,800768,789504,1633376,1833056,202251360,119278816,66854784,8140288,7235072,4638208,12813824,12813054,12813304,63111680,130089472,12682752,12682752,12684800,12689152,12695936,31580288,57786560,53969088,54394944,50331712,50331712,50331712,50331840,224,0,0
0,0,0,0,491520,537714688,1612214272,806981760,943706304,205027520,103823808,57704320,33086976,7133184,13473792,13043712,13043712,130162672,1069681664,549653504,12782592,12782592,12651520,62987776,121707008,207696640,405889792,809484544,1612677504,384,128,0,0
0,0,0,0,0,0,2064384,3653632,7324416,7914240,1626391040,1086374400,1099023872,1635995136,1071873024,527855616,36986880,102510592,102512640,369631072,1042027488,119279616,102502400,102502400,34353152,51132416,118258688,118253056,227328512,210551552,217678592,142312192,203358976
0,0,0,0,0,0,0,0,1838080,2034688,51612672,26840064,31443968,16632832,8157184,1503232,1503232,1284096,1284576,1150912,535923712,535923712,1149952,1674240,1674240,1608704,1608704,7900160,16621056,9286400,26010368,17793792,17564032
0,0,0,0,24576,63488,232448,460288,17696256,51364352,26213120,16711472,8179568,1077216,3178368,15743744,32518400,3154316,3170812,3170800,3170432,3170432,3694720,7889024,13394304,13001088,25379584,25296768,16841920,16777408,192,0,0
0,0,196608,2064384,3719168,3203072,7331888,285208688,836795584,427833216,534806272,66612224,52216832,50824704,50791936,25363968,1065485920,532809696,12715520,6424064,2229760,7538432,66785248,119212128,101652512,101183536,254000,48,0,0,0,0,0
0,0,0,0,0,254080,504000,9236672,26212448,9386080,14448832,8154560,4116224,4163072,6391296,267487104,66160632,6391320,2196992,3245568,1934848,8226688,16746176,13076192,25363552,16907360,49248,96,96,0,0,0,0
0,0,0,0,0,0,8126464,16711680,25280512,50356224,52420864,58245504,1136687360,1635840768,855760384,868457472,442898432,238295040,71043072,203163648,202902528,202902528,2081951736,2081951216,202902528,101190656,101189632,50857984,17570816,25968384,63726464,107856000,205488256
0,0,0,0,0,0,0,0,245760,2088992,3158064,6813792,411035744,410532960,208699328,251195264,132957696,9274112,9372528,9372656,66454272,536085248,143000320,8782592,8782592,12714752,12781056,12783360,65215232,108097920,205119872,403669376,939524480
0,0,0,0,0,0,0,33579392,117465472,218129344,427877312,427860672,427927104,293680704,813905504,813839456,818297904,541334576,543955992,544742424,1614284800,1611661312,1610612736,1073741824,0,0,0,0,0,0,0,0,0
0,0,0,0,0,0,0,25165824,25362432,63374336,47123968,105844480,72026880,209394432,142285568,410718464,410202496,271790464,808530304,808530304,808525952,540106880,540139648,1613881472,1611776128,1610727616,536903872,192,64,0,0,0,0
0,0,0,0,0,0,0,0,0,50331648,117833728,219024384,227216384,161160192,429596160,429471232,280080896,816964352,821158656,820101376,551600512,1616904576,1073742016,192,64,0,0,0,0,0,0,0,0
0,0,0,0,0,0,0,0,0,0,12582912,14811136,29821952,57084928,57089536,107814400,74289664,208515840,410628864,410628864,813211904,812704128,1618010560,543211968,6340800,0,0,0,0,0,0,0,0
0,0,0,0,0,0,0,0,3072,7168,33562112,100802048,101134848,235352832,252654336,453976320,454631808,320462976,823779520,823255232,565239904,1638981728,1637933104,1637900336,551575576,14680088,12582920,12582920,12582912,0,0,0,0
0,0,0,0,0,0,0,0,0,0,25165824,58851328,59179776,126289664,126291712,210571008,210606848,147429632,416913664,416848128,416323968,821088640,812699776,812708032,811626688,543191136,1616916480,1616916480,1080045568,1077936128,1073741824,0,0
0,0,0,0,0,0,16777344,50332032,117440896,92406720,226886592,227477184,428803776,412681408,412716224,282168384,821136448,821069920,552638560,1616959584,1616957488,1080086576,3227578384,3223351320,3221254152,28684,24588,8192,0,0,0,0,0
0,0,0,0,0,0,0,0,0,0,197120,50792192,117901056,118293760,84774272,218729856,219712640,421039296,429447360,428922976,831543392,833648672,565211184,1637904432,1625305112,1088430104,1086324748,12,0,0,0,0,0
0,0,0,0,0,0,503332864,503365632,855688704,855762688,822177536,562261248,562260352,1619159424,1619425664,1623603328,1623472320,1623996608,1078736960,1080834144,3228055648,3224901728,3224899632,3145776,0,0,0,0,0,0,0,0,0
0,0,0,0,0,0,0,0,16384,25216000,63032320,113364480,214126080,205740544,409099008,409361152,275149568,812019968,807694720,809267584,540831872,1612472512,1612193984,1612185696,524288,0,0,0,0,0,0,0,0
0,0,0,0,0,0,0,0,0,25165824,25624576,26018560,59605888,59343744,110724736,110659200,210814656,212911296,418434240,418401344,283135072,820013152,820017248,1625323616,543176736,14384,12288,4096,0,0,0,0,0
0,0,0,0,0,0,0,0,0,58720256,58820096,109152000,109285120,79857920,214358400,214358400,415551872,407695488,407695488,812183744,813228224,1614340288,1613815904,1075855456,3221225472,2147483648,0,0,0,0,0,0,0
